Car_Number,Arrive,Depart,Wait,Direction
3,0,0,0,E
4,0,0,0,W
5,39,40,1,W
6,48,50,2,E
1,0,60,60,N
2,0,60,60,S
7,66,70,4,S
10,102,105,3,N
9,96,120,24,E
8,78,120,42,W
11,117,125,8,W
13,144,145,1,E
14,156,160,4,W
12,132,180,48,S
17,198,200,2,S
18,204,205,1,N
15,192,240,48,E
16,195,240,45,W
20,240,245,5,E
19,234,245,11,W
22,273,275,2,W
23,288,290,2,E
21,264,300,36,S
24,306,310,4,N
26,330,330,0,S
27,336,360,24,E
25,312,360,48,W
28,351,365,14,W
29,384,385,1,E
30,390,390,0,W
32,408,420,12,N
31,396,420,24,S
35,462,465,3,S
34,432,480,48,E
33,429,480,51,W
37,480,485,5,E
36,468,485,17,W
38,507,510,3,W
41,528,530,2,E
39,510,540,30,N
40,528,540,12,S
45,594,595,1,S
43,576,600,24,E
42,546,600,54,W
44,585,605,20,W
47,624,625,1,E
48,624,625,1,W
46,612,660,48,N
49,660,660,0,S
53,714,715,1,N
51,672,720,48,E
50,663,720,57,W
54,720,725,5,E
52,702,725,23,W
56,741,745,4,W
57,768,770,2,E
55,726,780,54,S
59,792,795,3,S
60,816,820,4,N
61,816,840,24,E
58,780,840,60,W
62,819,845,26,W
64,858,860,2,W
65,864,865,1,E
63,858,900,42,S
68,918,920,2,N
69,924,925,1,S
67,912,960,48,E
66,897,960,63,W
71,960,965,5,E
70,936,965,29,W
72,975,975,0,W
74,1008,1010,2,E
75,1014,1015,1,W
76,1020,1020,0,N
73,990,1020,30,S
78,1056,1060,4,S
79,1056,1080,24,E
77,1053,1080,27,W
80,1092,1095,3,W
81,1104,1105,1,E
84,1131,1135,4,W
82,1122,1140,18,N
83,1122,1140,18,S
87,1188,1190,2,S
85,1152,1200,48,E
86,1170,1200,30,W
88,1200,1205,5,E
89,1209,1210,1,W
91,1248,1250,2,E
92,1248,1250,2,W
90,1224,1260,36,N
93,1254,1260,6,S
95,1296,1320,24,E
94,1287,1320,33,W
98,1326,1330,4,W
99,1344,1345,1,E
100,1365,1365,0,W
97,1326,1380,54,N
96,1320,1380,60,S
101,1386,1390,4,S
104,1428,1430,2,N
102,1392,1440,48,E
103,1404,1440,36,W
105,1440,1445,5,E
106,1443,1445,2,W
108,1482,1485,3,W
109,1488,1490,2,E
107,1452,1500,48,S
110,1518,1520,2,S
112,1530,1530,0,N
113,1536,1560,24,E
111,1521,1560,39,W
114,1560,1565,5,W
116,1584,1585,1,E
117,1599,1600,1,W
115,1584,1620,36,S
118,1632,1635,3,N
121,1650,1650,0,S
119,1632,1680,48,E
120,1638,1680,42,W
123,1680,1685,5,E
122,1677,1685,8,W
125,1716,1720,4,W
126,1728,1730,2,E
127,1734,1740,6,N
124,1716,1740,24,S
130,1782,1785,3,S
129,1776,1800,24,E
128,1755,1800,45,W
131,1794,1805,11,W
132,1824,1825,1,E
133,1833,1835,2,W
134,1836,1860,24,N
135,1848,1860,12,S
139,1914,1915,1,S
136,1872,1920,48,E
137,1872,1920,48,W
140,1920,1925,5,E
138,1911,1925,14,W
142,1950,1950,0,W
143,1968,1970,2,E
141,1938,1980,42,N
144,1980,1980,0,S
146,2016,2040,24,E
145,1989,2040,51,W
147,2028,2045,17,W
150,2064,2065,1,E
151,2067,2070,3,W
148,2040,2100,60,N
149,2046,2100,54,S
153,2112,2115,3,S
155,2142,2145,3,N
154,2112,2160,48,E
152,2106,2160,54,W
157,2160,2165,5,E
156,2145,2165,20,W
159,2184,2185,1,W
160,2208,2210,2,E
158,2178,2220,42,S
162,2244,2245,1,N
163,2244,2245,1,S
164,2256,2280,24,E
161,2223,2280,57,W
165,2262,2285,23,W
167,2304,2305,1,E
166,2301,2305,4,W
168,2310,2340,30,S
170,2346,2350,4,N
172,2376,2380,4,S
171,2352,2400,48,E
169,2340,2400,60,W
174,2400,2405,5,E
173,2379,2405,26,W
175,2418,2420,2,W
178,2448,2450,2,E
177,2448,2460,12,N
176,2442,2460,18,S
182,2508,2510,2,S
180,2496,2520,24,E
179,2457,2520,63,W
181,2496,2525,29,W
183,2535,2535,0,W
184,2544,2545,1,E
187,2574,2575,1,W
185,2550,2580,30,N
186,2574,2580,6,S
188,2592,2640,48,E
189,2613,2640,27,W
191,2640,2645,5,E
193,2652,2655,3,W
194,2688,2690,2,E
195,2691,2695,4,W
192,2652,2700,48,N
190,2640,2700,60,S
196,2706,2710,4,S
199,2754,2755,1,N
198,2736,2760,24,E
197,2730,2760,30,W
200,2769,2770,1,W
202,2784,2785,1,E
203,2808,2810,2,W
201,2772,2820,48,S
205,2838,2840,2,S
207,2856,2860,4,N
204,2832,2880,48,E
206,2847,2880,33,W
208,2880,2885,5,E
209,2886,2890,4,W
211,2925,2925,0,W
212,2928,2930,2,E
210,2904,2940,36,S
213,2958,2960,2,N
215,2970,2970,0,S
216,2976,3000,24,E
214,2964,3000,36,W
217,3003,3005,2,W
218,3024,3025,1,E
220,3042,3045,3,W
221,3060,3060,0,N
219,3036,3060,24,S
224,3102,3105,3,S
222,3072,3120,48,E
223,3081,3120,39,W
225,3120,3125,5,E
226,3120,3125,5,W
227,3159,3160,1,W
230,3168,3170,2,E
228,3162,3180,18,N
229,3168,3180,12,S
233,3234,3235,1,S
232,3216,3240,24,E
231,3198,3240,42,W
234,3237,3245,8,W
236,3264,3265,1,E
237,3276,3280,4,W
235,3264,3300,36,N
238,3300,3300,0,S
239,3312,3360,48,E
240,3315,3360,45,W
242,3360,3365,5,E
241,3354,3365,11,W
245,3393,3395,2,W
246,3408,3410,2,E
243,3366,3420,54,N
244,3366,3420,54,S
247,3432,3435,3,S
250,3468,3470,2,N
249,3456,3480,24,E
248,3432,3480,48,W
251,3471,3485,14,W
253,3504,3505,1,E
254,3510,3510,0,W
252,3498,3540,42,S
257,3564,3565,1,S
258,3570,3570,0,N
256,3552,3600,48,E
255,3549,3600,51,W
260,3600,3605,5,E
259,3588,3605,17,W
261,3627,3630,3,W
262,3630,3660,30,S
263,3672,3675,3,N
264,3674,3720,46,E
265,3687,3720,33,W
268,3748,3750,2,E
267,3747,3750,3,W
266,3732,3780,48,S
271,3830,3830,0,N
272,3834,3835,1,S
270,3822,3840,18,E
269,3807,3840,33,W
273,3867,3870,3,W
276,3936,3940,4,S
274,3896,3960,64,E
275,3927,3960,33,W
277,3970,3970,0,E
278,3987,3990,3,W
279,3988,4020,32,N
280,4038,4040,2,S
281,4044,4080,36,E
282,4047,4080,33,W
283,4107,4110,3,W
284,4118,4120,2,E
285,4140,4140,0,S
286,4146,4150,4,N
288,4192,4200,8,E
287,4167,4200,33,W
289,4227,4230,3,W
290,4242,4260,18,S
293,4304,4305,1,N
291,4266,4320,54,E
292,4287,4320,33,W
294,4340,4340,0,E
296,4347,4350,3,W
295,4344,4380,36,S
298,4414,4440,26,E
297,4407,4440,33,W
301,4467,4470,3,W
302,4488,4490,2,E
300,4462,4500,38,N
299,4446,4500,54,S
304,4548,4550,2,S
303,4527,4560,33,W
305,4562,4565,3,E
306,4587,4590,3,W
307,4620,4620,0,N
310,4650,4650,0,S
308,4636,4680,44,E
309,4647,4680,33,W
312,4710,4710,0,E
311,4707,4710,3,W
313,4752,4755,3,S
315,4778,4780,2,N
316,4784,4800,16,E
314,4767,4800,33,W
317,4827,4830,3,W
318,4854,4860,6,S
319,4858,4920,62,E
320,4887,4920,33,W
321,4932,4935,3,E
323,4947,4950,3,W
322,4936,4980,44,N
324,4956,4980,24,S
325,5006,5040,34,E
326,5007,5040,33,W
328,5067,5070,3,W
329,5080,5080,0,E
330,5094,5100,6,N
327,5058,5100,42,S
332,5154,5160,6,E
331,5127,5160,33,W
334,5187,5190,3,W
333,5160,5220,60,S
337,5252,5255,3,N
338,5262,5265,3,S
335,5228,5280,52,E
336,5247,5280,33,W
339,5302,5305,3,E
340,5307,5310,3,W
341,5364,5365,1,S
343,5376,5400,24,E
342,5367,5400,33,W
345,5427,5430,3,W
346,5450,5450,0,E
344,5410,5460,50,N
347,5466,5470,4,S
348,5487,5520,33,W
349,5524,5525,1,E
350,5547,5550,3,W
351,5568,5580,12,N
352,5568,5580,12,S
353,5598,5640,42,E
354,5607,5640,33,W
355,5667,5670,3,W
357,5672,5675,3,E
356,5670,5700,30,S
358,5726,5730,4,N
360,5746,5760,14,E
359,5727,5760,33,W
362,5787,5790,3,W
361,5772,5820,48,S
365,5874,5875,1,S
363,5820,5880,60,E
364,5847,5880,33,W
367,5894,5895,1,E
368,5907,5910,3,W
366,5884,5940,56,N
371,5976,5980,4,S
370,5968,6000,32,E
369,5967,6000,33,W
372,6027,6030,3,W
374,6042,6045,3,E
373,6042,6060,18,N
375,6078,6080,2,S
377,6116,6120,4,E
376,6087,6120,33,W
378,6147,6150,3,W
379,6180,6180,0,S
381,6200,6200,0,N
380,6190,6240,50,E
382,6207,6240,33,W
383,6264,6265,1,E
384,6267,6270,3,W
385,6282,6300,18,S
387,6338,6360,22,E
386,6327,6360,33,W
390,6387,6390,3,W
391,6412,6415,3,E
388,6358,6420,62,N
389,6384,6420,36,S
392,6447,6480,33,W
394,6486,6490,4,E
395,6507,6510,3,W
396,6516,6540,24,N
393,6486,6540,54,S
399,6588,6590,2,S
397,6560,6600,40,E
398,6567,6600,33,W
400,6627,6630,3,W
401,6634,6635,1,E
402,6674,6675,1,N
404,6690,6690,0,S
405,6708,6720,12,E
403,6687,6720,33,W
406,6747,6750,3,W
408,6792,6795,3,S
410,6832,6835,3,N
407,6782,6840,58,E
409,6807,6840,33,W
411,6856,6860,4,E
412,6867,6870,3,W
413,6894,6900,6,S
415,6930,6960,30,E
414,6927,6960,33,W
416,6987,6990,3,W
419,7004,7005,1,E
417,6990,7020,30,N
418,6996,7020,24,S
421,7078,7080,2,E
420,7047,7080,33,W
423,7107,7110,3,W
422,7098,7140,42,S
424,7148,7150,2,N
425,7152,7200,48,E
426,7167,7200,33,W
428,7226,7230,4,E
429,7227,7230,3,W
427,7200,7260,60,S
431,7306,7310,4,N
433,7313,7315,2,S
432,7308,7320,12,E
430,7294,7320,26,W
434,7361,7365,4,W
436,7426,7430,4,S
435,7390,7440,50,E
437,7428,7440,12,W
438,7472,7475,3,E
440,7495,7495,0,W
439,7481,7500,19,N
441,7539,7540,1,S
442,7554,7560,6,E
443,7562,7565,3,W
446,7652,7655,3,S
447,7656,7660,4,N
445,7636,7680,44,E
444,7629,7680,51,W
448,7696,7700,4,W
449,7718,7720,2,E
451,7765,7765,0,S
452,7800,7800,0,E
450,7763,7800,37,W
453,7830,7830,0,W
454,7831,7860,29,N
455,7878,7880,2,S
456,7882,7920,38,E
457,7897,7920,23,W
458,7964,7965,1,E
459,7964,7965,1,W
460,7991,7995,4,S
461,8006,8010,4,N
462,8031,8040,9,W
463,8046,8050,4,E
465,8104,8105,1,S
466,8128,8160,32,E
464,8098,8160,62,W
467,8165,8165,0,W
469,8210,8210,0,E
468,8181,8220,39,N
470,8217,8220,3,S
471,8232,8280,48,W
472,8292,8295,3,E
473,8299,8300,1,W
474,8330,8340,10,S
475,8356,8360,4,N
477,8374,8400,26,E
476,8366,8400,34,W
478,8433,8435,2,W
479,8443,8460,17,S
480,8456,8520,64,E
481,8500,8520,20,W
483,8538,8540,2,E
485,8567,8570,3,W
482,8531,8580,49,N
484,8556,8580,24,S
486,8620,8640,20,E
487,8634,8640,6,W
488,8669,8700,31,S
491,8706,8710,4,N
490,8702,8760,58,E
489,8701,8760,59,W
492,8768,8770,2,W
494,8784,8785,1,E
493,8782,8820,38,S
496,8866,8880,14,E
495,8835,8880,45,W
499,8902,8905,3,W
497,8881,8940,59,N
498,8895,8940,45,S
500,8948,9000,52,E
501,8969,9000,31,W
503,9030,9030,0,E
504,9036,9040,4,W
505,9056,9060,4,N
502,9008,9060,52,S
507,9112,9120,8,E
506,9103,9120,17,W
509,9170,9170,0,W
508,9121,9180,59,S
511,9231,9235,4,N
512,9234,9235,1,S
510,9194,9240,46,E
513,9237,9240,3,W
514,9276,9280,4,E
516,9347,9350,3,S
517,9358,9360,2,E
515,9304,9360,56,W
518,9371,9375,4,W
519,9406,9420,14,N
522,9460,9460,0,S
521,9440,9480,40,E
520,9438,9480,42,W
523,9505,9505,0,W
524,9522,9525,3,E
526,9573,9575,2,S
527,9581,9585,4,N
525,9572,9600,28,W
528,9604,9605,1,E
529,9639,9640,1,W
530,9686,9690,4,S
531,9686,9720,34,E
532,9706,9720,14,W
534,9768,9770,2,E
535,9773,9775,2,W
533,9756,9780,24,N
536,9799,9800,1,S
537,9840,9840,0,W
538,9850,9850,0,E
540,9912,9915,3,S
541,9931,9935,4,N
542,9932,9960,28,E
539,9907,9960,53,W
543,9974,9975,1,W
544,10014,10015,1,E
545,10025,10025,0,S
546,10041,10080,39,W
547,10096,10100,4,E
549,10108,10110,2,W
548,10106,10140,34,N
550,10138,10140,2,S
552,10178,10200,22,E
551,10175,10200,25,W
553,10242,10245,3,W
554,10251,10260,9,S
556,10281,10285,4,N
555,10260,10320,60,E
557,10309,10320,11,W
558,10342,10345,3,E
559,10364,10380,16,S
561,10424,10440,16,E
560,10376,10440,64,W
562,10443,10445,2,W
563,10456,10500,44,N
564,10477,10500,23,S
565,10506,10560,54,E
566,10510,10560,50,W
567,10577,10580,3,W
568,10588,10590,2,E
569,10590,10620,30,S
570,10631,10635,4,N
572,10670,10680,10,E
571,10644,10680,36,W
574,10711,10715,4,W
573,10703,10740,37,S
575,10752,10800,48,E
576,10778,10800,22,W
579,10834,10835,1,E
580,10845,10845,0,W
577,10806,10860,54,N
578,10816,10860,44,S
583,10909,10910,1,S
582,10902,10920,18,E
581,10900,10920,20,W
585,10955,10955,0,W
586,10970,10970,0,E
584,10950,10980,30,N
587,11002,11005,3,S
589,11038,11040,2,E
588,11010,11040,30,W
590,11065,11065,0,W
591,11094,11100,6,N
592,11095,11100,5,S
593,11106,11160,54,E
594,11120,11160,40,W
595,11174,11175,1,E
596,11175,11175,0,W
597,11188,11220,32,S
599,11238,11240,2,N
600,11242,11280,38,E
598,11230,11280,50,W
602,11285,11285,0,W
603,11310,11310,0,E
601,11281,11340,59,S
605,11374,11375,1,S
607,11382,11385,3,N
606,11378,11400,22,E
604,11340,11400,60,W
608,11395,11405,10,W
609,11446,11450,4,E
610,11450,11450,0,W
611,11467,11470,3,S
613,11514,11520,6,E
612,11505,11520,15,W
616,11560,11560,0,W
614,11526,11580,54,N
615,11560,11580,20,S
617,11582,11640,58,E
618,11615,11640,25,W
619,11650,11650,0,E
622,11670,11670,0,W
621,11670,11700,30,N
620,11653,11700,47,S
625,11746,11750,4,S
623,11718,11760,42,E
624,11725,11760,35,W
626,11780,11780,0,W
627,11786,11790,4,E
628,11814,11820,6,N
630,11839,11840,1,S
631,11854,11880,26,E
629,11835,11880,45,W
632,11890,11890,0,W
633,11922,11925,3,E
634,11932,11940,8,S
636,11958,11960,2,N
637,11990,12000,10,E
635,11945,12000,55,W
638,12000,12005,5,W
640,12055,12055,0,W
639,12025,12060,35,S
642,12102,12105,3,N
641,12058,12120,62,E
643,12110,12120,10,W
645,12126,12130,4,E
646,12165,12165,0,W
644,12118,12180,62,S
648,12211,12215,4,S
647,12194,12240,46,E
649,12220,12240,20,W
651,12262,12265,3,E
652,12275,12275,0,W
650,12246,12300,54,N
653,12304,12305,1,S
654,12330,12360,30,E
655,12330,12360,30,W
656,12385,12385,0,W
659,12398,12400,2,E
657,12390,12420,30,N
658,12397,12420,23,S
661,12466,12480,14,E
660,12440,12480,40,W
663,12495,12495,0,W
665,12534,12535,1,E
664,12534,12540,6,N
662,12490,12540,50,S
667,12583,12585,2,S
666,12550,12600,50,W
668,12602,12605,3,E
669,12605,12605,0,W
673,12678,12680,2,N
672,12676,12680,4,S
671,12670,12720,50,E
670,12660,12720,60,W
674,12715,12725,10,W
675,12738,12740,2,E
677,12770,12770,0,W
676,12769,12780,11,S
679,12822,12825,3,N
678,12806,12840,34,E
680,12825,12840,15,W
682,12874,12875,1,E
683,12880,12880,0,W
681,12862,12900,38,S
686,12955,12955,0,S
685,12942,12960,18,E
684,12935,12960,25,W
688,12990,12990,0,W
689,13010,13010,0,E
687,12966,13020,54,N
691,13048,13050,2,S
692,13078,13080,2,E
690,13045,13080,35,W
693,13100,13100,0,W
694,13110,13140,30,N
695,13141,13145,4,S
696,13146,13200,54,E
697,13155,13200,45,W
698,13210,13210,0,W
699,13214,13215,1,E
701,13254,13260,6,N
700,13234,13260,26,S
703,13282,13320,38,E
702,13265,13320,55,W
704,13320,13325,5,W
706,13350,13350,0,E
707,13375,13375,0,W
705,13327,13380,53,S
708,13398,13400,2,N
710,13420,13420,0,S
709,13418,13440,22,E
711,13430,13440,10,W
712,13485,13485,0,W
713,13486,13490,4,E
714,13513,13515,2,S
716,13542,13545,3,N
717,13554,13560,6,E
715,13540,13560,20,W
718,13595,13595,0,W
719,13606,13620,14,S
720,13622,13680,58,E
721,13650,13680,30,W
723,13690,13690,0,E
725,13705,13705,0,W
722,13686,13740,54,N
724,13699,13740,41,S
728,13792,13795,3,S
726,13758,13800,42,E
727,13760,13800,40,W
729,13815,13815,0,W
730,13826,13830,4,E
731,13830,13860,30,N
733,13885,13885,0,S
734,13894,13920,26,E
732,13870,13920,50,W
735,13925,13925,0,W
736,13962,13965,3,E
737,13974,13980,6,N
738,13978,13980,2,S
740,14030,14040,10,E
739,13980,14040,60,W
741,14035,14045,10,W
743,14090,14090,0,W
742,14071,14100,29,S
745,14118,14120,2,N
744,14098,14160,62,E
746,14145,14160,15,W
748,14166,14170,4,E
749,14200,14200,0,W
747,14164,14220,56,S
752,14257,14260,3,S
753,14262,14265,3,N
750,14234,14280,46,E
751,14255,14280,25,W
754,14302,14305,3,E
755,14310,14310,0,W
756,14350,14350,0,S
758,14370,14400,30,E
757,14365,14400,35,W
760,14420,14420,0,W
761,14438,14440,2,E
763,14452,14455,3,W
759,14406,14460,54,N
762,14443,14460,17,S
766,14489,14490,1,N
767,14497,14500,3,S
764,14477,14520,43,E
765,14484,14520,36,W
768,14516,14525,9,E
769,14516,14525,9,W
770,14548,14550,2,W
772,14555,14555,0,E
773,14572,14580,8,N
771,14551,14580,29,S
776,14605,14605,0,S
775,14594,14640,46,E
774,14580,14640,60,W
778,14633,14645,12,E
777,14612,14645,33,W
779,14644,14650,6,W
782,14672,14675,3,E
783,14676,14680,4,W
780,14655,14700,45,N
781,14659,14700,41,S
786,14713,14715,2,S
787,14738,14740,2,N
785,14711,14760,49,E
784,14708,14760,52,W
789,14750,14765,15,E
788,14740,14765,25,W
791,14772,14775,3,W
792,14789,14790,1,E
793,14804,14805,1,W
790,14767,14820,53,S
794,14821,14825,4,N
795,14821,14825,4,S
800,14875,14875,0,S
796,14828,14880,52,E
797,14836,14880,44,W
798,14867,14885,18,E
799,14868,14885,17,W
801,14900,14900,0,W
803,14906,14910,4,E
805,14932,14935,3,W
802,14904,14940,36,N
804,14929,14940,11,S
808,14983,14985,2,S
810,14987,14990,3,N
806,14945,15000,55,E
807,14964,15000,36,W
809,14984,15005,21,E
811,14996,15005,9,W
812,15023,15025,2,E
813,15028,15030,2,W
814,15037,15060,23,S
817,15070,15070,0,N
818,15091,15095,4,S
816,15062,15120,58,E
815,15060,15120,60,W
820,15101,15125,24,E
819,15092,15125,33,W
821,15124,15130,6,W
822,15140,15140,0,E
825,15156,15160,4,W
824,15153,15180,27,N
823,15145,15180,35,S
828,15199,15200,1,S
826,15179,15240,61,E
827,15188,15240,52,W
829,15218,15245,27,E
830,15220,15245,25,W
832,15252,15255,3,W
834,15257,15260,3,E
835,15284,15285,1,W
831,15236,15300,64,N
833,15253,15300,47,S
837,15307,15310,3,S
839,15319,15320,1,N
836,15296,15360,64,E
838,15316,15360,44,W
840,15335,15365,30,E
841,15348,15365,17,W
843,15374,15375,1,E
844,15380,15380,0,W
847,15413,15415,2,E
846,15412,15415,3,W
845,15402,15420,18,N
842,15361,15420,59,S
848,15415,15425,10,S
851,15469,15470,1,S
850,15452,15480,28,E
849,15444,15480,36,W
852,15476,15485,9,W
854,15491,15495,4,E
855,15508,15510,2,W
857,15530,15530,0,E
853,15485,15540,55,N
856,15523,15540,17,S
859,15568,15570,2,N
862,15577,15580,3,S
860,15569,15600,31,E
858,15540,15600,60,W
861,15572,15605,33,W
864,15608,15610,2,E
863,15604,15610,6,W
866,15636,15640,4,W
867,15647,15650,3,E
868,15651,15660,9,N
865,15631,15660,29,S
870,15685,15685,0,S
871,15686,15720,34,E
869,15668,15720,52,W
873,15725,15725,0,E
872,15700,15725,25,W
874,15732,15735,3,W
877,15764,15765,1,E
878,15764,15765,1,W
875,15734,15780,46,N
876,15739,15780,41,S
879,15793,15795,2,S
882,15817,15820,3,N
881,15803,15840,37,E
880,15796,15840,44,W
884,15842,15845,3,E
883,15828,15845,17,W
886,15860,15860,0,W
887,15881,15885,4,E
888,15892,15895,3,W
889,15900,15900,0,N
885,15847,15900,53,S
890,15901,15905,4,S
893,15955,15955,0,S
891,15920,15960,40,E
892,15924,15960,36,W
895,15959,15965,6,E
894,15956,15965,9,W
897,15988,15990,2,W
898,15998,16000,2,E
896,15983,16020,37,N
899,16009,16020,11,S
903,16063,16065,2,S
904,16066,16070,4,N
901,16037,16080,43,E
900,16020,16080,60,W
905,16076,16085,9,E
902,16052,16085,33,W
906,16084,16090,6,W
907,16115,16115,0,E
908,16116,16120,4,W
909,16117,16140,23,S
911,16149,16150,1,N
913,16171,16175,4,S
912,16154,16200,46,E
910,16148,16200,52,W
915,16193,16205,12,E
914,16180,16205,25,W
916,16212,16215,3,W
919,16232,16235,3,E
920,16244,16245,1,W
918,16232,16260,28,N
917,16225,16260,35,S
923,16279,16280,1,S
926,16315,16315,0,N
921,16271,16320,49,E
922,16276,16320,44,W
925,16310,16325,15,E
924,16308,16325,17,W
928,16340,16340,0,W
929,16349,16350,1,E
930,16372,16375,3,W
927,16333,16380,47,S
931,16387,16390,3,S
933,16398,16400,2,N
932,16388,16440,52,E
934,16404,16440,36,W
935,16427,16445,18,E
936,16436,16445,9,W
938,16466,16470,4,E
939,16468,16470,2,W
940,16481,16500,19,N
937,16441,16500,59,S
941,16495,16505,10,S
946,16549,16550,1,S
943,16505,16560,55,E
942,16500,16560,60,W
945,16544,16565,21,E
944,16532,16565,33,W
948,16564,16570,6,W
949,16583,16585,2,E
950,16596,16600,4,W
947,16564,16620,56,N
951,16603,16620,17,S
954,16647,16650,3,N
955,16657,16660,3,S
952,16622,16680,58,E
953,16628,16680,52,W
957,16661,16685,24,E
956,16660,16685,25,W
958,16692,16695,3,W
959,16700,16700,0,E
961,16724,16725,1,W
962,16730,16740,10,N
960,16711,16740,29,S
965,16765,16765,0,S
963,16739,16800,61,E
964,16756,16800,44,W
966,16778,16805,27,E
967,16788,16805,17,W
969,16817,16820,3,E
971,16820,16820,0,W
972,16852,16855,3,W
968,16813,16860,47,N
970,16819,16860,41,S
974,16873,16875,2,S
977,16896,16900,4,N
973,16856,16920,64,E
975,16884,16920,36,W
976,16895,16925,30,E
978,16916,16925,9,W
980,16934,16935,1,E
981,16948,16950,2,W
982,16973,16975,2,E
983,16979,16980,1,N
979,16927,16980,53,S
985,16981,16985,4,S
988,17035,17035,0,S
986,17012,17040,28,E
984,16980,17040,60,W
987,17012,17045,33,W
989,17044,17050,6,W
990,17051,17055,4,E
992,17076,17080,4,W
994,17090,17090,0,E
991,17062,17100,38,N
993,17089,17100,11,S
999,17145,17145,0,N
998,17143,17145,2,S
996,17129,17160,31,E
995,17108,17160,52,W
997,17140,17165,25,W
1000,17168,17170,2,E
1001,17172,17175,3,W
1003,17204,17205,1,W
1004,17207,17210,3,E
1002,17197,17220,23,S
1005,17228,17230,2,N
1008,17251,17255,4,S
1007,17246,17280,34,E
1006,17236,17280,44,W
1010,17285,17285,0,E
1009,17268,17285,17,W
1011,17300,17300,0,W
1014,17324,17325,1,E
1015,17332,17335,3,W
1013,17311,17340,29,N
1012,17305,17340,35,S
1016,17359,17360,1,S
1019,17394,17395,1,N
1017,17363,17400,37,E
1018,17364,17400,36,W
1021,17402,17405,3,E
1020,17396,17405,9,W
1023,17428,17430,2,W
1024,17441,17445,4,E
1022,17413,17460,47,S
1026,17467,17470,3,S
1027,17477,17480,3,N
1028,17480,17520,40,E
1025,17460,17520,60,W
1030,17519,17525,6,E
1029,17492,17525,33,W
1032,17524,17530,6,W
1034,17558,17560,2,E
1033,17556,17560,4,W
1035,17560,17580,20,N
1031,17521,17580,59,S
1036,17575,17585,10,S
1040,17629,17630,1,S
1038,17597,17640,43,E
1037,17588,17640,52,W
1041,17636,17645,9,E
1039,17620,17645,25,W
1043,17652,17655,3,W
1044,17675,17675,0,E
1046,17684,17685,1,W
1042,17643,17700,57,N
1045,17683,17700,17,S
1049,17726,17730,4,N
1050,17737,17740,3,S
1047,17714,17760,46,E
1048,17716,17760,44,W
1052,17753,17765,12,E
1051,17748,17765,17,W
1053,17780,17780,0,W
1055,17792,17795,3,E
1057,17812,17815,3,W
1056,17809,17820,11,N
1054,17791,17820,29,S
1060,17845,17845,0,S
1058,17831,17880,49,E
1059,17844,17880,36,W
1061,17870,17885,15,E
1062,17876,17885,9,W
1066,17909,17910,1,E
1065,17908,17910,2,W
1063,17892,17940,48,N
1064,17899,17940,41,S
1069,17953,17955,2,S
1071,17975,17975,0,N
1068,17948,18000,52,E
1067,17940,18000,60,W
1072,17987,18005,18,E
1070,17972,18005,33,W
1073,18004,18010,6,W
1075,18018,18020,2,W
1076,18026,18030,4,E
1078,18032,18035,3,W
1079,18043,18045,2,E
1080,18046,18050,4,W
1082,18058,18060,2,N
1074,18007,18060,53,S
1077,18030,18065,35,S
1081,18053,18070,17,S
1086,18076,18080,4,S
1089,18094,18095,1,N
1091,18099,18100,1,S
1083,18060,18120,60,E
1084,18060,18120,60,W
1087,18077,18125,48,E
1085,18074,18125,51,W
1090,18094,18130,36,E
1088,18088,18130,42,W
1093,18111,18135,24,E
1092,18102,18135,33,W
1096,18128,18140,12,E
1094,18116,18140,24,W
1101,18145,18145,0,E
1098,18130,18145,15,W
1099,18144,18150,6,W
1102,18158,18160,2,W
1103,18162,18165,3,E
1106,18172,18175,3,W
1097,18130,18180,50,N
1095,18122,18180,58,S
1104,18166,18185,19,N
1100,18145,18185,40,S
1105,18168,18190,22,S
1109,18191,18195,4,S
1112,18202,18205,3,N
1114,18214,18215,1,S
1107,18179,18240,61,E
1108,18186,18240,54,W
1110,18196,18245,49,E
1111,18200,18245,45,W
1113,18213,18250,37,E
1115,18214,18250,36,W
1117,18230,18255,25,E
1116,18228,18255,27,W
1121,18247,18260,13,E
1120,18242,18260,18,W
1124,18264,18265,1,E
1122,18256,18265,9,W
1125,18270,18270,0,W
1127,18281,18285,4,E
1129,18284,18285,1,W
1119,18238,18300,62,N
1118,18237,18300,63,S
1126,18274,18305,31,N
1123,18260,18305,45,S
1133,18310,18310,0,N
1128,18283,18310,27,S
1132,18306,18315,9,S
1137,18329,18330,1,S
1140,18346,18350,4,N
1142,18352,18355,3,S
1130,18298,18360,62,E
1131,18298,18360,62,W
1135,18315,18365,50,E
1134,18312,18365,53,W
1138,18332,18370,38,E
1136,18326,18370,44,W
1141,18349,18375,26,E
1139,18340,18375,35,W
1144,18366,18380,14,E
1143,18354,18380,26,W
1149,18383,18385,2,E
1145,18368,18385,17,W
1148,18382,18390,8,W
1152,18400,18400,0,E
1150,18396,18400,4,W
1153,18410,18410,0,W
1147,18382,18420,38,N
1146,18375,18420,45,S
1155,18418,18425,7,N
1151,18398,18425,27,S
1156,18421,18430,9,S
1160,18444,18445,1,S
1163,18454,18455,1,N
1165,18467,18470,3,S
1154,18417,18480,63,E
1157,18424,18480,56,W
1158,18434,18485,51,E
1159,18438,18485,47,W
1161,18451,18490,39,E
1162,18452,18490,38,W
1166,18468,18495,27,E
1164,18466,18495,29,W
1168,18485,18500,15,E
1167,18480,18500,20,W
1172,18502,18505,3,E
1171,18494,18505,11,W
1173,18508,18510,2,W
1175,18519,18520,1,E
1176,18522,18525,3,W
1169,18490,18540,50,N
1170,18490,18540,50,S
1177,18526,18545,19,N
1174,18513,18545,32,S
1178,18536,18550,14,S
1183,18559,18560,1,S
1184,18562,18565,3,N
1188,18582,18585,3,S
1179,18536,18600,64,E
1180,18536,18600,64,W
1182,18553,18605,52,E
1181,18550,18605,55,W
1186,18570,18610,40,E
1185,18564,18610,46,W
1189,18587,18615,28,E
1187,18578,18615,37,W
1192,18604,18620,16,E
1190,18592,18620,28,W
1196,18621,18625,4,E
1194,18606,18625,19,W
1195,18620,18630,10,W
1199,18634,18635,1,W
1200,18638,18640,2,E
1201,18648,18650,2,W
1203,18655,18655,0,E
1191,18598,18660,62,N
1193,18605,18660,55,S
1198,18634,18665,31,N
1197,18628,18665,37,S
1205,18670,18670,0,N
1202,18651,18670,19,S
1207,18674,18675,1,S
1211,18697,18700,3,S
1213,18706,18710,4,N
1206,18672,18720,48,E
1204,18662,18720,58,W
1209,18689,18725,36,E
1208,18676,18725,49,W
1214,18706,18730,24,E
1210,18690,18730,40,W
1217,18723,18735,12,E
1212,18704,18735,31,W
1219,18740,18740,0,E
1215,18718,18740,22,W
1218,18732,18745,13,W
1222,18746,18750,4,W
1223,18757,18760,3,E
1224,18760,18760,0,W
1226,18774,18775,1,E
1227,18774,18775,1,W
1220,18742,18780,38,N
1216,18720,18780,60,S
1228,18778,18785,7,N
1221,18743,18785,42,S
1225,18766,18790,24,S
1230,18789,18795,6,S
1235,18814,18815,1,N
1234,18812,18815,3,S
1239,18835,18835,0,S
1231,18791,18840,49,E
1229,18788,18840,52,W
1233,18808,18845,37,E
1232,18802,18845,43,W
1237,18825,18850,25,E
1236,18816,18850,34,W
1240,18842,18855,13,E
1238,18830,18855,25,W
1245,18859,18860,1,E
1241,18844,18860,16,W
1244,18858,18865,7,W
1246,18872,18875,3,W
1247,18876,18880,4,E
1250,18886,18890,4,W
1251,18893,18895,2,E
1242,18850,18900,50,N
1243,18858,18900,42,S
1249,18886,18905,19,N
1248,18881,18905,24,S
1253,18904,18910,6,S
1256,18922,18925,3,N
1257,18927,18930,3,S
1262,18950,18950,0,S
1254,18910,18960,50,E
1252,18900,18960,60,W
1258,18927,18965,38,E
1255,18914,18965,51,W
1261,18944,18970,26,E
1259,18928,18970,42,W
1265,18961,18975,14,E
1260,18942,18975,33,W
1268,18978,18980,2,E
1263,18956,18980,24,W
1266,18970,18985,15,W
1269,18984,18990,6,W
1271,18995,18995,0,E
1273,18998,19000,2,W
1274,19012,19015,3,E
1275,19012,19015,3,W
1264,18958,19020,62,N
1267,18973,19020,47,S
1270,18994,19025,31,N
1272,18996,19025,29,S
1279,19030,19030,0,N
1276,19019,19030,11,S
1281,19042,19045,3,S
1285,19065,19065,0,S
1286,19066,19070,4,N
1278,19029,19080,51,E
1277,19026,19080,54,W
1282,19046,19085,39,E
1280,19040,19085,45,W
1284,19063,19090,27,E
1283,19054,19090,36,W
1288,19080,19095,15,E
1287,19068,19095,27,W
1292,19097,19100,3,E
1289,19082,19100,18,W
1291,19096,19105,9,W
1294,19110,19110,0,W
1296,19114,19115,1,E
1297,19124,19125,1,W
1298,19131,19135,4,E
1293,19102,19140,38,N
1290,19088,19140,52,S
1300,19138,19145,7,N
1295,19111,19145,34,S
1299,19134,19150,16,S
1304,19157,19160,3,S
1307,19174,19175,1,N
1308,19180,19180,0,S
1302,19148,19200,52,E
1301,19138,19200,62,W
1305,19165,19205,40,E
1303,19152,19205,53,W
1310,19182,19210,28,E
1306,19166,19210,44,W
1312,19199,19215,16,E
1309,19180,19215,35,W
1316,19216,19220,4,E
1311,19194,19220,26,W
1314,19208,19225,17,W
1317,19222,19230,8,W
1319,19233,19235,2,E
1320,19236,19240,4,W
1323,19250,19250,0,E
1324,19250,19250,0,W
1315,19210,19260,50,N
1313,19203,19260,57,S
1321,19246,19265,19,N
1318,19226,19265,39,S
1322,19249,19270,21,S
1327,19272,19275,3,S
1329,19282,19285,3,N
1332,19295,19295,0,S
1326,19267,19320,53,E
1325,19264,19320,56,W
1330,19284,19325,41,E
1328,19278,19325,47,W
1333,19301,19330,29,E
1331,19292,19330,38,W
1337,19318,19335,17,E
1334,19306,19335,29,W
1340,19335,19340,5,E
1338,19320,19340,20,W
1339,19334,19345,11,W
1342,19348,19350,2,W
1343,19352,19355,3,E
1345,19362,19365,3,W
1347,19369,19370,1,E
1335,19318,19380,62,N
1336,19318,19380,62,S
1344,19354,19385,31,N
1341,19341,19385,44,S
1351,19390,19390,0,N
1346,19364,19390,26,S
1350,19387,19395,8,S
1355,19410,19410,0,S
1358,19426,19430,4,N
1360,19433,19435,2,S
1349,19386,19440,54,E
1348,19376,19440,64,W
1353,19403,19445,42,E
1352,19390,19445,55,W
1357,19420,19450,30,E
1354,19404,19450,46,W
1361,19437,19455,18,E
1356,19418,19455,37,W
1363,19454,19460,6,E
1359,19432,19460,28,W
1362,19446,19465,19,W
1365,19460,19470,10,W
1367,19471,19475,4,E
1368,19474,19475,1,W
1370,19488,19490,2,E
1371,19488,19490,2,W
1366,19462,19500,38,N
1364,19456,19500,44,S
1372,19498,19505,7,N
1369,19479,19505,26,S
1373,19502,19510,8,S
1378,19525,19525,0,S
1380,19534,19535,1,N
1383,19548,19550,2,S
1375,19505,19560,55,E
1374,19502,19560,58,W
1377,19522,19565,43,E
1376,19516,19565,49,W
1381,19539,19570,31,E
1379,19530,19570,40,W
1384,19556,19575,19,E
1382,19544,19575,31,W
1389,19573,19580,7,E
1385,19558,19580,22,W
1388,19572,19585,13,W
1391,19590,19590,0,E
1390,19586,19590,4,W
1393,19600,19600,0,W
1395,19607,19610,3,E
1396,19614,19615,1,W
1386,19570,19620,50,N
1387,19571,19620,49,S
1394,19606,19625,19,N
1392,19594,19625,31,S
1397,19617,19630,13,S
1400,19640,19640,0,S
1402,19642,19645,3,N
1406,19663,19665,2,S
1398,19624,19680,56,E
1399,19628,19680,52,W
1401,19641,19685,44,E
1403,19642,19685,43,W
1405,19658,19690,32,E
1404,19656,19690,34,W
1408,19675,19695,20,E
1407,19670,19695,25,W
1412,19692,19700,8,E
1410,19684,19700,16,W
1413,19698,19705,7,W
1415,19709,19710,1,E
1416,19712,19715,3,W
1418,19726,19730,4,E
1419,19726,19730,4,W
1409,19678,19740,62,N
1411,19686,19740,54,S
1417,19714,19745,31,N
1414,19709,19745,36,S
1423,19750,19750,0,N
1420,19732,19750,18,S
1425,19755,19755,0,S
1429,19778,19780,2,S
1431,19786,19790,4,N
1422,19743,19800,57,E
1421,19740,19800,60,W
1426,19760,19805,45,E
1424,19754,19805,51,W
1428,19777,19810,33,E
1427,19768,19810,42,W
1432,19794,19815,21,E
1430,19782,19815,33,W
1436,19811,19820,9,E
1433,19796,19820,24,W
1435,19810,19825,15,W
1440,19828,19830,2,E
1439,19824,19830,6,W
1441,19838,19840,2,W
1442,19845,19845,0,E
1444,19852,19855,3,W
1437,19822,19860,38,N
1434,19801,19860,59,S
1445,19858,19865,7,N
1438,19824,19865,41,S
1443,19847,19870,23,S
1448,19870,19875,5,S
1452,19894,19895,1,N
1451,19893,19895,2,S
1446,19862,19920,58,E
1447,19866,19920,54,W
1449,19879,19925,46,E
1450,19880,19925,45,W
1454,19896,19930,34,E
1453,19894,19930,36,W
1456,19913,19935,22,E
1455,19908,19935,27,W
1460,19930,19940,10,E
1458,19922,19940,18,W
1461,19936,19945,9,W
1463,19947,19950,3,E
1464,19950,19950,0,W
1466,19964,19965,1,E
1467,19964,19965,1,W
1459,19930,19980,50,N
1457,19916,19980,64,S
1468,19966,19985,19,N
1462,19939,19985,46,S
1465,19962,19990,28,S
1471,19985,19995,10,S
1474,20002,20005,3,N
1476,20008,20010,2,S
1479,20031,20035,4,S
1470,19981,20040,59,E
1469,19978,20040,62,W
1473,19998,20045,47,E
1472,19992,20045,53,W
1477,20015,20050,35,E
1475,20006,20050,44,W
1480,20032,20055,23,E
1478,20020,20055,35,W
1484,20049,20060,11,E
1481,20034,20060,26,W
1483,20048,20065,17,W
1487,20066,20070,4,E
1486,20062,20070,8,W
1489,20076,20080,4,W
1491,20083,20085,2,E
1492,20090,20090,0,W
1482,20038,20100,62,N
1485,20054,20100,46,S
1488,20074,20105,31,N
1490,20077,20105,28,S
1496,20110,20110,0,N
1493,20100,20110,10,S
1499,20123,20125,2,S
1502,20146,20150,4,N
1503,20146,20150,4,S
1494,20100,20160,60,E
1495,20104,20160,56,W
1497,20117,20165,48,E
1498,20118,20165,47,W
1501,20134,20170,36,E
1500,20132,20170,38,W
1505,20151,20175,24,E
1504,20146,20175,29,W
1507,20168,20180,12,E
1506,20160,20180,20,W
1511,20185,20185,0,E
1509,20174,20185,11,W
1512,20188,20190,2,W
1514,20202,20205,3,E
1515,20202,20205,3,W
1510,20182,20220,38,N
1508,20169,20220,51,S
1518,20218,20225,7,N
1513,20192,20225,33,S
1516,20215,20230,15,S
1522,20238,20240,2,S
1525,20254,20255,1,N
1527,20261,20265,4,S
1519,20219,20280,61,E
1517,20216,20280,64,W
1521,20236,20285,49,E
1520,20230,20285,55,W
1524,20253,20290,37,E
1523,20244,20290,46,W
1528,20270,20295,25,E
1526,20258,20295,37,W
1532,20287,20300,13,E
1529,20272,20300,28,W
1535,20304,20305,1,E
1531,20286,20305,19,W
1534,20300,20310,10,W
1537,20314,20315,1,W
1538,20321,20325,4,E
1540,20328,20330,2,W
1533,20290,20340,50,N
1530,20284,20340,56,S
1539,20326,20345,19,N
1536,20307,20345,38,S
1541,20330,20350,20,S
1544,20353,20355,2,S
1547,20362,20365,3,N
1550,20376,20380,4,S
1542,20338,20400,62,E
1543,20342,20400,58,W
1545,20355,20405,50,E
1546,20356,20405,49,W
1549,20372,20410,38,E
1548,20370,20410,40,W
1552,20389,20415,26,E
1551,20384,20415,31,W
1556,20406,20420,14,E
1554,20398,20420,22,W
1559,20423,20425,2,E
1557,20412,20425,13,W
1560,20426,20430,4,W
1562,20440,20440,0,E
1563,20440,20440,0,W
1565,20454,20455,1,W
1553,20398,20460,62,N
1555,20399,20460,61,S
1561,20434,20465,31,N
1558,20422,20465,43,S
1569,20470,20470,0,N
1564,20445,20470,25,S
1567,20468,20475,7,S
1572,20491,20495,4,S
1575,20506,20510,4,N
1578,20514,20515,1,S
1566,20457,20520,63,E
1568,20468,20520,52,W
1570,20474,20525,51,E
1571,20482,20525,43,W
1573,20491,20530,39,E
1574,20496,20530,34,W
1576,20508,20535,27,E
1577,20510,20535,25,W
1580,20525,20540,15,E
1579,20524,20540,16,W
1584,20542,20545,3,E
1582,20538,20545,7,W
1585,20552,20555,3,W
1586,20559,20560,1,E
1588,20566,20570,4,W
1583,20542,20580,38,N
1581,20537,20580,43,S
1590,20578,20585,7,N
1587,20560,20585,25,S
1592,20583,20590,7,S
1595,20606,20610,4,S
1598,20614,20615,1,N
1601,20629,20630,1,S
1589,20576,20640,64,E
1591,20580,20640,60,W
1593,20593,20645,52,E
1594,20594,20645,51,W
1597,20610,20650,40,E
1596,20608,20650,42,W
1600,20627,20655,28,E
1599,20622,20655,33,W
1603,20644,20660,16,E
1602,20636,20660,24,W
1607,20661,20665,4,E
1605,20650,20665,15,W
1608,20664,20670,6,W
1610,20678,20680,2,E
1611,20678,20680,2,W
1614,20695,20695,0,E
1613,20692,20695,3,W
1604,20650,20700,50,N
1606,20652,20700,48,S
1612,20686,20705,19,N
1609,20675,20705,30,S
1615,20698,20710,12,S
1620,20722,20725,3,N
1619,20721,20725,4,S
1623,20744,20745,1,S
1617,20712,20760,48,E
1616,20706,20760,54,W
1621,20729,20765,36,E
1618,20720,20765,45,W
1624,20746,20770,24,E
1622,20734,20770,36,W
1628,20763,20775,12,E
1625,20748,20775,27,W
1631,20780,20780,0,E
1627,20762,20780,18,W
1630,20776,20785,9,W
1633,20790,20790,0,W
1635,20797,20800,3,E
1636,20804,20805,1,W
1638,20814,20815,1,E
1626,20758,20820,62,N
1629,20767,20820,53,S
1634,20794,20825,31,N
1632,20790,20825,35,S
1640,20830,20830,0,N
1637,20813,20830,17,S
1643,20836,20840,4,S
1646,20859,20860,1,S
1649,20866,20870,4,N
1641,20831,20880,49,E
1639,20818,20880,62,W
1645,20848,20885,37,E
1642,20832,20885,53,W
1648,20865,20890,25,E
1644,20846,20890,44,W
1652,20882,20895,13,E
1647,20860,20895,35,W
1654,20899,20900,1,E
1650,20874,20900,26,W
1653,20888,20905,17,W
1656,20902,20910,8,W
1658,20916,20920,4,E
1659,20916,20920,4,W
1661,20930,20930,0,W
1662,20933,20935,2,E
1655,20902,20940,38,N
1651,20882,20940,58,S
1663,20938,20945,7,N
1657,20905,20945,40,S
1660,20928,20950,22,S
1666,20951,20955,4,S
1670,20974,20975,1,N
1671,20974,20975,1,S
1665,20950,21000,50,E
1664,20944,21000,56,W
1668,20967,21005,38,E
1667,20958,21005,47,W
1672,20984,21010,26,E
1669,20972,21010,38,W
1676,21001,21015,14,E
1673,20986,21015,29,W
1679,21018,21020,2,E
1675,21000,21020,20,W
1678,21014,21025,11,W
1681,21028,21030,2,W
1682,21035,21035,0,E
1683,21042,21045,3,W
1686,21052,21055,3,E
1677,21010,21060,50,N
1674,20997,21060,63,S
1685,21046,21065,19,N
1680,21020,21065,45,S
1684,21043,21070,27,S
1688,21066,21075,9,S
1691,21082,21085,3,N
1694,21089,21090,1,S
1697,21112,21115,3,S
1689,21069,21120,51,E
1687,21056,21120,64,W
1693,21086,21125,39,E
1690,21070,21125,55,W
1696,21103,21130,27,E
1692,21084,21130,46,W
1700,21120,21135,15,E
1695,21098,21135,37,W
1703,21137,21140,3,E
1698,21112,21140,28,W
1701,21126,21145,19,W
1704,21140,21150,10,W
1706,21154,21155,1,E
1707,21154,21155,1,W
1709,21168,21170,2,W
1710,21171,21175,4,E
1699,21118,21180,62,N
1702,21135,21180,45,S
1705,21154,21185,31,N
1708,21158,21185,27,S
1714,21190,21190,0,N
1711,21181,21190,9,S
1716,21204,21205,1,S
1721,21226,21230,4,N
1722,21227,21230,3,S
1713,21188,21240,52,E
1712,21182,21240,58,W
1717,21205,21245,40,E
1715,21196,21245,49,W
1719,21222,21250,28,E
1718,21210,21250,40,W
1724,21239,21255,16,E
1720,21224,21255,31,W
1727,21256,21260,4,E
1723,21238,21260,22,W
1726,21252,21265,13,W
1729,21266,21270,4,W
1731,21273,21275,2,E
1732,21280,21280,0,W
1733,21290,21290,0,E
1734,21294,21295,1,W
1728,21262,21300,38,N
1725,21250,21300,50,S
1736,21298,21305,7,N
1730,21273,21305,32,S
1735,21296,21310,14,S
1739,21319,21320,1,S
1742,21334,21335,1,N
1745,21342,21345,3,S
1737,21307,21360,53,E
1738,21308,21360,52,W
1741,21324,21365,41,E
1740,21322,21365,43,W
1744,21341,21370,29,E
1743,21336,21370,34,W
1747,21358,21375,17,E
1746,21350,21375,25,W
1751,21375,21380,5,E
1748,21364,21380,16,W
1752,21378,21385,7,W
1754,21392,21395,3,E
1755,21392,21395,3,W
1758,21409,21410,1,E
1757,21406,21410,4,W
1750,21370,21420,50,N
1749,21365,21420,55,S
1756,21406,21425,19,N
1753,21388,21425,37,S
1759,21411,21430,19,S
1762,21434,21435,1,S
1764,21442,21445,3,N
1767,21457,21460,3,S
1761,21426,21480,54,E
1760,21420,21480,60,W
1765,21443,21485,42,E
1763,21434,21485,51,W
1768,21460,21490,30,E
1766,21448,21490,42,W
1771,21477,21495,18,E
1769,21462,21495,33,W
1775,21494,21500,6,E
1770,21476,21500,24,W
1774,21490,21505,15,W
1777,21504,21510,6,W
1778,21511,21515,4,E
1780,21518,21520,2,W
1782,21528,21530,2,E
1783,21532,21535,3,W
1772,21478,21540,62,N
1773,21480,21540,60,S
1779,21514,21545,31,N
1776,21503,21545,42,S
1787,21550,21550,0,N
1781,21526,21550,24,S
1786,21549,21555,6,S
1790,21572,21575,3,S
1793,21586,21590,4,N
1795,21595,21595,0,S
1784,21545,21600,55,E
1785,21546,21600,54,W
1789,21562,21605,43,E
1788,21560,21605,45,W
1792,21579,21610,31,E
1791,21574,21610,36,W
1796,21596,21615,19,E
1794,21588,21615,27,W
1799,21613,21620,7,E
1797,21602,21620,18,W
1803,21621,21625,4,E
1798,21608,21625,17,W
1807,21629,21630,1,E
1800,21614,21630,16,W
1802,21620,21635,15,W
1809,21637,21640,3,E
1805,21626,21640,14,W
1814,21645,21645,0,E
1808,21632,21645,13,W
1810,21638,21650,12,W
1817,21653,21655,2,E
1813,21644,21655,11,W
1804,21622,21660,38,N
1801,21618,21660,42,S
1811,21639,21665,26,N
1806,21629,21665,36,S
1818,21656,21670,14,N
1812,21640,21670,30,S
1825,21673,21675,2,N
1816,21651,21675,24,S
1821,21662,21680,18,S
1826,21673,21685,12,S
1833,21690,21690,0,N
1830,21684,21690,6,S
1836,21695,21695,0,S
1841,21707,21710,3,N
1840,21706,21710,4,S
1820,21661,21720,59,E
1815,21650,21720,70,W
1824,21669,21725,56,E
1819,21656,21725,69,W
1828,21677,21730,53,E
1822,21662,21730,68,W
1831,21685,21735,50,E
1823,21668,21735,67,W
1835,21693,21740,47,E
1827,21674,21740,66,W
1838,21701,21745,44,E
1829,21680,21745,65,W
1842,21709,21750,41,E
1832,21686,21750,64,W
1846,21717,21755,38,E
1834,21692,21755,63,W
1849,21725,21760,35,E
1837,21698,21760,62,W
1852,21733,21765,32,E
1839,21704,21765,61,W
1857,21741,21770,29,E
1843,21710,21770,60,W
1859,21749,21775,26,E
1844,21716,21775,59,W
1848,21724,21780,56,N
1845,21717,21780,63,S
1856,21741,21785,44,N
1850,21728,21785,57,S
1863,21758,21790,32,N
1854,21739,21790,51,S
1871,21775,21795,20,N
1860,21750,21795,45,S
1878,21792,21800,8,N
1865,21761,21800,39,S
1869,21772,21805,33,S
1886,21809,21810,1,N
1875,21783,21810,27,S
1879,21794,21815,21,S
1883,21805,21820,15,S
1889,21816,21825,9,S
1893,21826,21830,4,N
1894,21827,21830,3,S
1862,21757,21840,83,E
1847,21722,21840,118,W
1867,21765,21845,80,E
1851,21728,21845,117,W
1870,21773,21850,77,E
1853,21734,21850,116,W
1873,21781,21855,74,E
1855,21740,21855,115,W
1877,21789,21860,71,E
1858,21746,21860,114,W
1881,21797,21865,68,E
1861,21752,21865,113,W
1884,21805,21870,65,E
1864,21758,21870,112,W
1888,21813,21875,62,E
1866,21764,21875,111,W
1891,21821,21880,59,E
1868,21770,21880,110,W
1895,21829,21885,56,E
1872,21776,21885,109,W
1898,21837,21890,53,E
1874,21782,21890,108,W
1902,21845,21895,50,E
1876,21788,21895,107,W
1901,21843,21900,57,N
1899,21838,21900,62,S
1907,21860,21905,45,N
1904,21849,21905,56,S
1915,21877,21910,33,N
1908,21860,21910,50,S
1924,21894,21915,21,N
1913,21871,21915,44,S
1931,21911,21920,9,N
1918,21882,21920,38,S
1922,21893,21925,32,S
1939,21928,21930,2,N
1928,21904,21930,26,S
1933,21915,21935,20,S
1937,21926,21940,14,S
1946,21945,21945,0,N
1942,21937,21945,8,S
1947,21948,21950,2,S
1905,21853,21960,107,E
1880,21794,21960,166,W
1910,21861,21965,104,E
1882,21800,21965,165,W
1912,21869,21970,101,E
1885,21806,21970,164,W
1916,21877,21975,98,E
1887,21812,21975,163,W
1920,21885,21980,95,E
1890,21818,21980,162,W
1923,21893,21985,92,E
1892,21824,21985,161,W
1926,21901,21990,89,E
1896,21830,21990,160,W
1930,21909,21995,86,E
1897,21836,21995,159,W
1934,21917,22000,83,E
1900,21842,22000,158,W
1936,21925,22005,80,E
1903,21848,22005,157,W
1941,21933,22010,77,E
1906,21854,22010,156,W
1944,21941,22015,74,E
1909,21860,22015,155,W
1953,21962,22020,58,N
1952,21959,22020,61,S
1960,21979,22025,46,N
1957,21970,22025,55,S
1968,21996,22030,34,N
1962,21981,22030,49,S
1975,22013,22035,22,N
1966,21992,22035,43,S
1984,22030,22040,10,N
1971,22003,22040,37,S
1977,22014,22045,31,S
1991,22047,22050,3,N
1981,22025,22050,25,S
1986,22036,22055,19,S
1992,22047,22060,13,S
1998,22064,22065,1,N
1995,22058,22065,7,S
2000,22069,22070,1,S
1948,21949,22080,131,E
1911,21866,22080,214,W
1951,21957,22085,128,E
1914,21872,22085,213,W
1955,21965,22090,125,E
1917,21878,22090,212,W
1958,21973,22095,122,E
1919,21884,22095,211,W
1963,21981,22100,119,E
1921,21890,22100,210,W
1965,21989,22105,116,E
1925,21896,22105,209,W
1969,21997,22110,113,E
1927,21902,22110,208,W
1973,22005,22115,110,E
1929,21908,22115,207,W
1976,22013,22120,107,E
1932,21914,22120,206,W
1979,22021,22125,104,E
1935,21920,22125,205,W
1983,22029,22130,101,E
1938,21926,22130,204,W
1987,22037,22135,98,E
1940,21932,22135,203,W
2006,22081,22140,59,N
2005,22080,22140,60,S
2013,22098,22145,47,N
2010,22091,22145,54,S
2021,22115,22150,35,N
2016,22102,22150,48,S
2028,22132,22155,23,N
2020,22113,22155,42,S
2036,22149,22160,11,N
2024,22124,22160,36,S
2030,22135,22165,30,S
2043,22166,22170,4,N
2034,22146,22170,24,S
2039,22157,22175,18,S
2045,22168,22180,12,S
2051,22183,22185,2,N
2049,22179,22185,6,S
2054,22190,22190,0,S
1989,22045,22200,155,E
1943,21938,22200,262,W
1994,22053,22205,152,E
1945,21944,22205,261,W
1997,22061,22210,149,E
1949,21950,22210,260,W
2001,22069,22215,146,E
1950,21956,22215,259,W
2004,22077,22220,143,E
1954,21962,22220,258,W
2008,22085,22225,140,E
1956,21968,22225,257,W
2011,22093,22230,137,E
1959,21974,22230,256,W
2015,22101,22235,134,E
1961,21980,22235,255,W
2018,22109,22240,131,E
1964,21986,22240,254,W
2022,22117,22245,128,E
1967,21992,22245,253,W
2026,22125,22250,125,E
1970,21998,22250,252,W
2029,22133,22255,122,E
1972,22004,22255,251,W
2058,22200,22260,60,N
2059,22201,22260,59,S
2066,22217,22265,48,N
2063,22212,22265,53,S
2073,22234,22270,36,N
2069,22223,22270,47,S
2081,22251,22275,24,N
2074,22234,22275,41,S
2088,22268,22280,12,N
2078,22245,22280,35,S
2095,22285,22285,0,N
2083,22256,22285,29,S
2087,22267,22290,23,S
2093,22278,22295,17,S
2098,22289,22300,11,S
2104,22302,22305,3,N
2102,22300,22305,5,S
2108,22311,22315,4,S
2032,22141,22320,179,E
1974,22010,22320,310,W
2037,22149,22325,176,E
1978,22016,22325,309,W
2040,22157,22330,173,E
1980,22022,22330,308,W
2042,22165,22335,170,E
1982,22028,22335,307,W
2047,22173,22340,167,E
1985,22034,22340,306,W
2050,22181,22345,164,E
1988,22040,22345,305,W
2053,22189,22350,161,E
1990,22046,22350,304,W
2057,22197,22355,158,E
1993,22052,22355,303,W
2061,22205,22360,155,E
1996,22058,22360,302,W
2064,22213,22365,152,E
1999,22064,22365,301,W
2068,22221,22370,149,E
2002,22070,22370,300,W
2071,22229,22375,146,E
2003,22076,22375,299,W
2111,22319,22380,61,N
2112,22322,22380,58,S
2119,22336,22385,49,N
2116,22333,22385,52,S
2126,22353,22390,37,N
2122,22344,22390,46,S
2133,22370,22395,25,N
2127,22355,22395,40,S
2140,22387,22400,13,N
2132,22366,22400,34,S
2148,22404,22405,1,N
2137,22377,22405,28,S
2141,22388,22410,22,S
2146,22399,22415,16,S
2151,22410,22420,10,S
2155,22421,22425,4,N
2156,22421,22425,4,S
2161,22432,22435,3,S
2075,22237,22440,203,E
2007,22082,22440,358,W
2079,22245,22445,200,E
2009,22088,22445,357,W
2082,22253,22450,197,E
2012,22094,22450,356,W
2085,22261,22455,194,E
2014,22100,22455,355,W
2090,22269,22460,191,E
2017,22106,22460,354,W
2092,22277,22465,188,E
2019,22112,22465,353,W
2096,22285,22470,185,E
2023,22118,22470,352,W
2100,22293,22475,182,E
2025,22124,22475,351,W
2103,22301,22480,179,E
2027,22130,22480,350,W
2106,22309,22485,176,E
2031,22136,22485,349,W
2110,22317,22490,173,E
2033,22142,22490,348,W
2114,22325,22495,170,E
2035,22148,22495,347,W
2164,22438,22500,62,N
2166,22443,22500,57,S
2172,22455,22505,50,N
2170,22454,22505,51,S
2178,22472,22510,38,N
2175,22465,22510,45,S
2186,22489,22515,26,N
2180,22476,22515,39,S
2193,22506,22520,14,N
2185,22487,22520,33,S
2201,22523,22525,2,N
2190,22498,22525,27,S
2195,22509,22530,21,S
2199,22520,22535,15,S
2208,22540,22540,0,N
2204,22531,22540,9,S
2210,22542,22545,3,S
2214,22553,22555,2,S
2117,22333,22560,227,E
2038,22154,22560,406,W
2121,22341,22565,224,E
2041,22160,22565,405,W
2124,22349,22570,221,E
2044,22166,22570,404,W
2128,22357,22575,218,E
2046,22172,22575,403,W
2131,22365,22580,215,E
2048,22178,22580,402,W
2135,22373,22585,212,E
2052,22184,22585,401,W
2138,22381,22590,209,E
2055,22190,22590,400,W
2143,22389,22595,206,E
2056,22196,22595,399,W
2145,22397,22600,203,E
2060,22202,22600,398,W
2149,22405,22605,200,E
2062,22208,22605,397,W
2153,22413,22610,197,E
2065,22214,22610,396,W
2157,22421,22615,194,E
2067,22220,22615,395,W
2216,22557,22620,63,N
2219,22564,22620,56,S
2223,22574,22625,51,N
2225,22575,22625,50,S
2231,22591,22630,39,N
2228,22586,22630,44,S
2238,22608,22635,27,N
2233,22597,22635,38,S
2246,22625,22640,15,N
2239,22608,22640,32,S
2254,22642,22645,3,N
2243,22619,22645,26,S
2249,22630,22650,20,S
2253,22641,22655,14,S
2261,22659,22660,1,N
2257,22652,22660,8,S
2263,22663,22665,2,S
2267,22674,22675,1,S
2159,22429,22680,251,E
2070,22226,22680,454,W
2163,22437,22685,248,E
2072,22232,22685,453,W
2167,22445,22690,245,E
2076,22238,22690,452,W
2169,22453,22695,242,E
2077,22244,22695,451,W
2174,22461,22700,239,E
2080,22250,22700,450,W
2177,22469,22705,236,E
2084,22256,22705,449,W
2181,22477,22710,233,E
2086,22262,22710,448,W
2184,22485,22715,230,E
2089,22268,22715,447,W
2188,22493,22720,227,E
2091,22274,22720,446,W
2191,22501,22725,224,E
2094,22280,22725,445,W
2196,22509,22730,221,E
2097,22286,22730,444,W
2198,22517,22735,218,E
2099,22292,22735,443,W
2268,22676,22740,64,N
2272,22685,22740,55,S
2275,22693,22745,52,N
2278,22696,22745,49,S
2284,22710,22750,40,N
2282,22707,22750,43,S
2291,22727,22755,28,N
2287,22718,22755,37,S
2299,22744,22760,16,N
2292,22729,22760,31,S
2306,22761,22765,4,N
2296,22740,22765,25,S
2302,22751,22770,19,S
2307,22762,22775,13,S
2313,22778,22780,2,N
2311,22773,22780,7,S
2316,22784,22785,1,S
2320,22795,22795,0,N
2321,22795,22795,0,S
2202,22525,22800,275,E
2101,22298,22800,502,W
2206,22533,22805,272,E
2105,22304,22805,501,W
2209,22541,22810,269,E
2107,22310,22810,500,W
2212,22549,22815,266,E
2109,22316,22815,499,W
2217,22557,22820,263,E
2113,22322,22820,498,W
2220,22565,22825,260,E
2115,22328,22825,497,W
2222,22573,22830,257,E
2118,22334,22830,496,W
2227,22581,22835,254,E
2120,22340,22835,495,W
2230,22589,22840,251,E
2123,22346,22840,494,W
2234,22597,22845,248,E
2125,22352,22845,493,W
2237,22605,22850,245,E
2129,22358,22850,492,W
2241,22613,22855,242,E
2130,22364,22855,491,W
2328,22812,22860,48,N
2326,22806,22860,54,S
2336,22829,22865,36,N
2331,22817,22865,48,S
2344,22846,22870,24,N
2335,22828,22870,42,S
2352,22863,22875,12,N
2341,22839,22875,36,S
2358,22880,22880,0,N
2345,22850,22880,30,S
2349,22861,22885,24,S
2355,22872,22890,18,S
2360,22883,22895,12,S
2366,22897,22900,3,N
2365,22894,22900,6,S
2370,22905,22905,0,S
2373,22914,22915,1,N
2244,22621,22920,299,E
2134,22370,22920,550,W
2248,22629,22925,296,E
2136,22376,22925,549,W
2251,22637,22930,293,E
2139,22382,22930,548,W
2255,22645,22935,290,E
2142,22388,22935,547,W
2259,22653,22940,287,E
2144,22394,22940,546,W
2262,22661,22945,284,E
2147,22400,22945,545,W
2265,22669,22950,281,E
2150,22406,22950,544,W
2270,22677,22955,278,E
2152,22412,22955,543,W
2273,22685,22960,275,E
2154,22418,22960,542,W
2276,22693,22965,272,E
2158,22424,22965,541,W
2280,22701,22970,269,E
2160,22430,22970,540,W
2283,22709,22975,266,E
2162,22436,22975,539,W
2381,22931,22980,49,N
2374,22916,22980,64,S
2388,22948,22985,37,N
2379,22927,22985,58,S
2396,22965,22990,25,N
2384,22938,22990,52,S
2403,22982,22995,13,N
2389,22949,22995,46,S
2411,22999,23000,1,N
2394,22960,23000,40,S
2399,22971,23005,34,S
2404,22982,23010,28,S
2408,22993,23015,22,S
2419,23016,23020,4,N
2413,23004,23020,16,S
2418,23015,23025,10,S
2423,23026,23030,4,S
2426,23033,23035,2,N
2286,22717,23040,323,E
2165,22442,23040,598,W
2290,22725,23045,320,E
2168,22448,23045,597,W
2294,22733,23050,317,E
2171,22454,23050,596,W
2297,22741,23055,314,E
2173,22460,23055,595,W
2301,22749,23060,311,E
2176,22466,23060,594,W
2304,22757,23065,308,E
2179,22472,23065,593,W
2308,22765,23070,305,E
2182,22478,23070,592,W
2312,22773,23075,302,E
2183,22484,23075,591,W
2315,22781,23080,299,E
2187,22490,23080,590,W
2318,22789,23085,296,E
2189,22496,23085,589,W
2323,22797,23090,293,E
2192,22502,23090,588,W
2325,22805,23095,290,E
2194,22508,23095,587,W
2434,23050,23100,50,N
2428,23037,23100,63,S
2441,23067,23105,38,N
2432,23048,23105,57,S
2448,23084,23110,26,N
2437,23059,23110,51,S
2455,23101,23115,14,N
2443,23070,23115,45,S
2464,23118,23120,2,N
2447,23081,23120,39,S
2452,23092,23125,33,S
2458,23103,23130,27,S
2471,23135,23135,0,N
2461,23114,23135,21,S
2466,23125,23140,15,S
2472,23136,23145,9,S
2476,23147,23150,3,S
2479,23152,23155,3,N
2329,22813,23160,347,E
2197,22514,23160,646,W
2333,22821,23165,344,E
2200,22520,23165,645,W
2337,22829,23170,341,E
2203,22526,23170,644,W
2339,22837,23175,338,E
2205,22532,23175,643,W
2343,22845,23180,335,E
2207,22538,23180,642,W
2347,22853,23185,332,E
2211,22544,23185,641,W
2350,22861,23190,329,E
2213,22550,23190,640,W
2354,22869,23195,326,E
2215,22556,23195,639,W
2357,22877,23200,323,E
2218,22562,23200,638,W
2361,22885,23205,320,E
2221,22568,23205,637,W
2364,22893,23210,317,E
2224,22574,23210,636,W
2368,22901,23215,314,E
2226,22580,23215,635,W
2486,23169,23220,51,N
2482,23158,23220,62,S
2493,23186,23225,39,N
2487,23169,23225,56,S
2501,23203,23230,27,N
2490,23180,23230,50,S
2508,23220,23235,15,N
2496,23191,23235,44,S
2516,23237,23240,3,N
2500,23202,23240,38,S
2505,23213,23245,32,S
2511,23224,23250,26,S
2524,23254,23255,1,N
2515,23235,23255,20,S
2520,23246,23260,14,S
2525,23257,23265,8,S
2529,23268,23270,2,S
2532,23271,23275,4,N
2371,22909,23280,371,E
2229,22586,23280,694,W
2376,22917,23285,368,E
2232,22592,23285,693,W
2378,22925,23290,365,E
2235,22598,23290,692,W
2382,22933,23295,362,E
2236,22604,23295,691,W
2386,22941,23300,359,E
2240,22610,23300,690,W
2390,22949,23305,356,E
2242,22616,23305,689,W
2392,22957,23310,353,E
2245,22622,23310,688,W
2397,22965,23315,350,E
2247,22628,23315,687,W
2400,22973,23320,347,E
2250,22634,23320,686,W
2402,22981,23325,344,E
2252,22640,23325,685,W
2407,22989,23330,341,E
2256,22646,23330,684,W
2410,22997,23335,338,E
2258,22652,23335,683,W
2538,23288,23340,52,N
2535,23279,23340,61,S
2546,23305,23345,40,N
2540,23290,23345,55,S
2553,23322,23350,28,N
2544,23301,23350,49,S
2561,23339,23355,16,N
2549,23312,23355,43,S
2568,23356,23360,4,N
2554,23323,23360,37,S
2559,23334,23365,31,S
2564,23345,23370,25,S
2576,23373,23375,2,N
2569,23356,23375,19,S
2574,23367,23380,13,S
2578,23378,23385,7,S
2584,23390,23390,0,N
2582,23389,23390,1,S
2414,23005,23400,395,E
2260,22658,23400,742,W
2417,23013,23405,392,E
2264,22664,23405,741,W
2421,23021,23410,389,E
2266,22670,23410,740,W
2424,23029,23415,386,E
2269,22676,23415,739,W
2429,23037,23420,383,E
2271,22682,23420,738,W
2431,23045,23425,380,E
2274,22688,23425,737,W
2435,23053,23430,377,E
2277,22694,23430,736,W
2439,23061,23435,374,E
2279,22700,23435,735,W
2442,23069,23440,371,E
2281,22706,23440,734,W
2445,23077,23445,368,E
2285,22712,23445,733,W
2450,23085,23450,365,E
2288,22718,23450,732,W
2453,23093,23455,362,E
2289,22724,23455,731,W
2591,23407,23460,53,N
2588,23400,23460,60,S
2599,23424,23465,41,N
2593,23411,23465,54,S
2606,23441,23470,29,N
2598,23422,23470,48,S
2614,23458,23475,17,N
2603,23433,23475,42,S
2621,23475,23480,5,N
2607,23444,23480,36,S
2612,23455,23485,30,S
2617,23466,23490,24,S
2628,23492,23495,3,N
2622,23477,23495,18,S
2627,23488,23500,12,S
2632,23499,23505,6,S
2635,23509,23510,1,N
2637,23510,23510,0,S
2456,23101,23520,419,E
2293,22730,23520,790,W
2460,23109,23525,416,E
2295,22736,23525,789,W
2463,23117,23530,413,E
2298,22742,23530,788,W
2467,23125,23535,410,E
2300,22748,23535,787,W
2470,23133,23540,407,E
2303,22754,23540,786,W
2474,23141,23545,404,E
2305,22760,23545,785,W
2477,23149,23550,401,E
2309,22766,23550,784,W
2481,23157,23555,398,E
2310,22772,23555,783,W
2484,23165,23560,395,E
2314,22778,23560,782,W
2488,23173,23565,392,E
2317,22784,23565,781,W
2492,23181,23570,389,E
2319,22790,23570,780,W
2495,23189,23575,386,E
2322,22796,23575,779,W
2644,23526,23580,54,N
2641,23521,23580,59,S
2651,23543,23585,42,N
2646,23532,23585,53,S
2659,23560,23590,30,N
2652,23543,23590,47,S
2667,23577,23595,18,N
2656,23554,23595,41,S
2673,23594,23600,6,N
2661,23565,23600,35,S
2665,23576,23605,29,S
2670,23587,23610,23,S
2681,23611,23615,4,N
2676,23598,23615,17,S
2680,23609,23620,11,S
2685,23620,23625,5,S
2688,23628,23630,2,N
2691,23631,23635,4,S
2498,23197,23640,443,E
2324,22802,23640,838,W
2503,23205,23645,440,E
2327,22808,23645,837,W
2506,23213,23650,437,E
2330,22814,23650,836,W
2509,23221,23655,434,E
2332,22820,23655,835,W
2513,23229,23660,431,E
2334,22826,23660,834,W
2517,23237,23665,428,E
2338,22832,23665,833,W
2519,23245,23670,425,E
2340,22838,23670,832,W
2523,23253,23675,422,E
2342,22844,23675,831,W
2527,23261,23680,419,E
2346,22850,23680,830,W
2530,23269,23685,416,E
2348,22856,23685,829,W
2534,23277,23690,413,E
2351,22862,23690,828,W
2537,23285,23695,410,E
2353,22868,23695,827,W
2696,23645,23700,55,N
2694,23642,23700,58,S
2704,23662,23705,43,N
2699,23653,23705,52,S
2712,23679,23710,31,N
2705,23664,23710,46,S
2718,23696,23715,19,N
2709,23675,23715,40,S
2726,23713,23720,7,N
2715,23686,23720,34,S
2720,23697,23725,28,S
2733,23730,23730,0,N
2723,23708,23730,22,S
2729,23719,23735,16,S
2734,23730,23740,10,S
2738,23741,23745,4,S
2741,23747,23750,3,N
2744,23752,23755,3,S
2541,23293,23760,467,E
2356,22874,23760,886,W
2545,23301,23765,464,E
2359,22880,23765,885,W
2548,23309,23770,461,E
2362,22886,23770,884,W
2551,23317,23775,458,E
2363,22892,23775,883,W
2556,23325,23780,455,E
2367,22898,23780,882,W
2558,23333,23785,452,E
2369,22904,23785,881,W
2562,23341,23790,449,E
2372,22910,23790,880,W
2566,23349,23795,446,E
2375,22916,23795,879,W
2570,23357,23800,443,E
2377,22922,23800,878,W
2572,23365,23805,440,E
2380,22928,23805,877,W
2577,23373,23810,437,E
2383,22934,23810,876,W
2580,23381,23815,434,E
2385,22940,23815,875,W
2749,23764,23820,56,N
2748,23763,23820,57,S
2756,23781,23825,44,N
2753,23774,23825,51,S
2764,23798,23830,32,N
2758,23785,23830,45,S
2771,23815,23835,20,N
2762,23796,23835,39,S
2779,23832,23840,8,N
2768,23807,23840,33,S
2773,23818,23845,27,S
2786,23849,23850,1,N
2777,23829,23850,21,S
2782,23840,23855,15,S
2787,23851,23860,9,S
2792,23862,23865,3,S
2794,23866,23870,4,N
2797,23873,23875,2,S
2583,23389,23880,491,E
2387,22946,23880,934,W
2587,23397,23885,488,E
2391,22952,23885,933,W
2590,23405,23890,485,E
2393,22958,23890,932,W
2594,23413,23895,482,E
2395,22964,23895,931,W
2597,23421,23900,479,E
2398,22970,23900,930,W
2601,23429,23905,476,E
2401,22976,23905,929,W
2604,23437,23910,473,E
2405,22982,23910,928,W
2609,23445,23915,470,E
2406,22988,23915,927,W
2611,23453,23920,467,E
2409,22994,23920,926,W
2615,23461,23925,464,E
2412,23000,23925,925,W
2619,23469,23930,461,E
2415,23006,23930,924,W
2623,23477,23935,458,E
2416,23012,23935,923,W
2801,23883,23940,57,N
2802,23884,23940,56,S
2808,23900,23945,45,N
2807,23895,23945,50,S
2815,23917,23950,33,N
2811,23906,23950,44,S
2824,23934,23955,21,N
2816,23917,23955,38,S
2832,23951,23960,9,N
2821,23928,23960,32,S
2826,23939,23965,26,S
2839,23968,23970,2,N
2831,23950,23970,20,S
2836,23961,23975,14,S
2840,23972,23980,8,S
2847,23985,23985,0,N
2845,23983,23985,2,S
2850,23994,23995,1,S
2625,23485,24000,515,E
2420,23018,24000,982,W
2630,23493,24005,512,E
2422,23024,24005,981,W
2633,23501,24010,509,E
2425,23030,24010,980,W
2636,23509,24015,506,E
2427,23036,24015,979,W
2640,23517,24020,503,E
2430,23042,24020,978,W
2643,23525,24025,500,E
2433,23048,24025,977,W
2647,23533,24030,497,E
2436,23054,24030,976,W
2650,23541,24035,494,E
2438,23060,24035,975,W
2654,23549,24040,491,E
2440,23066,24040,974,W
2657,23557,24045,488,E
2444,23072,24045,973,W
2662,23565,24050,485,E
2446,23078,24050,972,W
2664,23573,24055,482,E
2449,23084,24055,971,W
2853,24002,24060,58,N
2855,24005,24060,55,S
2861,24019,24065,46,N
2860,24016,24065,49,S
2868,24036,24070,34,N
2865,24027,24070,43,S
2876,24053,24075,22,N
2870,24038,24075,37,S
2884,24070,24080,10,N
2874,24049,24080,31,S
2879,24060,24085,25,S
2892,24087,24090,3,N
2885,24071,24090,19,S
2889,24082,24095,13,S
2894,24093,24100,7,S
2898,24104,24105,1,N
2899,24104,24105,1,S
2903,24115,24115,0,S
2668,23581,24120,539,E
2451,23090,24120,1030,W
2672,23589,24125,536,E
2454,23096,24125,1029,W
2675,23597,24130,533,E
2457,23102,24130,1028,W
2678,23605,24135,530,E
2459,23108,24135,1027,W
2683,23613,24140,527,E
2462,23114,24140,1026,W
2686,23621,24145,524,E
2465,23120,24145,1025,W
2689,23629,24150,521,E
2468,23126,24150,1024,W
2693,23637,24155,518,E
2469,23132,24155,1023,W
2697,23645,24160,515,E
2473,23138,24160,1022,W
2700,23653,24165,512,E
2475,23144,24165,1021,W
2703,23661,24170,509,E
2478,23150,24170,1020,W
2707,23669,24175,506,E
2480,23156,24175,1019,W
2906,24121,24180,59,N
2909,24126,24180,54,S
2914,24138,24185,47,N
2913,24137,24185,48,S
2921,24155,24190,35,N
2918,24148,24190,42,S
2929,24172,24195,23,N
2924,24159,24195,36,S
2936,24189,24200,11,N
2927,24170,24200,30,S
2932,24181,24205,24,S
2944,24206,24210,4,N
2938,24192,24210,18,S
2942,24203,24215,12,S
2948,24214,24220,6,S
2951,24223,24225,2,N
2953,24225,24225,0,S
2710,23677,24240,563,E
2483,23162,24240,1078,W
2714,23685,24245,560,E
2485,23168,24245,1077,W
2717,23693,24250,557,E
2489,23174,24250,1076,W
2721,23701,24255,554,E
2491,23180,24255,1075,W
2725,23709,24260,551,E
2494,23186,24260,1074,W
2728,23717,24265,548,E
2497,23192,24265,1073,W
2731,23725,24270,545,E
2499,23198,24270,1072,W
2736,23733,24275,542,E
2502,23204,24275,1071,W
2739,23741,24280,539,E
2504,23210,24280,1070,W
2742,23749,24285,536,E
2507,23216,24285,1069,W
2746,23757,24290,533,E
2510,23222,24290,1068,W
2750,23765,24295,530,E
2512,23228,24295,1067,W
2959,24240,24300,60,N
2956,24236,24300,64,S
2966,24257,24305,48,N
2962,24247,24305,58,S
2974,24274,24310,36,N
2967,24258,24310,52,S
2981,24291,24315,24,N
2971,24269,24315,46,S
2988,24308,24320,12,N
2977,24280,24320,40,S
2996,24325,24325,0,N
2982,24291,24325,34,S
2986,24302,24330,28,S
2991,24313,24335,22,S
2995,24324,24340,16,S
3004,24342,24345,3,N
3001,24335,24345,10,S
3006,24346,24350,4,S
2752,23773,24360,587,E
2514,23234,24360,1126,W
2757,23781,24365,584,E
2518,23240,24365,1125,W
2760,23789,24370,581,E
2521,23246,24370,1124,W
2763,23797,24375,578,E
2522,23252,24375,1123,W
2767,23805,24380,575,E
2526,23258,24380,1122,W
2770,23813,24385,572,E
2528,23264,24385,1121,W
2774,23821,24390,569,E
2531,23270,24390,1120,W
2778,23829,24395,566,E
2533,23276,24395,1119,W
2781,23837,24400,563,E
2536,23282,24400,1118,W
2784,23845,24405,560,E
2539,23288,24405,1117,W
2789,23853,24410,557,E
2542,23294,24410,1116,W
2791,23861,24415,554,E
2543,23300,24415,1115,W
3012,24359,24420,61,N
3010,24357,24420,63,S
3019,24376,24425,49,N
3015,24368,24425,57,S
3027,24393,24430,37,N
3020,24379,24430,51,S
3033,24410,24435,25,N
3025,24390,24435,45,S
3041,24427,24440,13,N
3030,24401,24440,39,S
3048,24444,24445,1,N
3035,24412,24445,33,S
3040,24423,24450,27,S
3044,24434,24455,21,S
3049,24445,24460,15,S
3056,24461,24465,4,N
3054,24456,24465,9,S
3059,24467,24470,3,S
2795,23869,24480,611,E
2547,23306,24480,1174,W
2799,23877,24485,608,E
2550,23312,24485,1173,W
2803,23885,24490,605,E
2552,23318,24490,1172,W
2805,23893,24495,602,E
2555,23324,24495,1171,W
2810,23901,24500,599,E
2557,23330,24500,1170,W
2813,23909,24505,596,E
2560,23336,24505,1169,W
2817,23917,24510,593,E
2563,23342,24510,1168,W
2820,23925,24515,590,E
2565,23348,24515,1167,W
2823,23933,24520,587,E
2567,23354,24520,1166,W
2827,23941,24525,584,E
2571,23360,24525,1165,W
2830,23949,24530,581,E
2573,23366,24530,1164,W
2834,23957,24535,578,E
2575,23372,24535,1163,W
3064,24478,24540,62,N
3065,24478,24540,62,S
3072,24495,24545,50,N
3069,24489,24545,56,S
3079,24512,24550,38,N
3073,24500,24550,50,S
3086,24529,24555,26,N
3078,24511,24555,44,S
3094,24546,24560,14,N
3083,24522,24560,38,S
3101,24563,24565,2,N
3088,24533,24565,32,S
3093,24544,24570,26,S
3098,24555,24575,20,S
3109,24580,24580,0,N
3103,24566,24580,14,S
3107,24577,24585,8,S
3112,24588,24590,2,S
2837,23965,24600,635,E
2579,23378,24600,1222,W
2842,23973,24605,632,E
2581,23384,24605,1221,W
2844,23981,24610,629,E
2585,23390,24610,1220,W
2848,23989,24615,626,E
2586,23396,24615,1219,W
2852,23997,24620,623,E
2589,23402,24620,1218,W
2856,24005,24625,620,E
2592,23408,24625,1217,W
2858,24013,24630,617,E
2595,23414,24630,1216,W
2863,24021,24635,614,E
2596,23420,24635,1215,W
2866,24029,24640,611,E
2600,23426,24640,1214,W
2869,24037,24645,608,E
2602,23432,24645,1213,W
2873,24045,24650,605,E
2605,23438,24650,1212,W
2877,24053,24655,602,E
2608,23444,24655,1211,W
3116,24597,24660,63,N
3118,24599,24660,61,S
3124,24614,24665,51,N
3122,24610,24665,55,S
3131,24631,24670,39,N
3127,24621,24670,49,S
3139,24648,24675,27,N
3132,24632,24675,43,S
3146,24665,24680,15,N
3136,24643,24680,37,S
3154,24682,24685,3,N
3142,24654,24685,31,S
3147,24665,24690,25,S
3151,24676,24695,19,S
3162,24699,24700,1,N
3157,24687,24700,13,S
3160,24698,24705,7,S
3165,24709,24710,1,S
2880,24061,24720,659,E
2610,23450,24720,1270,W
2883,24069,24725,656,E
2613,23456,24725,1269,W
2887,24077,24730,653,E
2616,23462,24730,1268,W
2890,24085,24735,650,E
2618,23468,24735,1267,W
2895,24093,24740,647,E
2620,23474,24740,1266,W
2897,24101,24745,644,E
2624,23480,24745,1265,W
2901,24109,24750,641,E
2626,23486,24750,1264,W
2905,24117,24755,638,E
2629,23492,24755,1263,W
2908,24125,24760,635,E
2631,23498,24760,1262,W
2911,24133,24765,632,E
2634,23504,24765,1261,W
2916,24141,24770,629,E
2638,23510,24770,1260,W
2919,24149,24775,626,E
2639,23516,24775,1259,W
3168,24716,24780,64,N
3171,24720,24780,60,S
3176,24733,24785,52,N
3175,24731,24785,54,S
3184,24750,24790,40,N
3181,24742,24790,48,S
3192,24767,24795,28,N
3186,24753,24795,42,S
3199,24784,24800,16,N
3189,24764,24800,36,S
3207,24801,24805,4,N
3195,24775,24805,30,S
3200,24786,24810,24,S
3204,24797,24815,18,S
3213,24818,24820,2,N
3210,24808,24820,12,S
3215,24819,24825,6,S
3219,24830,24830,0,S
3221,24835,24835,0,N
2922,24157,24840,683,E
2642,23522,24840,1318,W
2926,24165,24845,680,E
2645,23528,24845,1317,W
2930,24173,24850,677,E
2648,23534,24850,1316,W
2933,24181,24855,674,E
2649,23540,24855,1315,W
2937,24189,24860,671,E
2653,23546,24860,1314,W
2940,24197,24865,668,E
2655,23552,24865,1313,W
2943,24205,24870,665,E
2658,23558,24870,1312,W
2947,24213,24875,662,E
2660,23564,24875,1311,W
2950,24221,24880,659,E
2663,23570,24880,1310,W
2954,24229,24885,656,E
2666,23576,24885,1309,W
2958,24237,24890,653,E
2669,23582,24890,1308,W
2961,24245,24895,650,E
2671,23588,24895,1307,W
3228,24852,24900,48,N
3224,24841,24900,59,S
3236,24869,24905,36,N
3229,24852,24905,53,S
3245,24886,24910,24,N
3234,24863,24910,47,S
3252,24903,24915,12,N
3239,24874,24915,41,S
3259,24920,24920,0,N
3243,24885,24920,35,S
3248,24896,24925,29,S
3253,24907,24930,23,S
3258,24918,24935,17,S
3266,24937,24940,3,N
3263,24929,24940,11,S
3268,24940,24945,5,S
3274,24954,24955,1,N
3273,24951,24955,4,S
2964,24253,24960,707,E
2674,23594,24960,1366,W
2969,24261,24965,704,E
2677,23600,24965,1365,W
2972,24269,24970,701,E
2679,23606,24970,1364,W
2975,24277,24975,698,E
2682,23612,24975,1363,W
2979,24285,24980,695,E
2684,23618,24980,1362,W
2983,24293,24985,692,E
2687,23624,24985,1361,W
2985,24301,24990,689,E
2690,23630,24990,1360,W
2990,24309,24995,686,E
2692,23636,24995,1359,W
2993,24317,25000,683,E
2695,23642,25000,1358,W
2997,24325,25005,680,E
2698,23648,25005,1357,W
3000,24333,25010,677,E
2701,23654,25010,1356,W
3003,24341,25015,674,E
2702,23660,25015,1355,W
3281,24971,25020,49,N
3277,24962,25020,58,S
3289,24988,25025,37,N
3282,24973,25025,52,S
3296,25005,25030,25,N
3287,24984,25030,46,S
3304,25022,25035,13,N
3292,24995,25035,40,S
3311,25039,25040,1,N
3298,25006,25040,34,S
3302,25017,25045,28,S
3306,25028,25050,22,S
3312,25039,25055,16,S
3319,25056,25060,4,N
3316,25050,25060,10,S
3321,25061,25065,4,S
3327,25073,25075,2,N
3326,25072,25075,3,S
3007,24349,25080,731,E
2706,23666,25080,1414,W
3011,24357,25085,728,E
2708,23672,25085,1413,W
3014,24365,25090,725,E
2711,23678,25090,1412,W
3017,24373,25095,722,E
2713,23684,25095,1411,W
3022,24381,25100,719,E
2716,23690,25100,1410,W
3024,24389,25105,716,E
2719,23696,25105,1409,W
3028,24397,25110,713,E
2722,23702,25110,1408,W
3032,24405,25115,710,E
2724,23708,25115,1407,W
3036,24413,25120,707,E
2727,23714,25120,1406,W
3038,24421,25125,704,E
2730,23720,25125,1405,W
3043,24429,25130,701,E
2732,23726,25130,1404,W
3046,24437,25135,698,E
2735,23732,25135,1403,W
3334,25090,25140,50,N
3331,25083,25140,57,S
3342,25107,25145,38,N
3336,25094,25145,51,S
3348,25124,25150,26,N
3340,25105,25150,45,S
3356,25141,25155,14,N
3345,25116,25155,39,S
3364,25158,25160,2,N
3351,25127,25160,33,S
3355,25138,25165,27,S
3360,25149,25170,21,S
3372,25175,25175,0,N
3365,25160,25175,15,S
3369,25171,25180,9,S
3375,25182,25185,3,S
3379,25192,25195,3,N
3380,25193,25195,2,S
3050,24445,25200,755,E
2737,23738,25200,1462,W
3053,24453,25205,752,E
2740,23744,25205,1461,W
3057,24461,25210,749,E
2743,23750,25210,1460,W
3060,24469,25215,746,E
2745,23756,25215,1459,W
3063,24477,25220,743,E
2747,23762,25220,1458,W
3067,24485,25225,740,E
2751,23768,25225,1457,W
3070,24493,25230,737,E
2754,23774,25230,1456,W
3075,24501,25235,734,E
2755,23780,25235,1455,W
3077,24509,25240,731,E
2759,23786,25240,1454,W
3081,24517,25245,728,E
2761,23792,25245,1453,W
3085,24525,25250,725,E
2765,23798,25250,1452,W
3089,24533,25255,722,E
2766,23804,25255,1451,W
3387,25209,25260,51,N
3384,25204,25260,56,S
3394,25221,25265,44,N
3389,25212,25265,53,S
3401,25233,25270,37,N
3393,25220,25270,50,S
3408,25245,25275,30,N
3398,25228,25275,47,S
3414,25257,25280,23,N
3403,25236,25280,44,S
3422,25269,25285,16,N
3407,25244,25285,41,S
3428,25281,25290,9,N
3411,25252,25290,38,S
3436,25293,25295,2,N
3417,25260,25295,35,S
3421,25268,25300,32,S
3442,25305,25305,0,N
3425,25276,25305,29,S
3431,25284,25310,26,S
3434,25292,25315,23,S
3091,24541,25320,779,E
2769,23810,25320,1510,W
3096,24549,25325,776,E
2772,23816,25325,1509,W
3099,24557,25330,773,E
2775,23822,25330,1508,W
3102,24565,25335,770,E
2776,23828,25335,1507,W
3106,24573,25340,767,E
2780,23834,25340,1506,W
3110,24581,25345,764,E
2783,23840,25345,1505,W
3113,24589,25350,761,E
2785,23846,25350,1504,W
3117,24597,25355,758,E
2788,23852,25355,1503,W
3120,24605,25360,755,E
2790,23858,25360,1502,W
3123,24613,25365,752,E
2793,23864,25365,1501,W
3128,24621,25370,749,E
2796,23870,25370,1500,W
3130,24629,25375,746,E
2798,23876,25375,1499,W
3449,25317,25380,63,N
3439,25300,25380,80,S
3456,25329,25385,56,N
3445,25308,25385,77,S
3463,25341,25390,49,N
3448,25316,25390,74,S
3470,25353,25395,42,N
3453,25324,25395,71,S
3477,25365,25400,35,N
3458,25332,25400,68,S
3483,25377,25405,28,N
3462,25340,25405,65,S
3491,25389,25410,21,N
3467,25348,25410,62,S
3497,25401,25415,14,N
3472,25356,25415,59,S
3505,25413,25420,7,N
3476,25364,25420,56,S
3511,25425,25425,0,N
3480,25372,25425,53,S
3486,25380,25430,50,S
3490,25388,25435,47,S
3134,24637,25440,803,E
2800,23882,25440,1558,W
3138,24645,25445,800,E
2804,23888,25445,1557,W
3141,24653,25450,797,E
2806,23894,25450,1556,W
3144,24661,25455,794,E
2809,23900,25455,1555,W
3149,24669,25460,791,E
2812,23906,25460,1554,W
3152,24677,25465,788,E
2814,23912,25465,1553,W
3155,24685,25470,785,E
2818,23918,25470,1552,W
3159,24693,25475,782,E
2819,23924,25475,1551,W
3163,24701,25480,779,E
2822,23930,25480,1550,W
3166,24709,25485,776,E
2825,23936,25485,1549,W
3170,24717,25490,773,E
2828,23942,25490,1548,W
3173,24725,25495,770,E
2829,23948,25495,1547,W
3518,25437,25500,63,N
3494,25396,25500,104,S
3525,25449,25505,56,N
3500,25404,25505,101,S
3532,25461,25510,49,N
3503,25412,25510,98,S
3539,25473,25515,42,N
3508,25420,25515,95,S
3546,25485,25520,35,N
3514,25428,25520,92,S
3552,25497,25525,28,N
3517,25436,25525,89,S
3560,25509,25530,21,N
3522,25444,25530,86,S
3566,25521,25535,14,N
3527,25452,25535,83,S
3574,25533,25540,7,N
3531,25460,25540,80,S
3580,25545,25545,0,N
3536,25468,25545,77,S
3541,25476,25550,74,S
3545,25484,25555,71,S
3177,24733,25560,827,E
2833,23954,25560,1606,W
3180,24741,25565,824,E
2835,23960,25565,1605,W
3183,24749,25570,821,E
2838,23966,25570,1604,W
3187,24757,25575,818,E
2841,23972,25575,1603,W
3191,24765,25580,815,E
2843,23978,25580,1602,W
3194,24773,25585,812,E
2846,23984,25585,1601,W
3197,24781,25590,809,E
2849,23990,25590,1600,W
3202,24789,25595,806,E
2851,23996,25595,1599,W
3205,24797,25600,803,E
2854,24002,25600,1598,W
3208,24805,25605,800,E
2857,24008,25605,1597,W
3212,24813,25610,797,E
2859,24014,25610,1596,W
3216,24821,25615,794,E
2862,24020,25615,1595,W
3587,25557,25620,63,N
3549,25492,25620,128,S
3594,25569,25625,56,N
3555,25500,25625,125,S
3601,25581,25630,49,N
3559,25508,25630,122,S
3608,25593,25635,42,N
3563,25516,25635,119,S
3615,25605,25640,35,N
3569,25524,25640,116,S
3621,25617,25645,28,N
3572,25532,25645,113,S
3629,25629,25650,21,N
3577,25540,25650,110,S
3635,25641,25655,14,N
3583,25548,25655,107,S
3643,25653,25660,7,N
3586,25556,25660,104,S
3649,25665,25665,0,N
3591,25564,25665,101,S
3596,25572,25670,98,S
3600,25580,25675,95,S
3218,24829,25680,851,E
2864,24026,25680,1654,W
3223,24837,25685,848,E
2867,24032,25685,1653,W
3226,24845,25690,845,E
2871,24038,25690,1652,W
3230,24853,25695,842,E
2872,24044,25695,1651,W
3233,24861,25700,839,E
2875,24050,25700,1650,W
3237,24869,25705,836,E
2878,24056,25705,1649,W
3240,24877,25710,833,E
2881,24062,25710,1648,W
3244,24885,25715,830,E
2882,24068,25715,1647,W
3247,24893,25720,827,E
2886,24074,25720,1646,W
3250,24901,25725,824,E
2888,24080,25725,1645,W
3255,24909,25730,821,E
2891,24086,25730,1644,W
3257,24917,25735,818,E
2893,24092,25735,1643,W
3656,25677,25740,63,N
3605,25588,25740,152,S
3663,25689,25745,56,N
3610,25596,25745,149,S
3670,25701,25750,49,N
3614,25604,25750,146,S
3677,25713,25755,42,N
3618,25612,25755,143,S
3684,25725,25760,35,N
3624,25620,25760,140,S
3690,25737,25765,28,N
3628,25628,25765,137,S
3698,25749,25770,21,N
3632,25636,25770,134,S
3704,25761,25775,14,N
3638,25644,25775,131,S
3712,25773,25780,7,N
3641,25652,25780,128,S
3718,25785,25785,0,N
3646,25660,25785,125,S
3652,25668,25790,122,S
3655,25676,25795,119,S
3261,24925,25800,875,E
2896,24098,25800,1702,W
3265,24933,25805,872,E
2900,24104,25805,1701,W
3269,24941,25810,869,E
2902,24110,25810,1700,W
3271,24949,25815,866,E
2904,24116,25815,1699,W
3276,24957,25820,863,E
2907,24122,25820,1698,W
3279,24965,25825,860,E
2910,24128,25825,1697,W
3283,24973,25830,857,E
2912,24134,25830,1696,W
3286,24981,25835,854,E
2915,24140,25835,1695,W
3290,24989,25840,851,E
2917,24146,25840,1694,W
3293,24997,25845,848,E
2920,24152,25845,1693,W
3297,25005,25850,845,E
2923,24158,25850,1692,W
3300,25013,25855,842,E
2925,24164,25855,1691,W
3725,25797,25860,63,N
3660,25684,25860,176,S
3732,25809,25865,56,N
3665,25692,25865,173,S
3739,25821,25870,49,N
3669,25700,25870,170,S
3746,25833,25875,42,N
3674,25708,25875,167,S
3753,25845,25880,35,N
3679,25716,25880,164,S
3759,25857,25885,28,N
3683,25724,25885,161,S
3767,25869,25890,21,N
3687,25732,25890,158,S
3773,25881,25895,14,N
3693,25740,25895,155,S
3781,25893,25900,7,N
3697,25748,25900,152,S
3787,25905,25905,0,N
3701,25756,25905,149,S
3707,25764,25910,146,S
3710,25772,25915,143,S
3303,25021,25920,899,E
2928,24170,25920,1750,W
3308,25029,25925,896,E
2931,24176,25925,1749,W
3310,25037,25930,893,E
2934,24182,25930,1748,W
3314,25045,25935,890,E
2935,24188,25935,1747,W
3318,25053,25940,887,E
2939,24194,25940,1746,W
3322,25061,25945,884,E
2941,24200,25945,1745,W
3324,25069,25950,881,E
2945,24206,25950,1744,W
3329,25077,25955,878,E
2946,24212,25955,1743,W
3332,25085,25960,875,E
2949,24218,25960,1742,W
3335,25093,25965,872,E
2952,24224,25965,1741,W
3339,25101,25970,869,E
2955,24230,25970,1740,W
3343,25109,25975,866,E
2957,24236,25975,1739,W
3794,25917,25980,63,N
3715,25780,25980,200,S
3801,25929,25985,56,N
3721,25788,25985,197,S
3808,25941,25990,49,N
3724,25796,25990,194,S
3815,25953,25995,42,N
3729,25804,25995,191,S
3822,25965,26000,35,N
3734,25812,26000,188,S
3828,25977,26005,28,N
3738,25820,26005,185,S
3836,25989,26010,21,N
3743,25828,26010,182,S
3842,26001,26015,14,N
3748,25836,26015,179,S
3850,26013,26020,7,N
3752,25844,26020,176,S
3856,26025,26025,0,N
3756,25852,26025,173,S
3762,25860,26030,170,S
3766,25868,26035,167,S
3346,25117,26040,923,E
2960,24242,26040,1798,W
3350,25125,26045,920,E
2963,24248,26045,1797,W
3353,25133,26050,917,E
2965,24254,26050,1796,W
3357,25141,26055,914,E
2968,24260,26055,1795,W
3361,25149,26060,911,E
2970,24266,26060,1794,W
3363,25157,26065,908,E
2973,24272,26065,1793,W
3367,25165,26070,905,E
2976,24278,26070,1792,W
3371,25173,26075,902,E
2978,24284,26075,1791,W
3374,25181,26080,899,E
2980,24290,26080,1790,W
3377,25189,26085,896,E
2984,24296,26085,1789,W
3382,25197,26090,893,E
2987,24302,26090,1788,W
3385,25205,26095,890,E
2989,24308,26095,1787,W
3863,26037,26100,63,N
3770,25876,26100,224,S
3870,26049,26105,56,N
3776,25884,26105,221,S
3877,26061,26110,49,N
3779,25892,26110,218,S
3884,26073,26115,42,N
3784,25900,26115,215,S
3891,26085,26120,35,N
3790,25908,26120,212,S
3897,26097,26125,28,N
3793,25916,26125,209,S
3905,26109,26130,21,N
3798,25924,26130,206,S
3911,26121,26135,14,N
3803,25932,26135,203,S
3919,26133,26140,7,N
3807,25940,26140,200,S
3925,26145,26145,0,N
3812,25948,26145,197,S
3817,25956,26150,194,S
3821,25964,26155,191,S
3388,25211,26160,949,E
2992,24314,26160,1846,W
3391,25217,26165,948,E
2994,24320,26165,1845,W
3396,25223,26170,947,E
2998,24326,26170,1844,W
3399,25229,26175,946,E
2999,24332,26175,1843,W
3402,25235,26180,945,E
3002,24338,26180,1842,W
3405,25241,26185,944,E
3005,24344,26185,1841,W
3409,25247,26190,943,E
3008,24350,26190,1840,W
3413,25253,26195,942,E
3009,24356,26195,1839,W
3416,25259,26200,941,E
3013,24362,26200,1838,W
3419,25265,26205,940,E
3016,24368,26205,1837,W
3423,25271,26210,939,E
3018,24374,26210,1836,W
3426,25277,26215,938,E
3021,24380,26215,1835,W
3932,26157,26220,63,N
3825,25972,26220,248,S
3939,26169,26225,56,N
3831,25980,26225,245,S
3946,26181,26230,49,N
3835,25988,26230,242,S
3953,26193,26235,42,N
3839,25996,26235,239,S
3960,26205,26240,35,N
3845,26004,26240,236,S
3966,26217,26245,28,N
3848,26012,26245,233,S
3974,26229,26250,21,N
3853,26020,26250,230,S
3980,26241,26255,14,N
3859,26028,26255,227,S
3988,26253,26260,7,N
3862,26036,26260,224,S
3994,26265,26265,0,N
3867,26044,26265,221,S
3872,26052,26270,218,S
3876,26060,26275,215,S
3430,25283,26280,997,E
3023,24386,26280,1894,W
3433,25289,26285,996,E
3026,24392,26285,1893,W
3437,25295,26290,995,E
3029,24398,26290,1892,W
3440,25301,26295,994,E
3031,24404,26295,1891,W
3443,25307,26300,993,E
3034,24410,26300,1890,W
3447,25313,26305,992,E
3037,24416,26305,1889,W
3451,25319,26310,991,E
3039,24422,26310,1888,W
3454,25325,26315,990,E
3042,24428,26315,1887,W
3457,25331,26320,989,E
3045,24434,26320,1886,W
3460,25337,26325,988,E
3047,24440,26325,1885,W
3465,25343,26330,987,E
3051,24446,26330,1884,W
3468,25349,26335,986,E
3052,24452,26335,1883,W
4001,26277,26340,63,N
3881,26068,26340,272,S
4008,26289,26345,56,N
3886,26076,26345,269,S
4015,26301,26350,49,N
3890,26084,26350,266,S
4022,26313,26355,42,N
3894,26092,26355,263,S
4029,26325,26360,35,N
3900,26100,26360,260,S
4035,26337,26365,28,N
3904,26108,26365,257,S
4043,26349,26370,21,N
3908,26116,26370,254,S
4049,26361,26375,14,N
3914,26124,26375,251,S
4057,26373,26380,7,N
3917,26132,26380,248,S
4063,26385,26385,0,N
3922,26140,26385,245,S
3928,26148,26390,242,S
3931,26156,26395,239,S
3471,25355,26400,1045,E
3055,24458,26400,1942,W
3474,25361,26405,1044,E
3058,24464,26405,1941,W
3478,25367,26410,1043,E
3061,24470,26410,1940,W
3482,25373,26415,1042,E
3062,24476,26415,1939,W
3485,25379,26420,1041,E
3066,24482,26420,1938,W
3488,25385,26425,1040,E
3068,24488,26425,1937,W
3492,25391,26430,1039,E
3071,24494,26430,1936,W
3495,25397,26435,1038,E
3074,24500,26435,1935,W
3499,25403,26440,1037,E
3076,24506,26440,1934,W
3502,25409,26445,1036,E
3080,24512,26445,1933,W
3506,25415,26450,1035,E
3082,24518,26450,1932,W
3509,25421,26455,1034,E
3084,24524,26455,1931,W
4070,26397,26460,63,N
3936,26164,26460,296,S
4077,26409,26465,56,N
3941,26172,26465,293,S
4084,26421,26470,49,N
3945,26180,26470,290,S
4091,26433,26475,42,N
3950,26188,26475,287,S
4098,26445,26480,35,N
3955,26196,26480,284,S
4104,26457,26485,28,N
3959,26204,26485,281,S
4112,26469,26490,21,N
3963,26212,26490,278,S
4118,26481,26495,14,N
3969,26220,26495,275,S
4126,26493,26500,7,N
3973,26228,26500,272,S
4132,26505,26505,0,N
3977,26236,26505,269,S
3983,26244,26510,266,S
3986,26252,26515,263,S
3512,25427,26520,1093,E
3087,24530,26520,1990,W
3516,25433,26525,1092,E
3090,24536,26525,1989,W
3520,25439,26530,1091,E
3092,24542,26530,1988,W
3523,25445,26535,1090,E
3095,24548,26535,1987,W
3526,25451,26540,1089,E
3097,24554,26540,1986,W
3529,25457,26545,1088,E
3100,24560,26545,1985,W
3534,25463,26550,1087,E
3104,24566,26550,1984,W
3537,25469,26555,1086,E
3105,24572,26555,1983,W
3540,25475,26560,1085,E
3108,24578,26560,1982,W
3543,25481,26565,1084,E
3111,24584,26565,1981,W
3547,25487,26570,1083,E
3114,24590,26570,1980,W
3551,25493,26575,1082,E
3115,24596,26575,1979,W
4139,26517,26580,63,N
3991,26260,26580,320,S
4146,26529,26585,56,N
3997,26268,26585,317,S
4153,26541,26590,49,N
4000,26276,26590,314,S
4160,26553,26595,42,N
4005,26284,26595,311,S
4167,26565,26600,35,N
4010,26292,26600,308,S
4173,26577,26605,28,N
4014,26300,26605,305,S
4181,26589,26610,21,N
4019,26308,26610,302,S
4187,26601,26615,14,N
4024,26316,26615,299,S
4195,26613,26620,7,N
4028,26324,26620,296,S
4201,26625,26625,0,N
4032,26332,26625,293,S
4038,26340,26630,290,S
4042,26348,26635,287,S
3554,25499,26640,1141,E
3119,24602,26640,2038,W
3557,25505,26645,1140,E
3121,24608,26645,2037,W
3561,25511,26650,1139,E
3125,24614,26650,2036,W
3564,25517,26655,1138,E
3126,24620,26655,2035,W
3568,25523,26660,1137,E
3129,24626,26660,2034,W
3571,25529,26665,1136,E
3133,24632,26665,2033,W
3575,25535,26670,1135,E
3135,24638,26670,2032,W
3578,25541,26675,1134,E
3137,24644,26675,2031,W
3581,25547,26680,1133,E
3140,24650,26680,2030,W
3585,25553,26685,1132,E
3143,24656,26685,2029,W
3589,25559,26690,1131,E
3145,24662,26690,2028,W
3592,25565,26695,1130,E
3148,24668,26695,2027,W
4208,26637,26700,63,N
4046,26356,26700,344,S
4215,26649,26705,56,N
4052,26364,26705,341,S
4222,26661,26710,49,N
4055,26372,26710,338,S
4229,26673,26715,42,N
4060,26380,26715,335,S
4236,26685,26720,35,N
4066,26388,26720,332,S
4242,26697,26725,28,N
4069,26396,26725,329,S
4250,26709,26730,21,N
4074,26404,26730,326,S
4256,26721,26735,14,N
4079,26412,26735,323,S
4264,26733,26740,7,N
4083,26420,26740,320,S
4270,26745,26745,0,N
4088,26428,26745,317,S
4093,26436,26750,314,S
4097,26444,26755,311,S
3595,25571,26760,1189,E
3150,24674,26760,2086,W
3598,25577,26765,1188,E
3153,24680,26765,2085,W
3603,25583,26770,1187,E
3156,24686,26770,2084,W
3606,25589,26775,1186,E
3158,24692,26775,2083,W
3609,25595,26780,1185,E
3161,24698,26780,2082,W
3612,25601,26785,1184,E
3164,24704,26785,2081,W
3616,25607,26790,1183,E
3167,24710,26790,2080,W
3620,25613,26795,1182,E
3169,24716,26795,2079,W
3623,25619,26800,1181,E
3172,24722,26800,2078,W
3626,25625,26805,1180,E
3174,24728,26805,2077,W
3630,25631,26810,1179,E
3178,24734,26810,2076,W
3633,25637,26815,1178,E
3179,24740,26815,2075,W
4277,26757,26820,63,N
4101,26452,26820,368,S
4284,26769,26825,56,N
4107,26460,26825,365,S
4291,26781,26830,49,N
4111,26468,26830,362,S
4298,26793,26835,42,N
4115,26476,26835,359,S
4305,26805,26840,35,N
4121,26484,26840,356,S
4311,26817,26845,28,N
4124,26492,26845,353,S
4319,26829,26850,21,N
4129,26500,26850,350,S
4325,26841,26855,14,N
4135,26508,26855,347,S
4333,26853,26860,7,N
4138,26516,26860,344,S
4339,26865,26865,0,N
4143,26524,26865,341,S
4148,26532,26870,338,S
4152,26540,26875,335,S
3637,25643,26880,1237,E
3182,24746,26880,2134,W
3640,25649,26885,1236,E
3185,24752,26885,2133,W
3644,25655,26890,1235,E
3188,24758,26890,2132,W
3647,25661,26895,1234,E
3190,24764,26895,2131,W
3650,25667,26900,1233,E
3193,24770,26900,2130,W
3654,25673,26905,1232,E
3196,24776,26905,2129,W
3658,25679,26910,1231,E
3198,24782,26910,2128,W
3661,25685,26915,1230,E
3201,24788,26915,2127,W
3664,25691,26920,1229,E
3203,24794,26920,2126,W
3667,25697,26925,1228,E
3206,24800,26925,2125,W
3672,25703,26930,1227,E
3209,24806,26930,2124,W
3675,25709,26935,1226,E
3211,24812,26935,2123,W
4346,26877,26940,63,N
4157,26548,26940,392,S
4353,26889,26945,56,N
4162,26556,26945,389,S
4360,26901,26950,49,N
4166,26564,26950,386,S
4367,26913,26955,42,N
4170,26572,26955,383,S
4374,26925,26960,35,N
4176,26580,26960,380,S
4380,26937,26965,28,N
4180,26588,26965,377,S
4388,26949,26970,21,N
4184,26596,26970,374,S
4394,26961,26975,14,N
4190,26604,26975,371,S
4402,26973,26980,7,N
4193,26612,26980,368,S
4408,26985,26985,0,N
4198,26620,26985,365,S
4204,26628,26990,362,S
4207,26636,26995,359,S
3678,25715,27000,1285,E
3214,24818,27000,2182,W
3681,25721,27005,1284,E
3217,24824,27005,2181,W
3685,25727,27010,1283,E
3220,24830,27010,2180,W
3689,25733,27015,1282,E
3222,24836,27015,2179,W
3692,25739,27020,1281,E
3225,24842,27020,2178,W
3695,25745,27025,1280,E
3227,24848,27025,2177,W
3699,25751,27030,1279,E
3231,24854,27030,2176,W
3702,25757,27035,1278,E
3232,24860,27035,2175,W
3706,25763,27040,1277,E
3235,24866,27040,2174,W
3709,25769,27045,1276,E
3238,24872,27045,2173,W
3713,25775,27050,1275,E
3241,24878,27050,2172,W
3716,25781,27055,1274,E
3242,24884,27055,2171,W
4415,26997,27060,63,N
4212,26644,27060,416,S
4422,27009,27065,56,N
4217,26652,27065,413,S
4429,27021,27070,49,N
4221,26660,27070,410,S
4436,27033,27075,42,N
4226,26668,27075,407,S
4443,27045,27080,35,N
4231,26676,27080,404,S
4449,27057,27085,28,N
4235,26684,27085,401,S
4457,27069,27090,21,N
4239,26692,27090,398,S
4463,27081,27095,14,N
4245,26700,27095,395,S
4471,27093,27100,7,N
4249,26708,27100,392,S
4477,27105,27105,0,N
4253,26716,27105,389,S
4259,26724,27110,386,S
4262,26732,27115,383,S
3719,25787,27120,1333,E
3246,24890,27120,2230,W
3723,25793,27125,1332,E
3249,24896,27125,2229,W
3727,25799,27130,1331,E
3251,24902,27130,2228,W
3730,25805,27135,1330,E
3254,24908,27135,2227,W
3733,25811,27140,1329,E
3256,24914,27140,2226,W
3736,25817,27145,1328,E
3260,24920,27145,2225,W
3741,25823,27150,1327,E
3262,24926,27150,2224,W
3744,25829,27155,1326,E
3264,24932,27155,2223,W
3747,25835,27160,1325,E
3267,24938,27160,2222,W
3750,25841,27165,1324,E
3270,24944,27165,2221,W
3754,25847,27170,1323,E
3272,24950,27170,2220,W
3758,25853,27175,1322,E
3275,24956,27175,2219,W
4484,27117,27180,63,N
4267,26740,27180,440,S
4491,27129,27185,56,N
4273,26748,27185,437,S
4498,27141,27190,49,N
4276,26756,27190,434,S
4505,27153,27195,42,N
4281,26764,27195,431,S
4512,27165,27200,35,N
4286,26772,27200,428,S
4518,27177,27205,28,N
4290,26780,27205,425,S
4526,27189,27210,21,N
4295,26788,27210,422,S
4532,27201,27215,14,N
4300,26796,27215,419,S
4540,27213,27220,7,N
4304,26804,27220,416,S
4546,27225,27225,0,N
4308,26812,27225,413,S
4314,26820,27230,410,S
4318,26828,27235,407,S
3761,25859,27240,1381,E
3278,24962,27240,2278,W
3764,25865,27245,1380,E
3280,24968,27245,2277,W
3768,25871,27250,1379,E
3284,24974,27250,2276,W
3771,25877,27255,1378,E
3285,24980,27255,2275,W
3775,25883,27260,1377,E
3288,24986,27260,2274,W
3778,25889,27265,1376,E
3291,24992,27265,2273,W
3782,25895,27270,1375,E
3294,24998,27270,2272,W
3785,25901,27275,1374,E
3295,25004,27275,2271,W
3788,25907,27280,1373,E
3299,25010,27280,2270,W
3792,25913,27285,1372,E
3301,25016,27285,2269,W
3796,25919,27290,1371,E
3305,25022,27290,2268,W
3799,25925,27295,1370,E
3307,25028,27295,2267,W
4553,27237,27300,63,N
4322,26836,27300,464,S
4560,27249,27305,56,N
4328,26844,27305,461,S
4567,27261,27310,49,N
4331,26852,27310,458,S
4574,27273,27315,42,N
4336,26860,27315,455,S
4581,27285,27320,35,N
4342,26868,27320,452,S
4587,27297,27325,28,N
4345,26876,27325,449,S
4595,27309,27330,21,N
4350,26884,27330,446,S
4601,27321,27335,14,N
4355,26892,27335,443,S
4609,27333,27340,7,N
4359,26900,27340,440,S
4615,27345,27345,0,N
4364,26908,27345,437,S
4369,26916,27350,434,S
4373,26924,27355,431,S
3802,25931,27360,1429,E
3309,25034,27360,2326,W
3805,25937,27365,1428,E
3313,25040,27365,2325,W
3810,25943,27370,1427,E
3315,25046,27370,2324,W
3813,25949,27375,1426,E
3317,25052,27375,2323,W
3816,25955,27380,1425,E
3320,25058,27380,2322,W
3819,25961,27385,1424,E
3323,25064,27385,2321,W
3823,25967,27390,1423,E
3325,25070,27390,2320,W
3827,25973,27395,1422,E
3328,25076,27395,2319,W
3830,25979,27400,1421,E
3330,25082,27400,2318,W
3833,25985,27405,1420,E
3333,25088,27405,2317,W
3837,25991,27410,1419,E
3337,25094,27410,2316,W
3840,25997,27415,1418,E
3338,25100,27415,2315,W
4622,27357,27420,63,N
4377,26932,27420,488,S
4629,27369,27425,56,N
4383,26940,27425,485,S
4636,27381,27430,49,N
4387,26948,27430,482,S
4643,27393,27435,42,N
4391,26956,27435,479,S
4650,27405,27440,35,N
4397,26964,27440,476,S
4656,27417,27445,28,N
4400,26972,27445,473,S
4664,27429,27450,21,N
4405,26980,27450,470,S
4670,27441,27455,14,N
4411,26988,27455,467,S
4678,27453,27460,7,N
4414,26996,27460,464,S
4684,27465,27465,0,N
4419,27004,27465,461,S
4424,27012,27470,458,S
4428,27020,27475,455,S
3844,26003,27480,1477,E
3341,25106,27480,2374,W
3847,26009,27485,1476,E
3344,25112,27485,2373,W
3851,26015,27490,1475,E
3347,25118,27490,2372,W
3854,26021,27495,1474,E
3349,25124,27495,2371,W
3857,26027,27500,1473,E
3352,25130,27500,2370,W
3861,26033,27505,1472,E
3354,25136,27505,2369,W
3865,26039,27510,1471,E
3358,25142,27510,2368,W
3868,26045,27515,1470,E
3359,25148,27515,2367,W
3871,26051,27520,1469,E
3362,25154,27520,2366,W
3874,26057,27525,1468,E
3366,25160,27525,2365,W
3879,26063,27530,1467,E
3368,25166,27530,2364,W
3882,26069,27535,1466,E
3370,25172,27535,2363,W
4691,27477,27540,63,N
4433,27028,27540,512,S
4698,27489,27545,56,N
4438,27036,27545,509,S
4705,27501,27550,49,N
4442,27044,27550,506,S
4712,27513,27555,42,N
4446,27052,27555,503,S
4719,27525,27560,35,N
4452,27060,27560,500,S
4725,27537,27565,28,N
4456,27068,27565,497,S
4733,27549,27570,21,N
4460,27076,27570,494,S
4739,27561,27575,14,N
4466,27084,27575,491,S
4747,27573,27580,7,N
4469,27092,27580,488,S
4753,27585,27585,0,N
4474,27100,27585,485,S
4480,27108,27590,482,S
4483,27116,27595,479,S
3885,26075,27600,1525,E
3373,25178,27600,2422,W
3888,26081,27605,1524,E
3376,25184,27605,2421,W
3892,26087,27610,1523,E
3378,25190,27610,2420,W
3896,26093,27615,1522,E
3381,25196,27615,2419,W
3899,26099,27620,1521,E
3383,25202,27620,2418,W
3902,26105,27625,1520,E
3386,25207,27625,2418,W
3906,26111,27630,1519,E
3390,25212,27630,2418,W
3909,26117,27635,1518,E
3392,25217,27635,2418,W
3913,26123,27640,1517,E
3395,25222,27640,2418,W
3916,26129,27645,1516,E
3397,25227,27645,2418,W
3920,26135,27650,1515,E
3400,25232,27650,2418,W
3923,26141,27655,1514,E
3404,25237,27655,2418,W
4760,27597,27660,63,N
4488,27124,27660,536,S
4767,27609,27665,56,N
4493,27132,27665,533,S
4774,27621,27670,49,N
4497,27140,27670,530,S
4781,27633,27675,42,N
4502,27148,27675,527,S
4788,27645,27680,35,N
4507,27156,27680,524,S
4794,27657,27685,28,N
4511,27164,27685,521,S
4802,27669,27690,21,N
4515,27172,27690,518,S
4808,27681,27695,14,N
4521,27180,27695,515,S
4816,27693,27700,7,N
4525,27188,27700,512,S
4822,27705,27705,0,N
4529,27196,27705,509,S
4535,27204,27710,506,S
4538,27212,27715,503,S
3926,26147,27720,1573,E
3406,25242,27720,2478,W
3930,26153,27725,1572,E
3410,25247,27725,2478,W
3934,26159,27730,1571,E
3412,25252,27730,2478,W
3937,26165,27735,1570,E
3415,25257,27735,2478,W
3940,26171,27740,1569,E
3418,25262,27740,2478,W
3943,26177,27745,1568,E
3420,25267,27745,2478,W
3948,26183,27750,1567,E
3424,25272,27750,2478,W
3951,26189,27755,1566,E
3427,25277,27755,2478,W
3954,26195,27760,1565,E
3429,25282,27760,2478,W
3957,26201,27765,1564,E
3432,25287,27765,2478,W
3961,26207,27770,1563,E
3435,25292,27770,2478,W
3965,26213,27775,1562,E
3438,25297,27775,2478,W
4829,27717,27780,63,N
4543,27220,27780,560,S
4836,27729,27785,56,N
4549,27228,27785,557,S
4843,27741,27790,49,N
4552,27236,27790,554,S
4850,27753,27795,42,N
4557,27244,27795,551,S
4857,27765,27800,35,N
4562,27252,27800,548,S
4863,27777,27805,28,N
4566,27260,27805,545,S
4871,27789,27810,21,N
4571,27268,27810,542,S
4877,27801,27815,14,N
4576,27276,27815,539,S
4885,27813,27820,7,N
4580,27284,27820,536,S
4891,27825,27825,0,N
4584,27292,27825,533,S
4590,27300,27830,530,S
4594,27308,27835,527,S
3968,26219,27840,1621,E
3441,25302,27840,2538,W
3971,26225,27845,1620,E
3444,25307,27845,2538,W
3975,26231,27850,1619,E
3446,25312,27850,2538,W
3978,26237,27855,1618,E
3450,25317,27855,2538,W
3982,26243,27860,1617,E
3452,25322,27860,2538,W
3985,26249,27865,1616,E
3455,25327,27865,2538,W
3989,26255,27870,1615,E
3459,25332,27870,2538,W
3992,26261,27875,1614,E
3461,25337,27875,2538,W
3995,26267,27880,1613,E
3464,25342,27880,2538,W
3999,26273,27885,1612,E
3466,25347,27885,2538,W
4003,26279,27890,1611,E
3469,25352,27890,2538,W
4006,26285,27895,1610,E
3473,25357,27895,2538,W
4898,27837,27900,63,N
4598,27316,27900,584,S
4905,27849,27905,56,N
4604,27324,27905,581,S
4912,27861,27910,49,N
4607,27332,27910,578,S
4919,27873,27915,42,N
4612,27340,27915,575,S
4926,27885,27920,35,N
4618,27348,27920,572,S
4932,27897,27925,28,N
4621,27356,27925,569,S
4940,27909,27930,21,N
4626,27364,27930,566,S
4946,27921,27935,14,N
4631,27372,27935,563,S
4954,27933,27940,7,N
4635,27380,27940,560,S
4960,27945,27945,0,N
4640,27388,27945,557,S
4645,27396,27950,554,S
4649,27404,27955,551,S
4009,26291,27960,1669,E
3475,25362,27960,2598,W
4012,26297,27965,1668,E
3479,25367,27965,2598,W
4017,26303,27970,1667,E
3481,25372,27970,2598,W
4020,26309,27975,1666,E
3484,25377,27975,2598,W
4023,26315,27980,1665,E
3487,25382,27980,2598,W
4026,26321,27985,1664,E
3489,25387,27985,2598,W
4030,26327,27990,1663,E
3493,25392,27990,2598,W
4034,26333,27995,1662,E
3496,25397,27995,2598,W
4037,26339,28000,1661,E
3498,25402,28000,2598,W
4040,26345,28005,1660,E
3501,25407,28005,2598,W
4044,26351,28010,1659,E
3504,25412,28010,2598,W
4047,26357,28015,1658,E
3507,25417,28015,2598,W
4967,27957,28020,63,N
4653,27412,28020,608,S
4974,27969,28025,56,N
4659,27420,28025,605,S
4981,27981,28030,49,N
4663,27428,28030,602,S
4988,27993,28035,42,N
4667,27436,28035,599,S
4995,28005,28040,35,N
4673,27444,28040,596,S
5001,28017,28045,28,N
4676,27452,28045,593,S
5009,28029,28050,21,N
4681,27460,28050,590,S
5015,28041,28055,14,N
4687,27468,28055,587,S
5023,28053,28060,7,N
4690,27476,28060,584,S
5029,28065,28065,0,N
4695,27484,28065,581,S
4700,27492,28070,578,S
4704,27500,28075,575,S
4051,26363,28080,1717,E
3510,25422,28080,2658,W
4054,26369,28085,1716,E
3513,25427,28085,2658,W
4058,26375,28090,1715,E
3515,25432,28090,2658,W
4061,26381,28095,1714,E
3519,25437,28095,2658,W
4064,26387,28100,1713,E
3521,25442,28100,2658,W
4068,26393,28105,1712,E
3524,25447,28105,2658,W
4072,26399,28110,1711,E
3528,25452,28110,2658,W
4075,26405,28115,1710,E
3530,25457,28115,2658,W
4078,26411,28120,1709,E
3533,25462,28120,2658,W
4081,26417,28125,1708,E
3535,25467,28125,2658,W
4086,26423,28130,1707,E
3538,25472,28130,2658,W
4089,26429,28135,1706,E
3542,25477,28135,2658,W
5036,28077,28140,63,N
4709,27508,28140,632,S
5043,28089,28145,56,N
4714,27516,28145,629,S
5050,28101,28150,49,N
4718,27524,28150,626,S
5057,28113,28155,42,N
4722,27532,28155,623,S
5064,28125,28160,35,N
4728,27540,28160,620,S
5070,28137,28165,28,N
4732,27548,28165,617,S
5078,28149,28170,21,N
4736,27556,28170,614,S
5084,28161,28175,14,N
4742,27564,28175,611,S
5092,28173,28180,7,N
4745,27572,28180,608,S
5098,28185,28185,0,N
4750,27580,28185,605,S
4756,27588,28190,602,S
4759,27596,28195,599,S
4092,26435,28200,1765,E
3544,25482,28200,2718,W
4095,26441,28205,1764,E
3548,25487,28205,2718,W
4099,26447,28210,1763,E
3550,25492,28210,2718,W
4103,26453,28215,1762,E
3553,25497,28215,2718,W
4106,26459,28220,1761,E
3556,25502,28220,2718,W
4109,26465,28225,1760,E
3558,25507,28225,2718,W
4113,26471,28230,1759,E
3562,25512,28230,2718,W
4116,26477,28235,1758,E
3565,25517,28235,2718,W
4120,26483,28240,1757,E
3567,25522,28240,2718,W
4123,26489,28245,1756,E
3570,25527,28245,2718,W
4127,26495,28250,1755,E
3573,25532,28250,2718,W
4130,26501,28255,1754,E
3576,25537,28255,2718,W
5105,28197,28260,63,N
4764,27604,28260,656,S
5112,28209,28265,56,N
4769,27612,28265,653,S
5119,28221,28270,49,N
4773,27620,28270,650,S
5126,28233,28275,42,N
4778,27628,28275,647,S
5133,28245,28280,35,N
4783,27636,28280,644,S
5139,28257,28285,28,N
4787,27644,28285,641,S
5147,28269,28290,21,N
4791,27652,28290,638,S
5153,28281,28295,14,N
4797,27660,28295,635,S
5161,28293,28300,7,N
4801,27668,28300,632,S
5167,28305,28305,0,N
4805,27676,28305,629,S
4811,27684,28310,626,S
4814,27692,28315,623,S
4133,26507,28320,1813,E
3579,25542,28320,2778,W
4137,26513,28325,1812,E
3582,25547,28325,2778,W
4141,26519,28330,1811,E
3584,25552,28330,2778,W
4144,26525,28335,1810,E
3588,25557,28335,2778,W
4147,26531,28340,1809,E
3590,25562,28340,2778,W
4150,26537,28345,1808,E
3593,25567,28345,2778,W
4155,26543,28350,1807,E
3597,25572,28350,2778,W
4158,26549,28355,1806,E
3599,25577,28355,2778,W
4161,26555,28360,1805,E
3602,25582,28360,2778,W
4164,26561,28365,1804,E
3604,25587,28365,2778,W
4168,26567,28370,1803,E
3607,25592,28370,2778,W
4172,26573,28375,1802,E
3611,25597,28375,2778,W
5174,28317,28380,63,N
4819,27700,28380,680,S
5181,28329,28385,56,N
4825,27708,28385,677,S
5188,28341,28390,49,N
4828,27716,28390,674,S
5195,28353,28395,42,N
4833,27724,28395,671,S
5202,28365,28400,35,N
4838,27732,28400,668,S
5208,28377,28405,28,N
4842,27740,28405,665,S
5216,28389,28410,21,N
4847,27748,28410,662,S
5222,28401,28415,14,N
4852,27756,28415,659,S
5230,28413,28420,7,N
4856,27764,28420,656,S
5236,28425,28425,0,N
4860,27772,28425,653,S
4866,27780,28430,650,S
4870,27788,28435,647,S
4175,26579,28440,1861,E
3613,25602,28440,2838,W
4178,26585,28445,1860,E
3617,25607,28445,2838,W
4182,26591,28450,1859,E
3619,25612,28450,2838,W
4185,26597,28455,1858,E
3622,25617,28455,2838,W
4189,26603,28460,1857,E
3625,25622,28460,2838,W
4192,26609,28465,1856,E
3627,25627,28465,2838,W
4196,26615,28470,1855,E
3631,25632,28470,2838,W
4199,26621,28475,1854,E
3634,25637,28475,2838,W
4202,26627,28480,1853,E
3636,25642,28480,2838,W
4206,26633,28485,1852,E
3639,25647,28485,2838,W
4210,26639,28490,1851,E
3642,25652,28490,2838,W
4213,26645,28495,1850,E
3645,25657,28495,2838,W
5243,28437,28500,63,N
4874,27796,28500,704,S
5250,28449,28505,56,N
4880,27804,28505,701,S
5257,28461,28510,49,N
4883,27812,28510,698,S
5264,28473,28515,42,N
4888,27820,28515,695,S
5271,28485,28520,35,N
4894,27828,28520,692,S
5277,28497,28525,28,N
4897,27836,28525,689,S
5285,28509,28530,21,N
4902,27844,28530,686,S
5291,28521,28535,14,N
4907,27852,28535,683,S
5299,28533,28540,7,N
4911,27860,28540,680,S
5305,28545,28545,0,N
4916,27868,28545,677,S
4921,27876,28550,674,S
4925,27884,28555,671,S
4216,26651,28560,1909,E
3648,25662,28560,2898,W
4219,26657,28565,1908,E
3651,25667,28565,2898,W
4224,26663,28570,1907,E
3653,25672,28570,2898,W
4227,26669,28575,1906,E
3657,25677,28575,2898,W
4230,26675,28580,1905,E
3659,25682,28580,2898,W
4233,26681,28585,1904,E
3662,25687,28585,2898,W
4237,26687,28590,1903,E
3666,25692,28590,2898,W
4241,26693,28595,1902,E
3668,25697,28595,2898,W
4244,26699,28600,1901,E
3671,25702,28600,2898,W
4247,26705,28605,1900,E
3673,25707,28605,2898,W
4251,26711,28610,1899,E
3676,25712,28610,2898,W
4254,26717,28615,1898,E
3680,25717,28615,2898,W
5312,28557,28620,63,N
4929,27892,28620,728,S
5319,28569,28625,56,N
4935,27900,28625,725,S
5326,28581,28630,49,N
4939,27908,28630,722,S
5333,28593,28635,42,N
4943,27916,28635,719,S
5340,28605,28640,35,N
4949,27924,28640,716,S
5346,28617,28645,28,N
4952,27932,28645,713,S
5354,28629,28650,21,N
4957,27940,28650,710,S
5360,28641,28655,14,N
4963,27948,28655,707,S
5368,28653,28660,7,N
4966,27956,28660,704,S
5374,28665,28665,0,N
4971,27964,28665,701,S
4976,27972,28670,698,S
4980,27980,28675,695,S
4258,26723,28680,1957,E
3682,25722,28680,2958,W
4261,26729,28685,1956,E
3686,25727,28685,2958,W
4265,26735,28690,1955,E
3688,25732,28690,2958,W
4268,26741,28695,1954,E
3691,25737,28695,2958,W
4271,26747,28700,1953,E
3694,25742,28700,2958,W
4275,26753,28705,1952,E
3696,25747,28705,2958,W
4279,26759,28710,1951,E
3700,25752,28710,2958,W
4282,26765,28715,1950,E
3703,25757,28715,2958,W
4285,26771,28720,1949,E
3705,25762,28720,2958,W
4288,26777,28725,1948,E
3708,25767,28725,2958,W
4293,26783,28730,1947,E
3711,25772,28730,2958,W
4296,26789,28735,1946,E
3714,25777,28735,2958,W
5381,28677,28740,63,N
4985,27988,28740,752,S
5388,28689,28745,56,N
4990,27996,28745,749,S
5395,28701,28750,49,N
4994,28004,28750,746,S
5402,28713,28755,42,N
4998,28012,28755,743,S
5409,28725,28760,35,N
5004,28020,28760,740,S
5415,28737,28765,28,N
5008,28028,28765,737,S
5423,28749,28770,21,N
5012,28036,28770,734,S
5429,28761,28775,14,N
5018,28044,28775,731,S
5437,28773,28780,7,N
5021,28052,28780,728,S
5443,28785,28785,0,N
5026,28060,28785,725,S
5032,28068,28790,722,S
5035,28076,28795,719,S
4299,26795,28800,2005,E
3717,25782,28800,3018,W
4302,26801,28805,2004,E
3720,25787,28805,3018,W
4306,26807,28810,2003,E
3722,25792,28810,3018,W
4310,26813,28815,2002,E
3726,25797,28815,3018,W
4313,26819,28820,2001,E
3728,25802,28820,3018,W
4316,26825,28825,2000,E
3731,25807,28825,3018,W
4320,26831,28830,1999,E
3735,25812,28830,3018,W
4323,26837,28835,1998,E
3737,25817,28835,3018,W
4327,26843,28840,1997,E
3740,25822,28840,3018,W
4330,26849,28845,1996,E
3742,25827,28845,3018,W
4334,26855,28850,1995,E
3745,25832,28850,3018,W
4337,26861,28855,1994,E
3749,25837,28855,3018,W
5450,28797,28860,63,N
5040,28084,28860,776,S
5457,28809,28865,56,N
5045,28092,28865,773,S
5464,28822,28870,48,N
5049,28100,28870,770,S
5471,28835,28875,40,N
5054,28108,28875,767,S
5480,28848,28880,32,N
5059,28116,28880,764,S
5487,28861,28885,24,N
5063,28124,28885,761,S
5494,28874,28890,16,N
5067,28132,28890,758,S
5501,28887,28895,8,N
5073,28140,28895,755,S
5508,28900,28900,0,N
5077,28148,28900,752,S
5081,28156,28905,749,S
5087,28164,28910,746,S
5516,28913,28915,2,N
5090,28172,28915,743,S
4340,26867,28920,2053,E
3751,25842,28920,3078,W
4344,26873,28925,2052,E
3755,25847,28925,3078,W
4348,26879,28930,2051,E
3757,25852,28930,3078,W
4351,26885,28935,2050,E
3760,25857,28935,3078,W
4354,26891,28940,2049,E
3763,25862,28940,3078,W
4357,26897,28945,2048,E
3765,25867,28945,3078,W
4362,26903,28950,2047,E
3769,25872,28950,3078,W
4365,26909,28955,2046,E
3772,25877,28955,3078,W
4368,26915,28960,2045,E
3774,25882,28960,3078,W
4371,26921,28965,2044,E
3777,25887,28965,3078,W
4375,26927,28970,2043,E
3780,25892,28970,3078,W
4379,26933,28975,2042,E
3783,25897,28975,3078,W
5524,28926,28980,54,N
5095,28180,28980,800,S
5531,28939,28985,46,N
5101,28188,28985,797,S
5538,28952,28990,38,N
5104,28196,28990,794,S
5546,28965,28995,30,N
5109,28204,28995,791,S
5553,28978,29000,22,N
5114,28212,29000,788,S
5560,28991,29005,14,N
5118,28220,29005,785,S
5568,29004,29010,6,N
5123,28228,29010,782,S
5128,28236,29015,779,S
5575,29017,29020,3,N
5132,28244,29020,776,S
5136,28252,29025,773,S
5583,29030,29030,0,N
5142,28260,29030,770,S
5146,28268,29035,767,S
4382,26939,29040,2101,E
3786,25902,29040,3138,W
4385,26945,29045,2100,E
3789,25907,29045,3138,W
4389,26951,29050,2099,E
3791,25912,29050,3138,W
4392,26957,29055,2098,E
3795,25917,29055,3138,W
4396,26963,29060,2097,E
3797,25922,29060,3138,W
4399,26969,29065,2096,E
3800,25927,29065,3138,W
4403,26975,29070,2095,E
3804,25932,29070,3138,W
4406,26981,29075,2094,E
3806,25937,29075,3138,W
4409,26987,29080,2093,E
3809,25942,29080,3138,W
4413,26993,29085,2092,E
3811,25947,29085,3138,W
4417,26999,29090,2091,E
3814,25952,29090,3138,W
4420,27005,29095,2090,E
3818,25957,29095,3138,W
5590,29043,29100,57,N
5150,28276,29100,824,S
5597,29056,29105,49,N
5156,28284,29105,821,S
5605,29069,29110,41,N
5159,28292,29110,818,S
5612,29082,29115,33,N
5164,28300,29115,815,S
5620,29095,29120,25,N
5170,28308,29120,812,S
5627,29108,29125,17,N
5173,28316,29125,809,S
5634,29121,29130,9,N
5178,28324,29130,806,S
5642,29134,29135,1,N
5183,28332,29135,803,S
5187,28340,29140,800,S
5192,28348,29145,797,S
5648,29147,29150,3,N
5197,28356,29150,794,S
5201,28364,29155,791,S
4423,27011,29160,2149,E
3820,25962,29160,3198,W
4426,27017,29165,2148,E
3824,25967,29165,3198,W
4431,27023,29170,2147,E
3826,25972,29170,3198,W
4434,27029,29175,2146,E
3829,25977,29175,3198,W
4437,27035,29180,2145,E
3832,25982,29180,3198,W
4440,27041,29185,2144,E
3834,25987,29185,3198,W
4444,27047,29190,2143,E
3838,25992,29190,3198,W
4448,27053,29195,2142,E
3841,25997,29195,3198,W
4451,27059,29200,2141,E
3843,26002,29200,3198,W
4454,27065,29205,2140,E
3846,26007,29205,3198,W
4458,27071,29210,2139,E
3849,26012,29210,3198,W
4461,27077,29215,2138,E
3852,26017,29215,3198,W
5657,29160,29220,60,N
5205,28372,29220,848,S
5665,29173,29225,52,N
5211,28380,29225,845,S
5671,29186,29230,44,N
5215,28388,29230,842,S
5679,29199,29235,36,N
5219,28396,29235,839,S
5685,29212,29240,28,N
5225,28404,29240,836,S
5693,29225,29245,20,N
5228,28412,29245,833,S
5702,29238,29250,12,N
5233,28420,29250,830,S
5708,29251,29255,4,N
5239,28428,29255,827,S
5242,28436,29260,824,S
5716,29264,29265,1,N
5247,28444,29265,821,S
5252,28452,29270,818,S
5256,28460,29275,815,S
4465,27083,29280,2197,E
3855,26022,29280,3258,W
4468,27089,29285,2196,E
3858,26027,29285,3258,W
4472,27095,29290,2195,E
3860,26032,29290,3258,W
4475,27101,29295,2194,E
3864,26037,29295,3258,W
4478,27107,29300,2193,E
3866,26042,29300,3258,W
4482,27113,29305,2192,E
3869,26047,29305,3258,W
4486,27119,29310,2191,E
3873,26052,29310,3258,W
4489,27125,29315,2190,E
3875,26057,29315,3258,W
4492,27131,29320,2189,E
3878,26062,29320,3258,W
4495,27137,29325,2188,E
3880,26067,29325,3258,W
4500,27143,29330,2187,E
3883,26072,29330,3258,W
4503,27149,29335,2186,E
3887,26077,29335,3258,W
5723,29277,29340,63,N
5261,28468,29340,872,S
5730,29290,29345,55,N
5266,28476,29345,869,S
5738,29303,29350,47,N
5270,28484,29350,866,S
5745,29316,29355,39,N
5274,28492,29355,863,S
5753,29329,29360,31,N
5280,28500,29360,860,S
5760,29342,29365,23,N
5284,28508,29365,857,S
5767,29355,29370,15,N
5288,28516,29370,854,S
5775,29368,29375,7,N
5294,28524,29375,851,S
5297,28532,29380,848,S
5782,29381,29385,4,N
5302,28540,29385,845,S
5308,28548,29390,842,S
5790,29394,29395,1,N
5311,28556,29395,839,S
4506,27155,29400,2245,E
3889,26082,29400,3318,W
4509,27161,29405,2244,E
3893,26087,29405,3318,W
4513,27167,29410,2243,E
3895,26092,29410,3318,W
4517,27173,29415,2242,E
3898,26097,29415,3318,W
4520,27179,29420,2241,E
3901,26102,29420,3318,W
4523,27185,29425,2240,E
3903,26107,29425,3318,W
4527,27191,29430,2239,E
3907,26112,29430,3318,W
4530,27197,29435,2238,E
3910,26117,29435,3318,W
4534,27203,29440,2237,E
3912,26122,29440,3318,W
4537,27209,29445,2236,E
3915,26127,29445,3318,W
4541,27215,29450,2235,E
3918,26132,29450,3318,W
4544,27221,29455,2234,E
3921,26137,29455,3318,W
5797,29407,29460,53,N
5316,28564,29460,896,S
5804,29420,29465,45,N
5321,28572,29465,893,S
5812,29433,29470,37,N
5325,28580,29470,890,S
5819,29446,29475,29,N
5330,28588,29475,887,S
5826,29459,29480,21,N
5335,28596,29480,884,S
5834,29472,29485,13,N
5339,28604,29485,881,S
5842,29485,29490,5,N
5343,28612,29490,878,S
5349,28620,29495,875,S
5849,29498,29500,2,N
5353,28628,29500,872,S
5357,28636,29505,869,S
5363,28644,29510,866,S
5856,29511,29515,4,N
5366,28652,29515,863,S
4547,27227,29520,2293,E
3924,26142,29520,3378,W
4551,27233,29525,2292,E
3927,26147,29525,3378,W
4555,27239,29530,2291,E
3929,26152,29530,3378,W
4558,27245,29535,2290,E
3933,26157,29535,3378,W
4561,27251,29540,2289,E
3935,26162,29540,3378,W
4564,27257,29545,2288,E
3938,26167,29545,3378,W
4569,27263,29550,2287,E
3942,26172,29550,3378,W
4572,27269,29555,2286,E
3944,26177,29555,3378,W
4575,27275,29560,2285,E
3947,26182,29560,3378,W
4578,27281,29565,2284,E
3949,26187,29565,3378,W
4582,27287,29570,2283,E
3952,26192,29570,3378,W
4586,27293,29575,2282,E
3956,26197,29575,3378,W
5863,29524,29580,56,N
5371,28660,29580,920,S
5870,29537,29585,48,N
5377,28668,29585,917,S
5879,29550,29590,40,N
5380,28676,29590,914,S
5886,29563,29595,32,N
5385,28684,29595,911,S
5893,29576,29600,24,N
5390,28692,29600,908,S
5901,29589,29605,16,N
5394,28700,29605,905,S
5907,29602,29610,8,N
5399,28708,29610,902,S
5915,29615,29615,0,N
5404,28716,29615,899,S
5408,28724,29620,896,S
5412,28732,29625,893,S
5923,29628,29630,2,N
5418,28740,29630,890,S
5422,28748,29635,887,S
4589,27299,29640,2341,E
3958,26202,29640,3438,W
4592,27305,29645,2340,E
3962,26207,29645,3438,W
4596,27311,29650,2339,E
3964,26212,29650,3438,W
4599,27317,29655,2338,E
3967,26217,29655,3438,W
4603,27323,29660,2337,E
3970,26222,29660,3438,W
4606,27329,29665,2336,E
3972,26227,29665,3438,W
4610,27335,29670,2335,E
3976,26232,29670,3438,W
4613,27341,29675,2334,E
3979,26237,29675,3438,W
4616,27347,29680,2333,E
3981,26242,29680,3438,W
4620,27353,29685,2332,E
3984,26247,29685,3438,W
4624,27359,29690,2331,E
3987,26252,29690,3438,W
4627,27365,29695,2330,E
3990,26257,29695,3438,W
5930,29641,29700,59,N
5426,28756,29700,944,S
5938,29654,29705,51,N
5432,28764,29705,941,S
5944,29667,29710,43,N
5435,28772,29710,938,S
5952,29680,29715,35,N
5440,28780,29715,935,S
5960,29693,29720,27,N
5446,28788,29720,932,S
5967,29706,29725,19,N
5449,28796,29725,929,S
5975,29719,29730,11,N
5454,28804,29730,926,S
5981,29732,29735,3,N
5459,28812,29735,923,S
5463,28820,29740,920,S
5989,29745,29745,0,N
5468,28828,29745,917,S
5473,28836,29750,914,S
5477,28844,29755,911,S
4630,27371,29760,2389,E
3993,26262,29760,3498,W
4633,27377,29765,2388,E
3996,26267,29765,3498,W
4638,27383,29770,2387,E
3998,26272,29770,3498,W
4641,27389,29775,2386,E
4002,26277,29775,3498,W
4644,27395,29780,2385,E
4004,26282,29780,3498,W
4647,27401,29785,2384,E
4007,26287,29785,3498,W
4651,27407,29790,2383,E
4011,26292,29790,3498,W
4655,27413,29795,2382,E
4013,26297,29795,3498,W
4658,27419,29800,2381,E
4016,26302,29800,3498,W
4661,27425,29805,2380,E
4018,26307,29805,3498,W
4665,27431,29810,2379,E
4021,26312,29810,3498,W
4668,27437,29815,2378,E
4025,26317,29815,3498,W
5997,29758,29820,62,N
5481,28852,29820,968,S
6003,29771,29825,54,N
5486,28860,29825,965,S
6012,29784,29830,46,N
5491,28868,29830,962,S
6019,29797,29835,38,N
5495,28876,29835,959,S
6026,29810,29840,30,N
5500,28884,29840,956,S
6034,29823,29845,22,N
5504,28892,29845,953,S
6040,29836,29850,14,N
5509,28900,29850,950,S
6048,29849,29855,6,N
5514,28908,29855,947,S
5518,28916,29860,944,S
6056,29862,29865,3,N
5522,28924,29865,941,S
5527,28932,29870,938,S
6063,29875,29875,0,N
5532,28940,29875,935,S
4672,27443,29880,2437,E
4027,26322,29880,3558,W
4675,27449,29885,2436,E
4031,26327,29885,3558,W
4679,27455,29890,2435,E
4033,26332,29890,3558,W
4682,27461,29895,2434,E
4036,26337,29895,3558,W
4685,27467,29900,2433,E
4039,26342,29900,3558,W
4689,27473,29905,2432,E
4041,26347,29905,3558,W
4693,27479,29910,2431,E
4045,26352,29910,3558,W
4696,27485,29915,2430,E
4048,26357,29915,3558,W
4699,27491,29920,2429,E
4050,26362,29920,3558,W
4702,27497,29925,2428,E
4053,26367,29925,3558,W
4707,27503,29930,2427,E
4056,26372,29930,3558,W
4710,27509,29935,2426,E
4059,26377,29935,3558,W
6071,29888,29940,52,N
5536,28948,29940,992,S
6078,29901,29945,44,N
5541,28956,29945,989,S
6085,29914,29950,36,N
5545,28964,29950,986,S
6092,29927,29955,28,N
5549,28972,29955,983,S
6100,29940,29960,20,N
5555,28980,29960,980,S
6108,29953,29965,12,N
5559,28988,29965,977,S
6115,29966,29970,4,N
5563,28996,29970,974,S
5569,29004,29975,971,S
6122,29979,29980,1,N
5572,29012,29980,968,S
5577,29020,29985,965,S
5582,29028,29990,962,S
6129,29992,29995,3,N
5586,29036,29995,959,S
4713,27515,30000,2485,E
4062,26382,30000,3618,W
4716,27521,30005,2484,E
4065,26387,30005,3618,W
4720,27527,30010,2483,E
4067,26392,30010,3618,W
4724,27533,30015,2482,E
4071,26397,30015,3618,W
4727,27539,30020,2481,E
4073,26402,30020,3618,W
4730,27545,30025,2480,E
4076,26407,30025,3618,W
4734,27551,30030,2479,E
4080,26412,30030,3618,W
4737,27557,30035,2478,E
4082,26417,30035,3618,W
4741,27563,30040,2477,E
4085,26422,30040,3618,W
4744,27569,30045,2476,E
4087,26427,30045,3618,W
4748,27575,30050,2475,E
4090,26432,30050,3618,W
4751,27581,30055,2474,E
4094,26437,30055,3618,W
6137,30005,30060,55,N
5591,29044,30060,1016,S
6145,30018,30065,47,N
5595,29052,30065,1013,S
6152,30031,30070,39,N
5600,29060,30070,1010,S
6159,30044,30075,31,N
5604,29068,30075,1007,S
6166,30057,30080,23,N
5609,29076,30080,1004,S
6174,30070,30085,15,N
5614,29084,30085,1001,S
6181,30083,30090,7,N
5617,29092,30090,998,S
5623,29100,30095,995,S
6189,30096,30100,4,N
5628,29108,30100,992,S
5631,29116,30105,989,S
6197,30109,30110,1,N
5637,29124,30110,986,S
5640,29132,30115,983,S
4754,27587,30120,2533,E
4096,26442,30120,3678,W
4758,27593,30125,2532,E
4100,26447,30125,3678,W
4762,27599,30130,2531,E
4102,26452,30130,3678,W
4765,27605,30135,2530,E
4105,26457,30135,3678,W
4768,27611,30140,2529,E
4108,26462,30140,3678,W
4771,27617,30145,2528,E
4110,26467,30145,3678,W
4776,27623,30150,2527,E
4114,26472,30150,3678,W
4779,27629,30155,2526,E
4117,26477,30155,3678,W
4782,27635,30160,2525,E
4119,26482,30160,3678,W
4785,27641,30165,2524,E
4122,26487,30165,3678,W
4789,27647,30170,2523,E
4125,26492,30170,3678,W
4793,27653,30175,2522,E
4128,26497,30175,3678,W
6203,30122,30180,58,N
5645,29140,30180,1040,S
6211,30135,30185,50,N
5651,29148,30185,1037,S
6218,30148,30190,42,N
5654,29156,30190,1034,S
6225,30161,30195,34,N
5659,29164,30195,1031,S
6234,30174,30200,26,N
5663,29172,30200,1028,S
6240,30187,30205,18,N
5668,29180,30205,1025,S
6248,30200,30210,10,N
5673,29188,30210,1022,S
6256,30213,30215,2,N
5677,29196,30215,1019,S
5682,29204,30220,1016,S
5686,29212,30225,1013,S
6262,30226,30230,4,N
5691,29220,30230,1010,S
5696,29228,30235,1007,S
4796,27659,30240,2581,E
4131,26502,30240,3738,W
4799,27665,30245,2580,E
4134,26507,30245,3738,W
4803,27671,30250,2579,E
4136,26512,30250,3738,W
4806,27677,30255,2578,E
4140,26517,30255,3738,W
4810,27683,30260,2577,E
4142,26522,30260,3738,W
4813,27689,30265,2576,E
4145,26527,30265,3738,W
4817,27695,30270,2575,E
4149,26532,30270,3738,W
4820,27701,30275,2574,E
4151,26537,30275,3738,W
4823,27707,30280,2573,E
4154,26542,30280,3738,W
4827,27713,30285,2572,E
4156,26547,30285,3738,W
4831,27719,30290,2571,E
4159,26552,30290,3738,W
4834,27725,30295,2570,E
4163,26557,30295,3738,W
6270,30239,30300,61,N
5699,29236,30300,1064,S
6277,30252,30305,53,N
5705,29244,30305,1061,S
6285,30265,30310,45,N
5709,29252,30310,1058,S
6293,30278,30315,37,N
5713,29260,30315,1055,S
6299,30291,30320,29,N
5719,29268,30320,1052,S
6307,30304,30325,21,N
5722,29276,30325,1049,S
6314,30317,30330,13,N
5727,29284,30330,1046,S
6322,30330,30335,5,N
5732,29292,30335,1043,S
5736,29300,30340,1040,S
6330,30343,30345,2,N
5741,29308,30345,1037,S
5746,29316,30350,1034,S
5750,29324,30355,1031,S
4837,27731,30360,2629,E
4165,26562,30360,3798,W
4840,27737,30365,2628,E
4169,26567,30365,3798,W
4845,27743,30370,2627,E
4171,26572,30370,3798,W
4848,27749,30375,2626,E
4174,26577,30375,3798,W
4851,27755,30380,2625,E
4177,26582,30380,3798,W
4854,27761,30385,2624,E
4179,26587,30385,3798,W
4858,27767,30390,2623,E
4183,26592,30390,3798,W
4862,27773,30395,2622,E
4186,26597,30395,3798,W
4865,27779,30400,2621,E
4188,26602,30400,3798,W
4868,27785,30405,2620,E
4191,26607,30405,3798,W
4872,27791,30410,2619,E
4194,26612,30410,3798,W
4875,27797,30415,2618,E
4197,26617,30415,3798,W
6336,30356,30420,64,N
5754,29332,30420,1088,S
6344,30369,30425,56,N
5759,29340,30425,1085,S
6351,30382,30430,48,N
5764,29348,30430,1082,S
6358,30395,30435,40,N
5768,29356,30435,1079,S
6367,30408,30440,32,N
5773,29364,30440,1076,S
6374,30421,30445,24,N
5777,29372,30445,1073,S
6381,30434,30450,16,N
5781,29380,30450,1070,S
6388,30447,30455,8,N
5787,29388,30455,1067,S
6395,30460,30460,0,N
5791,29396,30460,1064,S
5795,29404,30465,1061,S
5800,29412,30470,1058,S
6403,30473,30475,2,N
5805,29420,30475,1055,S
4879,27803,30480,2677,E
4200,26622,30480,3858,W
4882,27809,30485,2676,E
4203,26627,30485,3858,W
4886,27815,30490,2675,E
4205,26632,30490,3858,W
4889,27821,30495,2674,E
4209,26637,30495,3858,W
4892,27827,30500,2673,E
4211,26642,30500,3858,W
4896,27833,30505,2672,E
4214,26647,30505,3858,W
4900,27839,30510,2671,E
4218,26652,30510,3858,W
4903,27845,30515,2670,E
4220,26657,30515,3858,W
4906,27851,30520,2669,E
4223,26662,30520,3858,W
4909,27857,30525,2668,E
4225,26667,30525,3858,W
4914,27863,30530,2667,E
4228,26672,30530,3858,W
4917,27869,30535,2666,E
4232,26677,30535,3858,W
6411,30486,30540,54,N
5809,29428,30540,1112,S
6418,30499,30545,46,N
5814,29436,30545,1109,S
6425,30512,30550,38,N
5818,29444,30550,1106,S
6433,30525,30555,30,N
5822,29452,30555,1103,S
6440,30538,30560,22,N
5828,29460,30560,1100,S
6447,30551,30565,14,N
5832,29468,30565,1097,S
6455,30564,30570,6,N
5836,29476,30570,1094,S
5841,29484,30575,1091,S
6462,30577,30580,3,N
5845,29492,30580,1088,S
5850,29500,30585,1085,S
6470,30590,30590,0,N
5855,29508,30590,1082,S
5859,29516,30595,1079,S
4920,27875,30600,2725,E
4234,26682,30600,3918,W
4923,27881,30605,2724,E
4238,26687,30605,3918,W
4927,27887,30610,2723,E
4240,26692,30610,3918,W
4931,27893,30615,2722,E
4243,26697,30615,3918,W
4934,27899,30620,2721,E
4246,26702,30620,3918,W
4937,27905,30625,2720,E
4248,26707,30625,3918,W
4941,27911,30630,2719,E
4252,26712,30630,3918,W
4944,27917,30635,2718,E
4255,26717,30635,3918,W
4948,27923,30640,2717,E
4257,26722,30640,3918,W
4951,27929,30645,2716,E
4260,26727,30645,3918,W
4955,27935,30650,2715,E
4263,26732,30650,3918,W
4958,27941,30655,2714,E
4266,26737,30655,3918,W
6477,30603,30660,57,N
5864,29524,30660,1136,S
6484,30616,30665,49,N
5868,29532,30665,1133,S
6492,30629,30670,41,N
5873,29540,30670,1130,S
6499,30642,30675,33,N
5877,29548,30675,1127,S
6507,30655,30680,25,N
5882,29556,30680,1124,S
6514,30668,30685,17,N
5887,29564,30685,1121,S
6521,30681,30690,9,N
5890,29572,30690,1118,S
6529,30694,30695,1,N
5896,29580,30695,1115,S
5900,29588,30700,1112,S
5904,29596,30705,1109,S
6535,30707,30710,3,N
5910,29604,30710,1106,S
5913,29612,30715,1103,S
4961,27947,30720,2773,E
4269,26742,30720,3978,W
4965,27953,30725,2772,E
4272,26747,30725,3978,W
4969,27959,30730,2771,E
4274,26752,30730,3978,W
4972,27965,30735,2770,E
4278,26757,30735,3978,W
4975,27971,30740,2769,E
4280,26762,30740,3978,W
4978,27977,30745,2768,E
4283,26767,30745,3978,W
4983,27983,30750,2767,E
4287,26772,30750,3978,W
4986,27989,30755,2766,E
4289,26777,30755,3978,W
4989,27995,30760,2765,E
4292,26782,30760,3978,W
4992,28001,30765,2764,E
4294,26787,30765,3978,W
4996,28007,30770,2763,E
4297,26792,30770,3978,W
5000,28013,30775,2762,E
4301,26797,30775,3978,W
6544,30720,30780,60,N
5918,29620,30780,1160,S
6552,30733,30785,52,N
5924,29628,30785,1157,S
6558,30746,30790,44,N
5927,29636,30790,1154,S
6566,30759,30795,36,N
5932,29644,30795,1151,S
6572,30772,30800,28,N
5936,29652,30800,1148,S
6580,30785,30805,20,N
5941,29660,30805,1145,S
6589,30798,30810,12,N
5946,29668,30810,1142,S
6595,30811,30815,4,N
5950,29676,30815,1139,S
5955,29684,30820,1136,S
6603,30824,30825,1,N
5958,29692,30825,1133,S
5964,29700,30830,1130,S
5969,29708,30835,1127,S
5003,28019,30840,2821,E
4303,26802,30840,4038,W
5006,28025,30845,2820,E
4307,26807,30845,4038,W
5010,28031,30850,2819,E
4309,26812,30850,4038,W
5013,28037,30855,2818,E
4312,26817,30855,4038,W
5017,28043,30860,2817,E
4315,26822,30860,4038,W
5020,28049,30865,2816,E
4317,26827,30865,4038,W
5024,28055,30870,2815,E
4321,26832,30870,4038,W
5027,28061,30875,2814,E
4324,26837,30875,4038,W
5030,28067,30880,2813,E
4326,26842,30880,4038,W
5034,28073,30885,2812,E
4329,26847,30885,4038,W
5038,28079,30890,2811,E
4332,26852,30890,4038,W
5041,28085,30895,2810,E
4335,26857,30895,4038,W
6610,30837,30900,63,N
5972,29716,30900,1184,S
6617,30850,30905,55,N
5978,29724,30905,1181,S
6625,30863,30910,47,N
5982,29732,30910,1178,S
6632,30876,30915,39,N
5986,29740,30915,1175,S
6640,30889,30920,31,N
5992,29748,30920,1172,S
6647,30902,30925,23,N
5995,29756,30925,1169,S
6654,30915,30930,15,N
6000,29764,30930,1166,S
6662,30928,30935,7,N
6005,29772,30935,1163,S
6009,29780,30940,1160,S
6669,30941,30945,4,N
6014,29788,30945,1157,S
6018,29796,30950,1154,S
6677,30954,30955,1,N
6023,29804,30955,1151,S
5044,28091,30960,2869,E
4338,26862,30960,4098,W
5047,28097,30965,2868,E
4341,26867,30965,4098,W
5052,28103,30970,2867,E
4343,26872,30970,4098,W
5055,28109,30975,2866,E
4347,26877,30975,4098,W
5058,28115,30980,2865,E
4349,26882,30980,4098,W
5061,28121,30985,2864,E
4352,26887,30985,4098,W
5065,28127,30990,2863,E
4356,26892,30990,4098,W
5069,28133,30995,2862,E
4358,26897,30995,4098,W
5072,28139,31000,2861,E
4361,26902,31000,4098,W
5075,28145,31005,2860,E
4363,26907,31005,4098,W
5079,28151,31010,2859,E
4366,26912,31010,4098,W
5082,28157,31015,2858,E
4370,26917,31015,4098,W
6684,30967,31020,53,N
6027,29812,31020,1208,S
6691,30980,31025,45,N
6032,29820,31025,1205,S
6699,30993,31030,37,N
6037,29828,31030,1202,S
6706,31006,31035,29,N
6041,29836,31035,1199,S
6713,31019,31040,21,N
6046,29844,31040,1196,S
6721,31032,31045,13,N
6050,29852,31045,1193,S
6729,31045,31050,5,N
6054,29860,31050,1190,S
6060,29868,31055,1187,S
6736,31058,31060,2,N
6064,29876,31060,1184,S
6068,29884,31065,1181,S
6073,29892,31070,1178,S
6743,31071,31075,4,N
6077,29900,31075,1175,S
5086,28163,31080,2917,E
4372,26922,31080,4158,W
5089,28169,31085,2916,E
4376,26927,31085,4158,W
5093,28175,31090,2915,E
4378,26932,31090,4158,W
5096,28181,31095,2914,E
4381,26937,31095,4158,W
5099,28187,31100,2913,E
4384,26942,31100,4158,W
5103,28193,31105,2912,E
4386,26947,31105,4158,W
5107,28199,31110,2911,E
4390,26952,31110,4158,W
5110,28205,31115,2910,E
4393,26957,31115,4158,W
5113,28211,31120,2909,E
4395,26962,31120,4158,W
5116,28217,31125,2908,E
4398,26967,31125,4158,W
5121,28223,31130,2907,E
4401,26972,31130,4158,W
5124,28229,31135,2906,E
4404,26977,31135,4158,W
6750,31084,31140,56,N
6082,29908,31140,1232,S
6757,31097,31145,48,N
6087,29916,31145,1229,S
6766,31110,31150,40,N
6091,29924,31150,1226,S
6773,31123,31155,32,N
6095,29932,31155,1223,S
6780,31136,31160,24,N
6101,29940,31160,1220,S
6788,31149,31165,16,N
6105,29948,31165,1217,S
6794,31162,31170,8,N
6109,29956,31170,1214,S
6802,31175,31175,0,N
6114,29964,31175,1211,S
6118,29972,31180,1208,S
6123,29980,31185,1205,S
6810,31188,31190,2,N
6128,29988,31190,1202,S
6132,29996,31195,1199,S
5127,28235,31200,2965,E
4407,26982,31200,4218,W
5130,28241,31205,2964,E
4410,26987,31205,4218,W
5134,28247,31210,2963,E
4412,26992,31210,4218,W
5138,28253,31215,2962,E
4416,26997,31215,4218,W
5141,28259,31220,2961,E
4418,27002,31220,4218,W
5144,28265,31225,2960,E
4421,27007,31225,4218,W
5148,28271,31230,2959,E
4425,27012,31230,4218,W
5151,28277,31235,2958,E
4427,27017,31235,4218,W
5155,28283,31240,2957,E
4430,27022,31240,4218,W
5158,28289,31245,2956,E
4432,27027,31245,4218,W
5162,28295,31250,2955,E
4435,27032,31250,4218,W
5165,28301,31255,2954,E
4439,27037,31255,4218,W
6817,31201,31260,59,N
6136,30004,31260,1256,S
6825,31214,31265,51,N
6141,30012,31265,1253,S
6831,31227,31270,43,N
6146,30020,31270,1250,S
6839,31240,31275,35,N
6150,30028,31275,1247,S
6847,31253,31280,27,N
6155,30036,31280,1244,S
6854,31266,31285,19,N
6160,30044,31285,1241,S
6862,31279,31290,11,N
6163,30052,31290,1238,S
6868,31292,31295,3,N
6169,30060,31295,1235,S
6173,30068,31300,1232,S
6876,31305,31305,0,N
6177,30076,31305,1229,S
6183,30084,31310,1226,S
6186,30092,31315,1223,S
5168,28307,31320,3013,E
4441,27042,31320,4278,W
5172,28313,31325,3012,E
4445,27047,31325,4278,W
5176,28319,31330,3011,E
4447,27052,31330,4278,W
5179,28325,31335,3010,E
4450,27057,31335,4278,W
5182,28331,31340,3009,E
4453,27062,31340,4278,W
5185,28337,31345,3008,E
4455,27067,31345,4278,W
5190,28343,31350,3007,E
4459,27072,31350,4278,W
5193,28349,31355,3006,E
4462,27077,31355,4278,W
5196,28355,31360,3005,E
4464,27082,31360,4278,W
5199,28361,31365,3004,E
4467,27087,31365,4278,W
5203,28367,31370,3003,E
4470,27092,31370,4278,W
5207,28373,31375,3002,E
4473,27097,31375,4278,W
6884,31318,31380,62,N
6191,30100,31380,1280,S
6890,31331,31385,54,N
6196,30108,31385,1277,S
6899,31344,31390,46,N
6200,30116,31390,1274,S
6906,31357,31395,38,N
6205,30124,31395,1271,S
6913,31370,31400,30,N
6209,30132,31400,1268,S
6921,31383,31405,22,N
6214,30140,31405,1265,S
6927,31396,31410,14,N
6219,30148,31410,1262,S
6935,31409,31415,6,N
6223,30156,31415,1259,S
6228,30164,31420,1256,S
6943,31422,31425,3,N
6231,30172,31425,1253,S
6237,30180,31430,1250,S
6950,31435,31435,0,N
6242,30188,31435,1247,S
5210,28379,31440,3061,E
4476,27102,31440,4338,W
5213,28385,31445,3060,E
4479,27107,31445,4338,W
5217,28391,31450,3059,E
4481,27112,31450,4338,W
5220,28397,31455,3058,E
4485,27117,31455,4338,W
5224,28403,31460,3057,E
4487,27122,31460,4338,W
5227,28409,31465,3056,E
4490,27127,31465,4338,W
5231,28415,31470,3055,E
4494,27132,31470,4338,W
5234,28421,31475,3054,E
4496,27137,31475,4338,W
5237,28427,31480,3053,E
4499,27142,31480,4338,W
5241,28433,31485,3052,E
4501,27147,31485,4338,W
5245,28439,31490,3051,E
4504,27152,31490,4338,W
5248,28445,31495,3050,E
4508,27157,31495,4338,W
6958,31448,31500,52,N
6245,30196,31500,1304,S
6965,31461,31505,44,N
6251,30204,31505,1301,S
6972,31474,31510,36,N
6254,30212,31510,1298,S
6979,31487,31515,28,N
6259,30220,31515,1295,S
6987,31500,31520,20,N
6265,30228,31520,1292,S
6995,31513,31525,12,N
6268,30236,31525,1289,S
7002,31526,31530,4,N
6273,30244,31530,1286,S
6278,30252,31535,1283,S
7009,31539,31540,1,N
6282,30260,31540,1280,S
6287,30268,31545,1277,S
6291,30276,31550,1274,S
7016,31552,31555,3,N
6296,30284,31555,1271,S
5251,28451,31560,3109,E
4510,27162,31560,4398,W
5254,28457,31565,3108,E
4514,27167,31565,4398,W
5259,28463,31570,3107,E
4516,27172,31570,4398,W
5262,28469,31575,3106,E
4519,27177,31575,4398,W
5265,28475,31580,3105,E
4522,27182,31580,4398,W
5268,28481,31585,3104,E
4524,27187,31585,4398,W
5272,28487,31590,3103,E
4528,27192,31590,4398,W
5276,28493,31595,3102,E
4531,27197,31595,4398,W
5279,28499,31600,3101,E
4533,27202,31600,4398,W
5282,28505,31605,3100,E
4536,27207,31605,4398,W
5286,28511,31610,3099,E
4539,27212,31610,4398,W
5289,28517,31615,3098,E
4542,27217,31615,4398,W
7024,31565,31620,55,N
6300,30292,31620,1328,S
7032,31578,31625,47,N
6305,30300,31625,1325,S
7039,31591,31630,39,N
6310,30308,31630,1322,S
7046,31604,31635,31,N
6313,30316,31635,1319,S
7053,31617,31640,23,N
6319,30324,31640,1316,S
7061,31630,31645,15,N
6323,30332,31645,1313,S
7068,31643,31650,7,N
6327,30340,31650,1310,S
6333,30348,31655,1307,S
7076,31656,31660,4,N
6337,30356,31660,1304,S
6341,30364,31665,1301,S
7084,31669,31670,1,N
6346,30372,31670,1298,S
6350,30380,31675,1295,S
5293,28523,31680,3157,E
4545,27222,31680,4458,W
5296,28529,31685,3156,E
4548,27227,31685,4458,W
5300,28535,31690,3155,E
4550,27232,31690,4458,W
5303,28541,31695,3154,E
4554,27237,31695,4458,W
5306,28547,31700,3153,E
4556,27242,31700,4458,W
5310,28553,31705,3152,E
4559,27247,31705,4458,W
5314,28559,31710,3151,E
4563,27252,31710,4458,W
5317,28565,31715,3150,E
4565,27257,31715,4458,W
5320,28571,31720,3149,E
4568,27262,31720,4458,W
5323,28577,31725,3148,E
4570,27267,31725,4458,W
5328,28583,31730,3147,E
4573,27272,31730,4458,W
5331,28589,31735,3146,E
4577,27277,31735,4458,W
7090,31682,31740,58,N
6355,30388,31740,1352,S
7098,31695,31745,50,N
6360,30396,31745,1349,S
7105,31708,31750,42,N
6364,30404,31750,1346,S
7112,31721,31755,34,N
6368,30412,31755,1343,S
7121,31734,31760,26,N
6373,30420,31760,1340,S
7127,31747,31765,18,N
6378,30428,31765,1337,S
7135,31760,31770,10,N
6382,30436,31770,1334,S
7143,31773,31775,2,N
6387,30444,31775,1331,S
6391,30452,31780,1328,S
6396,30460,31785,1325,S
7149,31786,31790,4,N
6401,30468,31790,1322,S
6405,30476,31795,1319,S
5334,28595,31800,3205,E
4579,27282,31800,4518,W
5337,28601,31805,3204,E
4583,27287,31805,4518,W
5341,28607,31810,3203,E
4585,27292,31810,4518,W
5345,28613,31815,3202,E
4588,27297,31815,4518,W
5348,28619,31820,3201,E
4591,27302,31820,4518,W
5351,28625,31825,3200,E
4593,27307,31825,4518,W
5355,28631,31830,3199,E
4597,27312,31830,4518,W
5358,28637,31835,3198,E
4600,27317,31835,4518,W
5362,28643,31840,3197,E
4602,27322,31840,4518,W
5365,28649,31845,3196,E
4605,27327,31845,4518,W
5369,28655,31850,3195,E
4608,27332,31850,4518,W
5372,28661,31855,3194,E
4611,27337,31855,4518,W
7157,31799,31860,61,N
6409,30484,31860,1376,S
7164,31812,31865,53,N
6414,30492,31865,1373,S
7172,31825,31870,45,N
6419,30500,31870,1370,S
7180,31838,31875,37,N
6423,30508,31875,1367,S
7186,31851,31880,29,N
6428,30516,31880,1364,S
7194,31864,31885,21,N
6432,30524,31885,1361,S
7201,31877,31890,13,N
6436,30532,31890,1358,S
7209,31890,31895,5,N
6442,30540,31895,1355,S
6446,30548,31900,1352,S
7217,31903,31905,2,N
6450,30556,31905,1349,S
6456,30564,31910,1346,S
6459,30572,31915,1343,S
5375,28667,31920,3253,E
4614,27342,31920,4578,W
5379,28673,31925,3252,E
4617,27347,31925,4578,W
5383,28679,31930,3251,E
4619,27352,31930,4578,W
5386,28685,31935,3250,E
4623,27357,31935,4578,W
5389,28691,31940,3249,E
4625,27362,31940,4578,W
5392,28697,31945,3248,E
4628,27367,31945,4578,W
5397,28703,31950,3247,E
4632,27372,31950,4578,W
5400,28709,31955,3246,E
4634,27377,31955,4578,W
5403,28715,31960,3245,E
4637,27382,31960,4578,W
5406,28721,31965,3244,E
4639,27387,31965,4578,W
5410,28727,31970,3243,E
4642,27392,31970,4578,W
5414,28733,31975,3242,E
4646,27397,31975,4578,W
7223,31916,31980,64,N
6464,30580,31980,1400,S
7231,31929,31985,56,N
6469,30588,31985,1397,S
7238,31942,31990,48,N
6473,30596,31990,1394,S
7245,31955,31995,40,N
6478,30604,31995,1391,S
7254,31968,32000,32,N
6482,30612,32000,1388,S
7261,31981,32005,24,N
6487,30620,32005,1385,S
7268,31994,32010,16,N
6491,30628,32010,1382,S
7275,32007,32015,8,N
6496,30636,32015,1379,S
7282,32020,32020,0,N
6501,30644,32020,1376,S
6504,30652,32025,1373,S
6510,30660,32030,1370,S
7290,32033,32035,2,N
6515,30668,32035,1367,S
5417,28739,32040,3301,E
4648,27402,32040,4638,W
5420,28745,32045,3300,E
4652,27407,32045,4638,W
5424,28751,32050,3299,E
4654,27412,32050,4638,W
5427,28757,32055,3298,E
4657,27417,32055,4638,W
5431,28763,32060,3297,E
4660,27422,32060,4638,W
5434,28769,32065,3296,E
4662,27427,32065,4638,W
5438,28775,32070,3295,E
4666,27432,32070,4638,W
5441,28781,32075,3294,E
4669,27437,32075,4638,W
5444,28787,32080,3293,E
4671,27442,32080,4638,W
5448,28793,32085,3292,E
4674,27447,32085,4638,W
5452,28799,32090,3291,E
4677,27452,32090,4638,W
5455,28805,32095,3290,E
4680,27457,32095,4638,W
7298,32046,32100,54,N
6518,30676,32100,1424,S
7305,32059,32105,46,N
6524,30684,32105,1421,S
7312,32072,32110,38,N
6527,30692,32110,1418,S
7320,32085,32115,30,N
6532,30700,32115,1415,S
7327,32098,32120,22,N
6538,30708,32120,1412,S
7334,32111,32125,14,N
6541,30716,32125,1409,S
7342,32124,32130,6,N
6546,30724,32130,1406,S
6550,30732,32135,1403,S
7349,32137,32140,3,N
6555,30740,32140,1400,S
6560,30748,32145,1397,S
7357,32150,32150,0,N
6564,30756,32150,1394,S
6569,30764,32155,1391,S
5458,28811,32160,3349,E
4683,27462,32160,4698,W
5461,28817,32165,3348,E
4686,27467,32165,4698,W
5466,28823,32170,3347,E
4688,27472,32170,4698,W
5469,28829,32175,3346,E
4692,27477,32175,4698,W
5472,28835,32180,3345,E
4694,27482,32180,4698,W
5475,28841,32185,3344,E
4697,27487,32185,4698,W
5478,28847,32190,3343,E
4701,27492,32190,4698,W
5483,28853,32195,3342,E
4703,27497,32195,4698,W
5485,28859,32200,3341,E
4706,27502,32200,4698,W
5489,28865,32205,3340,E
4708,27507,32205,4698,W
5492,28871,32210,3339,E
4711,27512,32210,4698,W
5496,28877,32215,3338,E
4715,27517,32215,4698,W
7364,32163,32220,57,N
6573,30772,32220,1448,S
7371,32176,32225,49,N
6578,30780,32225,1445,S
7379,32189,32230,41,N
6583,30788,32230,1442,S
7386,32202,32235,33,N
6586,30796,32235,1439,S
7394,32215,32240,25,N
6592,30804,32240,1436,S
7401,32228,32245,17,N
6596,30812,32245,1433,S
7408,32241,32250,9,N
6600,30820,32250,1430,S
7416,32254,32255,1,N
6606,30828,32255,1427,S
6609,30836,32260,1424,S
6614,30844,32265,1421,S
7422,32267,32270,3,N
6619,30852,32270,1418,S
6623,30860,32275,1415,S
5499,28883,32280,3397,E
4717,27522,32280,4758,W
5503,28889,32285,3396,E
4721,27527,32285,4758,W
5506,28895,32290,3395,E
4723,27532,32290,4758,W
5510,28901,32295,3394,E
4726,27537,32295,4758,W
5512,28907,32300,3393,E
4729,27542,32300,4758,W
5517,28913,32305,3392,E
4731,27547,32305,4758,W
5520,28919,32310,3391,E
4735,27552,32310,4758,W
5523,28925,32315,3390,E
4738,27557,32315,4758,W
5526,28931,32320,3389,E
4740,27562,32320,4758,W
5529,28937,32325,3388,E
4743,27567,32325,4758,W
5534,28943,32330,3387,E
4746,27572,32330,4758,W
5537,28949,32335,3386,E
4749,27577,32335,4758,W
7431,32280,32340,60,N
6628,30868,32340,1472,S
7439,32293,32345,52,N
6633,30876,32345,1469,S
7445,32306,32350,44,N
6637,30884,32350,1466,S
7453,32319,32355,36,N
6641,30892,32355,1463,S
7459,32332,32360,28,N
6646,30900,32360,1460,S
7467,32345,32365,20,N
6651,30908,32365,1457,S
7476,32358,32370,12,N
6655,30916,32370,1454,S
7482,32371,32375,4,N
6660,30924,32375,1451,S
6664,30932,32380,1448,S
7490,32384,32385,1,N
6668,30940,32385,1445,S
6674,30948,32390,1442,S
6678,30956,32395,1439,S
5540,28955,32400,3445,E
4752,27582,32400,4818,W
5543,28961,32405,3444,E
4755,27587,32405,4818,W
5547,28967,32410,3443,E
4757,27592,32410,4818,W
5551,28973,32415,3442,E
4761,27597,32415,4818,W
5554,28979,32420,3441,E
4763,27602,32420,4818,W
5557,28985,32425,3440,E
4766,27607,32425,4818,W
5561,28991,32430,3439,E
4770,27612,32430,4818,W
5564,28997,32435,3438,E
4772,27617,32435,4818,W
5567,29003,32440,3437,E
4775,27622,32440,4818,W
5571,29009,32445,3436,E
4777,27627,32445,4818,W
5574,29015,32450,3435,E
4780,27632,32450,4818,W
5578,29021,32455,3434,E
4784,27637,32455,4818,W
7497,32397,32460,63,N
6682,30964,32460,1496,S
7504,32410,32465,55,N
6687,30972,32465,1493,S
7511,32425,32470,45,N
6692,30980,32470,1490,S
7518,32440,32475,35,N
6696,30988,32475,1487,S
7526,32455,32480,25,N
6701,30996,32480,1484,S
7533,32470,32485,15,N
6705,31004,32485,1481,S
7540,32485,32490,5,N
6709,31012,32490,1478,S
6715,31020,32495,1475,S
7547,32500,32500,0,N
6719,31028,32500,1472,S
6723,31036,32505,1469,S
6728,31044,32510,1466,S
7554,32515,32515,0,N
6732,31052,32515,1463,S
5580,29027,32520,3493,E
4786,27642,32520,4878,W
5585,29033,32525,3492,E
4790,27647,32525,4878,W
5588,29039,32530,3491,E
4792,27652,32530,4878,W
5592,29045,32535,3490,E
4795,27657,32535,4878,W
5594,29051,32540,3489,E
4798,27662,32540,4878,W
5598,29057,32545,3488,E
4800,27667,32545,4878,W
5602,29063,32550,3487,E
4804,27672,32550,4878,W
5606,29069,32555,3486,E
4807,27677,32555,4878,W
5608,29075,32560,3485,E
4809,27682,32560,4878,W
5611,29081,32565,3484,E
4812,27687,32565,4878,W
5615,29087,32570,3483,E
4815,27692,32570,4878,W
5619,29093,32575,3482,E
4818,27697,32575,4878,W
7561,32530,32580,50,N
6737,31060,32580,1520,S
7568,32545,32585,40,N
6742,31068,32585,1517,S
7576,32560,32590,30,N
6746,31076,32590,1514,S
7583,32575,32595,20,N
6751,31084,32595,1511,S
7590,32590,32600,10,N
6755,31092,32600,1508,S
7597,32605,32605,0,N
6760,31100,32605,1505,S
6764,31108,32610,1502,S
6769,31116,32615,1499,S
7604,32620,32620,0,N
6774,31124,32620,1496,S
6777,31132,32625,1493,S
6783,31140,32630,1490,S
7611,32635,32635,0,N
6787,31148,32635,1487,S
5622,29099,32640,3541,E
4821,27702,32640,4938,W
5625,29105,32645,3540,E
4824,27707,32645,4938,W
5629,29111,32650,3539,E
4826,27712,32650,4938,W
5632,29117,32655,3538,E
4830,27717,32655,4938,W
5636,29123,32660,3537,E
4832,27722,32660,4938,W
5639,29129,32665,3536,E
4835,27727,32665,4938,W
5643,29135,32670,3535,E
4839,27732,32670,4938,W
5646,29141,32675,3534,E
4841,27737,32675,4938,W
5649,29147,32680,3533,E
4844,27742,32680,4938,W
5653,29153,32685,3532,E
4846,27747,32685,4938,W
5656,29159,32690,3531,E
4849,27752,32690,4938,W
5660,29165,32695,3530,E
4853,27757,32695,4938,W
7618,32650,32700,50,N
6791,31156,32700,1544,S
7626,32665,32705,40,N
6797,31164,32705,1541,S
7633,32680,32710,30,N
6800,31172,32710,1538,S
7640,32695,32715,20,N
6805,31180,32715,1535,S
7647,32710,32720,10,N
6811,31188,32720,1532,S
7654,32725,32725,0,N
6814,31196,32725,1529,S
6819,31204,32730,1526,S
6823,31212,32735,1523,S
7661,32740,32740,0,N
6828,31220,32740,1520,S
6833,31228,32745,1517,S
6837,31236,32750,1514,S
7668,32755,32755,0,N
6842,31244,32755,1511,S
5662,29171,32760,3589,E
4855,27762,32760,4998,W
5666,29177,32765,3588,E
4859,27767,32765,4998,W
5670,29183,32770,3587,E
4861,27772,32770,4998,W
5674,29189,32775,3586,E
4864,27777,32775,4998,W
5676,29195,32780,3585,E
4867,27782,32780,4998,W
5680,29201,32785,3584,E
4869,27787,32785,4998,W
5683,29207,32790,3583,E
4873,27792,32790,4998,W
5688,29213,32795,3582,E
4876,27797,32795,4998,W
5690,29219,32800,3581,E
4878,27802,32800,4998,W
5694,29225,32805,3580,E
4881,27807,32805,4998,W
5697,29231,32810,3579,E
4884,27812,32810,4998,W
5700,29237,32815,3578,E
4887,27817,32815,4998,W
7676,32770,32820,50,N
6845,31252,32820,1568,S
7683,32785,32825,40,N
6851,31260,32825,1565,S
7690,32800,32830,30,N
6856,31268,32830,1562,S
7697,32815,32835,20,N
6859,31276,32835,1559,S
7704,32830,32840,10,N
6865,31284,32840,1556,S
7711,32845,32845,0,N
6869,31292,32845,1553,S
6873,31300,32850,1550,S
6879,31308,32855,1547,S
7718,32860,32860,0,N
6882,31316,32860,1544,S
6887,31324,32865,1541,S
6892,31332,32870,1538,S
7726,32875,32875,0,N
6896,31340,32875,1535,S
5704,29243,32880,3637,E
4890,27822,32880,5058,W
5707,29249,32885,3636,E
4893,27827,32885,5058,W
5711,29255,32890,3635,E
4895,27832,32890,5058,W
5714,29261,32895,3634,E
4899,27837,32895,5058,W
5717,29267,32900,3633,E
4901,27842,32900,5058,W
5721,29273,32905,3632,E
4904,27847,32905,5058,W
5725,29279,32910,3631,E
4908,27852,32910,5058,W
5728,29285,32915,3630,E
4910,27857,32915,5058,W
5731,29291,32920,3629,E
4913,27862,32920,5058,W
5734,29297,32925,3628,E
4915,27867,32925,5058,W
5739,29303,32930,3627,E
4918,27872,32930,5058,W
5742,29309,32935,3626,E
4922,27877,32935,5058,W
7733,32890,32940,50,N
6901,31348,32940,1592,S
7740,32905,32945,40,N
6905,31356,32945,1589,S
7747,32920,32950,30,N
6910,31364,32950,1586,S
7754,32935,32955,20,N
6914,31372,32955,1583,S
7761,32950,32960,10,N
6919,31380,32960,1580,S
7768,32965,32965,0,N
6924,31388,32965,1577,S
6928,31396,32970,1574,S
6933,31404,32975,1571,S
7776,32980,32980,0,N
6937,31412,32980,1568,S
6941,31420,32985,1565,S
6947,31428,32990,1562,S
7783,32995,32995,0,N
6951,31436,32995,1559,S
5744,29315,33000,3685,E
4924,27882,33000,5118,W
5748,29321,33005,3684,E
4928,27887,33005,5118,W
5751,29327,33010,3683,E
4930,27892,33010,5118,W
5756,29333,33015,3682,E
4933,27897,33015,5118,W
5758,29339,33020,3681,E
4936,27902,33020,5118,W
5762,29345,33025,3680,E
4938,27907,33025,5118,W
5765,29351,33030,3679,E
4942,27912,33030,5118,W
5769,29357,33035,3678,E
4945,27917,33035,5118,W
5772,29363,33040,3677,E
4947,27922,33040,5118,W
5776,29369,33045,3676,E
4950,27927,33045,5118,W
5779,29375,33050,3675,E
4953,27932,33050,5118,W
5783,29381,33055,3674,E
4956,27937,33055,5118,W
7790,33010,33060,50,N
6955,31444,33060,1616,S
7797,33025,33065,40,N
6960,31452,33065,1613,S
7804,33040,33070,30,N
6964,31460,33070,1610,S
7811,33055,33075,20,N
6969,31468,33075,1607,S
7818,33070,33080,10,N
6974,31476,33080,1604,S
7826,33085,33085,0,N
6978,31484,33085,1601,S
6982,31492,33090,1598,S
6988,31500,33095,1595,S
7833,33100,33100,0,N
6992,31508,33100,1592,S
6996,31516,33105,1589,S
7001,31524,33110,1586,S
7840,33115,33115,0,N
7005,31532,33115,1583,S
5785,29387,33120,3733,E
4959,27942,33120,5178,W
5789,29393,33125,3732,E
4962,27947,33125,5178,W
5793,29399,33130,3731,E
4964,27952,33130,5178,W
5796,29405,33135,3730,E
4968,27957,33135,5178,W
5799,29411,33140,3729,E
4970,27962,33140,5178,W
5802,29417,33145,3728,E
4973,27967,33145,5178,W
5807,29423,33150,3727,E
4977,27972,33150,5178,W
5810,29429,33155,3726,E
4979,27977,33155,5178,W
5813,29435,33160,3725,E
4982,27982,33160,5178,W
5816,29441,33165,3724,E
4984,27987,33165,5178,W
5820,29447,33170,3723,E
4987,27992,33170,5178,W
5824,29453,33175,3722,E
4991,27997,33175,5178,W
7847,33130,33180,50,N
7010,31540,33180,1640,S
7854,33145,33185,40,N
7015,31548,33185,1637,S
7861,33160,33190,30,N
7019,31556,33190,1634,S
7868,33175,33195,20,N
7023,31564,33195,1631,S
7876,33190,33200,10,N
7028,31572,33200,1628,S
7883,33205,33205,0,N
7033,31580,33205,1625,S
7037,31588,33210,1622,S
7042,31596,33215,1619,S
7890,33220,33220,0,N
7047,31604,33220,1616,S
7050,31612,33225,1613,S
7056,31620,33230,1610,S
7897,33235,33235,0,N
7060,31628,33235,1607,S
5827,29459,33240,3781,E
4993,28002,33240,5238,W
5830,29465,33245,3780,E
4997,28007,33245,5238,W
5833,29471,33250,3779,E
4999,28012,33250,5238,W
5837,29477,33255,3778,E
5002,28017,33255,5238,W
5840,29483,33260,3777,E
5005,28022,33260,5238,W
5844,29489,33265,3776,E
5007,28027,33265,5238,W
5847,29495,33270,3775,E
5011,28032,33270,5238,W
5851,29501,33275,3774,E
5014,28037,33275,5238,W
5853,29507,33280,3773,E
5016,28042,33280,5238,W
5858,29513,33285,3772,E
5019,28047,33285,5238,W
5861,29519,33290,3771,E
5022,28052,33290,5238,W
5865,29525,33295,3770,E
5025,28057,33295,5238,W
7904,33250,33300,50,N
7064,31636,33300,1664,S
7911,33265,33305,40,N
7070,31644,33305,1661,S
7918,33280,33310,30,N
7073,31652,33310,1658,S
7926,33295,33315,20,N
7078,31660,33315,1655,S
7933,33310,33320,10,N
7083,31668,33320,1652,S
7940,33325,33325,0,N
7087,31676,33325,1649,S
7092,31684,33330,1646,S
7096,31692,33335,1643,S
7947,33340,33340,0,N
7101,31700,33340,1640,S
7106,31708,33345,1637,S
7110,31716,33350,1634,S
7954,33355,33355,0,N
7115,31724,33355,1631,S
5867,29531,33360,3829,E
5028,28062,33360,5298,W
5871,29537,33365,3828,E
5031,28067,33365,5298,W
5875,29543,33370,3827,E
5033,28072,33370,5298,W
5878,29549,33375,3826,E
5037,28077,33375,5298,W
5881,29555,33380,3825,E
5039,28082,33380,5298,W
5884,29561,33385,3824,E
5042,28087,33385,5298,W
5888,29567,33390,3823,E
5046,28092,33390,5298,W
5892,29573,33395,3822,E
5048,28097,33395,5298,W
5895,29579,33400,3821,E
5051,28102,33400,5298,W
5898,29585,33405,3820,E
5053,28107,33405,5298,W
5902,29591,33410,3819,E
5056,28112,33410,5298,W
5905,29597,33415,3818,E
5060,28117,33415,5298,W
7961,33370,33420,50,N
7118,31732,33420,1688,S
7968,33385,33425,40,N
7124,31740,33425,1685,S
7976,33400,33430,30,N
7129,31748,33430,1682,S
7983,33415,33435,20,N
7132,31756,33435,1679,S
7990,33430,33440,10,N
7138,31764,33440,1676,S
7997,33445,33445,0,N
7141,31772,33445,1673,S
7146,31780,33450,1670,S
7152,31788,33455,1667,S
8004,33460,33460,0,N
7155,31796,33460,1664,S
7160,31804,33465,1661,S
7165,31812,33470,1658,S
8011,33475,33475,0,N
7169,31820,33475,1655,S
5909,29603,33480,3877,E
5062,28122,33480,5358,W
5912,29609,33485,3876,E
5066,28127,33485,5358,W
5916,29615,33490,3875,E
5068,28132,33490,5358,W
5919,29621,33495,3874,E
5071,28137,33495,5358,W
5921,29627,33500,3873,E
5074,28142,33500,5358,W
5926,29633,33505,3872,E
5076,28147,33505,5358,W
5929,29639,33510,3871,E
5080,28152,33510,5358,W
5933,29645,33515,3870,E
5083,28157,33515,5358,W
5935,29651,33520,3869,E
5085,28162,33520,5358,W
5939,29657,33525,3868,E
5088,28167,33525,5358,W
5943,29663,33530,3867,E
5091,28172,33530,5358,W
5947,29669,33535,3866,E
5094,28177,33535,5358,W
8018,33490,33540,50,N
7174,31828,33540,1712,S
8026,33505,33545,40,N
7178,31836,33545,1709,S
8033,33520,33550,30,N
7183,31844,33550,1706,S
8040,33535,33555,20,N
7187,31852,33555,1703,S
8047,33550,33560,10,N
7192,31860,33560,1700,S
8054,33565,33565,0,N
7197,31868,33565,1697,S
7200,31876,33570,1694,S
7206,31884,33575,1691,S
8061,33580,33580,0,N
7210,31892,33580,1688,S
7214,31900,33585,1685,S
7220,31908,33590,1682,S
8068,33595,33595,0,N
7224,31916,33595,1679,S
5949,29675,33600,3925,E
5097,28182,33600,5418,W
5953,29681,33605,3924,E
5100,28187,33605,5418,W
5956,29687,33610,3923,E
5102,28192,33610,5418,W
5961,29693,33615,3922,E
5106,28197,33615,5418,W
5963,29699,33620,3921,E
5108,28202,33620,5418,W
5966,29705,33625,3920,E
5111,28207,33625,5418,W
5970,29711,33630,3919,E
5115,28212,33630,5418,W
5973,29717,33635,3918,E
5117,28217,33635,5418,W
5977,29723,33640,3917,E
5120,28222,33640,5418,W
5980,29729,33645,3916,E
5122,28227,33645,5418,W
5984,29735,33650,3915,E
5125,28232,33650,5418,W
5987,29741,33655,3914,E
5129,28237,33655,5418,W
8076,33610,33660,50,N
7228,31924,33660,1736,S
8083,33625,33665,40,N
7233,31932,33665,1733,S
8090,33640,33670,30,N
7237,31940,33670,1730,S
8097,33655,33675,20,N
7242,31948,33675,1727,S
8104,33670,33680,10,N
7247,31956,33680,1724,S
8111,33685,33685,0,N
7251,31964,33685,1721,S
7255,31972,33690,1718,S
7260,31980,33695,1715,S
8118,33700,33700,0,N
7265,31988,33700,1712,S
7269,31996,33705,1709,S
7274,32004,33710,1706,S
8126,33715,33715,0,N
7278,32012,33715,1703,S
5990,29747,33720,3973,E
5131,28242,33720,5478,W
5994,29753,33725,3972,E
5135,28247,33725,5478,W
5998,29759,33730,3971,E
5137,28252,33730,5478,W
6001,29765,33735,3970,E
5140,28257,33735,5478,W
6004,29771,33740,3969,E
5143,28262,33740,5478,W
6007,29777,33745,3968,E
5145,28267,33745,5478,W
6011,29783,33750,3967,E
5149,28272,33750,5478,W
6015,29789,33755,3966,E
5152,28277,33755,5478,W
6017,29795,33760,3965,E
5154,28282,33760,5478,W
6021,29801,33765,3964,E
5157,28287,33765,5478,W
6024,29807,33770,3963,E
5160,28292,33770,5478,W
6029,29813,33775,3962,E
5163,28297,33775,5478,W
8133,33730,33780,50,N
7283,32020,33780,1760,S
8140,33745,33785,40,N
7288,32028,33785,1757,S
8147,33760,33790,30,N
7292,32036,33790,1754,S
8154,33775,33795,20,N
7296,32044,33795,1751,S
8161,33790,33800,10,N
7301,32052,33800,1748,S
8168,33805,33805,0,N
7306,32060,33805,1745,S
7310,32068,33810,1742,S
7315,32076,33815,1739,S
8176,33820,33820,0,N
7319,32084,33820,1736,S
7323,32092,33825,1733,S
7329,32100,33830,1730,S
8183,33835,33835,0,N
7333,32108,33835,1727,S
6031,29819,33840,4021,E
5166,28302,33840,5538,W
6035,29825,33845,4020,E
5169,28307,33845,5538,W
6038,29831,33850,4019,E
5171,28312,33850,5538,W
6042,29837,33855,4018,E
5175,28317,33855,5538,W
6045,29843,33860,4017,E
5177,28322,33860,5538,W
6049,29849,33865,4016,E
5180,28327,33865,5538,W
6052,29855,33870,4015,E
5184,28332,33870,5538,W
6055,29861,33875,4014,E
5186,28337,33875,5538,W
6058,29867,33880,4013,E
5189,28342,33880,5538,W
6062,29873,33885,4012,E
5191,28347,33885,5538,W
6066,29879,33890,4011,E
5194,28352,33890,5538,W
6069,29885,33895,4010,E
5198,28357,33895,5538,W
8190,33850,33900,50,N
7337,32116,33900,1784,S
8197,33865,33905,40,N
7343,32124,33905,1781,S
8204,33880,33910,30,N
7346,32132,33910,1778,S
8211,33895,33915,20,N
7351,32140,33915,1775,S
8218,33910,33920,10,N
7356,32148,33920,1772,S
8226,33925,33925,0,N
7360,32156,33925,1769,S
7365,32164,33930,1766,S
7369,32172,33935,1763,S
8233,33940,33940,0,N
7374,32180,33940,1760,S
7378,32188,33945,1757,S
7383,32196,33950,1754,S
8240,33955,33955,0,N
7388,32204,33955,1751,S
6072,29891,33960,4069,E
5200,28362,33960,5598,W
6075,29897,33965,4068,E
5204,28367,33965,5598,W
6080,29903,33970,4067,E
5206,28372,33970,5598,W
6083,29909,33975,4066,E
5209,28377,33975,5598,W
6086,29915,33980,4065,E
5212,28382,33980,5598,W
6089,29921,33985,4064,E
5214,28387,33985,5598,W
6093,29927,33990,4063,E
5218,28392,33990,5598,W
6097,29933,33995,4062,E
5221,28397,33995,5598,W
6099,29939,34000,4061,E
5223,28402,34000,5598,W
6103,29945,34005,4060,E
5226,28407,34005,5598,W
6106,29951,34010,4059,E
5229,28412,34010,5598,W
6110,29957,34015,4058,E
5232,28417,34015,5598,W
8247,33970,34020,50,N
7391,32212,34020,1808,S
8254,33985,34025,40,N
7397,32220,34025,1805,S
8261,34000,34030,30,N
7402,32228,34030,1802,S
8268,34015,34035,20,N
7405,32236,34035,1799,S
8276,34030,34040,10,N
7411,32244,34040,1796,S
8283,34045,34045,0,N
7414,32252,34045,1793,S
7419,32260,34050,1790,S
7425,32268,34055,1787,S
8290,34060,34060,0,N
7428,32276,34060,1784,S
7433,32284,34065,1781,S
7437,32292,34070,1778,S
8297,34075,34075,0,N
7442,32300,34075,1775,S
6113,29963,34080,4117,E
5235,28422,34080,5658,W
6117,29969,34085,4116,E
5238,28427,34085,5658,W
6120,29975,34090,4115,E
5240,28432,34090,5658,W
6124,29981,34095,4114,E
5244,28437,34095,5658,W
6126,29987,34100,4113,E
5246,28442,34100,5658,W
6131,29993,34105,4112,E
5249,28447,34105,5658,W
6134,29999,34110,4111,E
5253,28452,34110,5658,W
6138,30005,34115,4110,E
5255,28457,34115,5658,W
6140,30011,34120,4109,E
5258,28462,34120,5658,W
6143,30017,34125,4108,E
5260,28467,34125,5658,W
6148,30023,34130,4107,E
5263,28472,34130,5658,W
6151,30029,34135,4106,E
5267,28477,34135,5658,W
8304,34090,34140,50,N
7447,32308,34140,1832,S
8311,34105,34145,40,N
7451,32316,34145,1829,S
8318,34120,34150,30,N
7456,32324,34150,1826,S
8326,34135,34155,20,N
7460,32332,34155,1823,S
8333,34150,34160,10,N
7465,32340,34160,1820,S
8340,34165,34165,0,N
7470,32348,34165,1817,S
7473,32356,34170,1814,S
7479,32364,34175,1811,S
8347,34180,34180,0,N
7483,32372,34180,1808,S
7487,32380,34185,1805,S
7493,32388,34190,1802,S
8354,34195,34195,0,N
7496,32396,34195,1799,S
6154,30035,34200,4165,E
5269,28482,34200,5718,W
6157,30041,34205,4164,E
5273,28487,34205,5718,W
6161,30047,34210,4163,E
5275,28492,34210,5718,W
6165,30053,34215,4162,E
5278,28497,34215,5718,W
6168,30059,34220,4161,E
5281,28502,34220,5718,W
6171,30065,34225,4160,E
5283,28507,34225,5718,W
6175,30071,34230,4159,E
5287,28512,34230,5718,W
6178,30077,34235,4158,E
5290,28517,34235,5718,W
6182,30083,34240,4157,E
5292,28522,34240,5718,W
6185,30089,34245,4156,E
5295,28527,34245,5718,W
6188,30095,34250,4155,E
5298,28532,34250,5718,W
6192,30101,34255,4154,E
5301,28537,34255,5718,W
8361,34210,34260,50,N
7501,32404,34260,1856,S
8368,34225,34265,40,N
7506,32414,34265,1851,S
8376,34240,34270,30,N
7510,32424,34270,1846,S
8383,34255,34275,20,N
7516,32434,34275,1841,S
8390,34270,34280,10,N
7520,32444,34280,1836,S
8397,34285,34285,0,N
7524,32454,34285,1831,S
7530,32464,34290,1826,S
7534,32474,34295,1821,S
8404,34300,34300,0,N
7539,32484,34300,1816,S
7544,32494,34305,1811,S
7549,32504,34310,1806,S
8411,34315,34315,0,N
7553,32514,34315,1801,S
6194,30107,34320,4213,E
5304,28542,34320,5778,W
6199,30113,34325,4212,E
5307,28547,34325,5778,W
6202,30119,34330,4211,E
5309,28552,34330,5778,W
6206,30125,34335,4210,E
5313,28557,34335,5778,W
6208,30131,34340,4209,E
5315,28562,34340,5778,W
6212,30137,34345,4208,E
5318,28567,34345,5778,W
6216,30143,34350,4207,E
5322,28572,34350,5778,W
6220,30149,34355,4206,E
5324,28577,34355,5778,W
6222,30155,34360,4205,E
5327,28582,34360,5778,W
6226,30161,34365,4204,E
5329,28587,34365,5778,W
6229,30167,34370,4203,E
5332,28592,34370,5778,W
6233,30173,34375,4202,E
5336,28597,34375,5778,W
8418,34330,34380,50,N
7558,32524,34380,1856,S
8426,34345,34385,40,N
7563,32534,34385,1851,S
8433,34360,34390,30,N
7567,32544,34390,1846,S
8440,34375,34395,20,N
7573,32554,34395,1841,S
8447,34390,34400,10,N
7577,32564,34400,1836,S
8454,34405,34405,0,N
7582,32574,34405,1831,S
7587,32584,34410,1826,S
7591,32594,34415,1821,S
8461,34420,34420,0,N
7596,32604,34420,1816,S
7601,32614,34425,1811,S
7606,32624,34430,1806,S
8468,34435,34435,0,N
7610,32634,34435,1801,S
6236,30179,34440,4261,E
5338,28602,34440,5838,W
6239,30185,34445,4260,E
5342,28607,34445,5838,W
6243,30191,34450,4259,E
5344,28612,34450,5838,W
6246,30197,34455,4258,E
5347,28617,34455,5838,W
6250,30203,34460,4257,E
5350,28622,34460,5838,W
6253,30209,34465,4256,E
5352,28627,34465,5838,W
6257,30215,34470,4255,E
5356,28632,34470,5838,W
6260,30221,34475,4254,E
5359,28637,34475,5838,W
6263,30227,34480,4253,E
5361,28642,34480,5838,W
6267,30233,34485,4252,E
5364,28647,34485,5838,W
6271,30239,34490,4251,E
5367,28652,34490,5838,W
6274,30245,34495,4250,E
5370,28657,34495,5838,W
8476,34450,34500,50,N
7616,32644,34500,1856,S
8483,34465,34505,40,N
7620,32654,34505,1851,S
8490,34480,34510,30,N
7624,32664,34510,1846,S
8497,34495,34515,20,N
7630,32674,34515,1841,S
8504,34510,34520,10,N
7634,32684,34520,1836,S
8511,34525,34525,0,N
7639,32694,34525,1831,S
7644,32704,34530,1826,S
7649,32714,34535,1821,S
8518,34540,34540,0,N
7653,32724,34540,1816,S
7658,32734,34545,1811,S
7663,32744,34550,1806,S
8526,34555,34555,0,N
7667,32754,34555,1801,S
6276,30251,34560,4309,E
5373,28662,34560,5898,W
6280,30257,34565,4308,E
5376,28667,34565,5898,W
6284,30263,34570,4307,E
5378,28672,34570,5898,W
6288,30269,34575,4306,E
5382,28677,34575,5898,W
6290,30275,34580,4305,E
5384,28682,34580,5898,W
6294,30281,34585,4304,E
5387,28687,34585,5898,W
6297,30287,34590,4303,E
5391,28692,34590,5898,W
6302,30293,34595,4302,E
5393,28697,34595,5898,W
6304,30299,34600,4301,E
5396,28702,34600,5898,W
6308,30305,34605,4300,E
5398,28707,34605,5898,W
6311,30311,34610,4299,E
5401,28712,34610,5898,W
6315,30317,34615,4298,E
5405,28717,34615,5898,W
8533,34570,34620,50,N
7673,32764,34620,1856,S
8540,34585,34625,40,N
7677,32774,34625,1851,S
8547,34600,34630,30,N
7682,32784,34630,1846,S
8554,34615,34635,20,N
7687,32794,34635,1841,S
8561,34630,34640,10,N
7691,32804,34640,1836,S
8568,34645,34645,0,N
7696,32814,34645,1831,S
7701,32824,34650,1826,S
7706,32834,34655,1821,S
8576,34660,34660,0,N
7710,32844,34660,1816,S
7716,32854,34665,1811,S
7720,32864,34670,1806,S
8583,34675,34675,0,N
7724,32874,34675,1801,S
6318,30323,34680,4357,E
5407,28722,34680,5958,W
6321,30329,34685,4356,E
5411,28727,34685,5958,W
6325,30335,34690,4355,E
5413,28732,34690,5958,W
6328,30341,34695,4354,E
5416,28737,34695,5958,W
6331,30347,34700,4353,E
5419,28742,34700,5958,W
6335,30353,34705,4352,E
5421,28747,34705,5958,W
6339,30359,34710,4351,E
5425,28752,34710,5958,W
6342,30365,34715,4350,E
5428,28757,34715,5958,W
6345,30371,34720,4349,E
5430,28762,34720,5958,W
6348,30377,34725,4348,E
5433,28767,34725,5958,W
6353,30383,34730,4347,E
5436,28772,34730,5958,W
6356,30389,34735,4346,E
5439,28777,34735,5958,W
8590,34690,34740,50,N
7730,32884,34740,1856,S
8597,34705,34745,40,N
7734,32894,34745,1851,S
8604,34720,34750,30,N
7739,32904,34750,1846,S
8611,34735,34755,20,N
7744,32914,34755,1841,S
8618,34750,34760,10,N
7749,32924,34760,1836,S
8626,34765,34765,0,N
7753,32934,34765,1831,S
7758,32944,34770,1826,S
7763,32954,34775,1821,S
8633,34780,34780,0,N
7767,32964,34780,1816,S
7773,32974,34785,1811,S
7777,32984,34790,1806,S
8640,34795,34795,0,N
7782,32994,34795,1801,S
6359,30395,34800,4405,E
5442,28782,34800,6018,W
6362,30401,34805,4404,E
5445,28787,34805,6018,W
6365,30407,34810,4403,E
5447,28792,34810,6018,W
6370,30413,34815,4402,E
5451,28797,34815,6018,W
6372,30419,34820,4401,E
5453,28802,34820,6018,W
6376,30425,34825,4400,E
5456,28807,34825,6018,W
6379,30431,34830,4399,E
5460,28812,34830,6018,W
6383,30437,34835,4398,E
5462,28817,34835,6018,W
6386,30443,34840,4397,E
5465,28822,34840,6018,W
6390,30449,34845,4396,E
5467,28827,34845,6018,W
6393,30455,34850,4395,E
5470,28832,34850,6018,W
6397,30461,34855,4394,E
5474,28837,34855,6018,W
8647,34810,34860,50,N
7787,33004,34860,1856,S
8654,34825,34865,40,N
7791,33014,34865,1851,S
8661,34840,34870,30,N
7796,33024,34870,1846,S
8668,34855,34875,20,N
7801,33034,34875,1841,S
8676,34870,34880,10,N
7806,33044,34880,1836,S
8683,34885,34885,0,N
7810,33054,34885,1831,S
7816,33064,34890,1826,S
7820,33074,34895,1821,S
8690,34900,34900,0,N
7824,33084,34900,1816,S
7830,33094,34905,1811,S
7834,33104,34910,1806,S
8697,34915,34915,0,N
7839,33114,34915,1801,S
6399,30467,34920,4453,E
5476,28842,34920,6078,W
6404,30473,34925,4452,E
5479,28847,34925,6078,W
6407,30479,34930,4451,E
5482,28852,34930,6078,W
6410,30485,34935,4450,E
5484,28857,34935,6078,W
6413,30491,34940,4449,E
5488,28862,34940,6078,W
6416,30497,34945,4448,E
5490,28867,34945,6078,W
6421,30503,34950,4447,E
5493,28872,34950,6078,W
6424,30509,34955,4446,E
5497,28877,34955,6078,W
6427,30515,34960,4445,E
5498,28882,34960,6078,W
6430,30521,34965,4444,E
5502,28887,34965,6078,W
6434,30527,34970,4443,E
5505,28892,34970,6078,W
6438,30533,34975,4442,E
5507,28897,34975,6078,W
8704,34930,34980,50,N
7844,33124,34980,1856,S
8711,34945,34985,40,N
7849,33134,34985,1851,S
8718,34960,34990,30,N
7853,33144,34990,1846,S
8726,34975,34995,20,N
7858,33154,34995,1841,S
8733,34990,35000,10,N
7863,33164,35000,1836,S
8740,35005,35005,0,N
7867,33174,35005,1831,S
7873,33184,35010,1826,S
7877,33194,35015,1821,S
8747,35020,35020,0,N
7882,33204,35020,1816,S
7887,33214,35025,1811,S
7891,33224,35030,1806,S
8754,35035,35035,0,N
7896,33234,35035,1801,S
6441,30539,35040,4501,E
5511,28902,35040,6138,W
6444,30545,35045,4500,E
5513,28907,35045,6138,W
6448,30551,35050,4499,E
5515,28912,35050,6138,W
6451,30557,35055,4498,E
5519,28917,35055,6138,W
6454,30563,35060,4497,E
5521,28922,35060,6138,W
6458,30569,35065,4496,E
5525,28927,35065,6138,W
6461,30575,35070,4495,E
5528,28932,35070,6138,W
6465,30581,35075,4494,E
5530,28937,35075,6138,W
6467,30587,35080,4493,E
5533,28942,35080,6138,W
6472,30593,35085,4492,E
5535,28947,35085,6138,W
6475,30599,35090,4491,E
5539,28952,35090,6138,W
6479,30605,35095,4490,E
5542,28957,35095,6138,W
8761,35050,35100,50,N
7901,33244,35100,1856,S
8768,35065,35105,40,N
7906,33254,35105,1851,S
8776,35080,35110,30,N
7910,33264,35110,1846,S
8783,35095,35115,20,N
7916,33274,35115,1841,S
8790,35110,35120,10,N
7920,33284,35120,1836,S
8797,35125,35125,0,N
7924,33294,35125,1831,S
7930,33304,35130,1826,S
7934,33314,35135,1821,S
8804,35140,35140,0,N
7939,33324,35140,1816,S
7944,33334,35145,1811,S
7949,33344,35150,1806,S
8811,35155,35155,0,N
7953,33354,35155,1801,S
6481,30611,35160,4549,E
5544,28962,35160,6198,W
6485,30617,35165,4548,E
5548,28967,35165,6198,W
6489,30623,35170,4547,E
5550,28972,35170,6198,W
6493,30629,35175,4546,E
5552,28977,35175,6198,W
6495,30635,35180,4545,E
5556,28982,35180,6198,W
6498,30641,35185,4544,E
5558,28987,35185,6198,W
6502,30647,35190,4543,E
5562,28992,35190,6198,W
6506,30653,35195,4542,E
5565,28997,35195,6198,W
6509,30659,35200,4541,E
5566,29002,35200,6198,W
6512,30665,35205,4540,E
5570,29007,35205,6198,W
6516,30671,35210,4539,E
5573,29012,35210,6198,W
6519,30677,35215,4538,E
5576,29017,35215,6198,W
8818,35170,35220,50,N
7958,33364,35220,1856,S
8826,35185,35225,40,N
7963,33374,35225,1851,S
8833,35200,35230,30,N
7967,33384,35230,1846,S
8840,35215,35235,20,N
7973,33394,35235,1841,S
8847,35230,35240,10,N
7977,33404,35240,1836,S
8854,35245,35245,0,N
7982,33414,35245,1831,S
7987,33424,35250,1826,S
7991,33434,35255,1821,S
8861,35260,35260,0,N
7996,33444,35260,1816,S
8001,33454,35265,1811,S
8006,33464,35270,1806,S
8868,35275,35275,0,N
8010,33474,35275,1801,S
6523,30683,35280,4597,E
5579,29022,35280,6258,W
6526,30689,35285,4596,E
5581,29027,35285,6258,W
6530,30695,35290,4595,E
5584,29032,35290,6258,W
6533,30701,35295,4594,E
5587,29037,35295,6258,W
6536,30707,35300,4593,E
5589,29042,35300,6258,W
6540,30713,35305,4592,E
5593,29047,35305,6258,W
6543,30719,35310,4591,E
5596,29052,35310,6258,W
6547,30725,35315,4590,E
5599,29057,35315,6258,W
6549,30731,35320,4589,E
5601,29062,35320,6258,W
6553,30737,35325,4588,E
5603,29067,35325,6258,W
6557,30743,35330,4587,E
5607,29072,35330,6258,W
6561,30749,35335,4586,E
5610,29077,35335,6258,W
8876,35290,35340,50,N
8016,33484,35340,1856,S
8883,35305,35345,40,N
8020,33494,35345,1851,S
8890,35320,35350,30,N
8024,33504,35350,1846,S
8897,35335,35355,20,N
8030,33514,35355,1841,S
8904,35350,35360,10,N
8034,33524,35360,1836,S
8911,35365,35365,0,N
8039,33534,35365,1831,S
8044,33544,35370,1826,S
8049,33554,35375,1821,S
8918,35380,35380,0,N
8053,33564,35380,1816,S
8058,33574,35385,1811,S
8063,33584,35390,1806,S
8926,35395,35395,0,N
8067,33594,35395,1801,S
6563,30755,35400,4645,E
5613,29082,35400,6318,W
6567,30761,35405,4644,E
5616,29087,35405,6318,W
6570,30767,35410,4643,E
5618,29092,35410,6318,W
6575,30773,35415,4642,E
5621,29097,35415,6318,W
6577,30779,35420,4641,E
5624,29102,35420,6318,W
6581,30785,35425,4640,E
5626,29107,35425,6318,W
6584,30791,35430,4639,E
5630,29112,35430,6318,W
6587,30797,35435,4638,E
5633,29117,35435,6318,W
6591,30803,35440,4637,E
5635,29122,35440,6318,W
6594,30809,35445,4636,E
5638,29127,35445,6318,W
6598,30815,35450,4635,E
5641,29132,35450,6318,W
6601,30821,35455,4634,E
5644,29137,35455,6318,W
8933,35410,35460,50,N
8073,33604,35460,1856,S
8940,35425,35465,40,N
8077,33614,35465,1851,S
8947,35440,35470,30,N
8082,33624,35470,1846,S
8954,35455,35475,20,N
8087,33634,35475,1841,S
8961,35470,35480,10,N
8091,33644,35480,1836,S
8968,35485,35485,0,N
8096,33654,35485,1831,S
8101,33664,35490,1826,S
8106,33674,35495,1821,S
8976,35500,35500,0,N
8110,33684,35500,1816,S
8116,33694,35505,1811,S
8120,33704,35510,1806,S
8983,35515,35515,0,N
8124,33714,35515,1801,S
6604,30827,35520,4693,E
5647,29142,35520,6378,W
6608,30833,35525,4692,E
5650,29147,35525,6378,W
6612,30839,35530,4691,E
5652,29152,35530,6378,W
6615,30845,35535,4690,E
5655,29157,35535,6378,W
6618,30851,35540,4689,E
5658,29162,35540,6378,W
6621,30857,35545,4688,E
5661,29167,35545,6378,W
6626,30863,35550,4687,E
5664,29172,35550,6378,W
6629,30869,35555,4686,E
5667,29177,35555,6378,W
6631,30875,35560,4685,E
5669,29182,35560,6378,W
6635,30881,35565,4684,E
5672,29187,35565,6378,W
6638,30887,35570,4683,E
5675,29192,35570,6378,W
6643,30893,35575,4682,E
5678,29197,35575,6378,W
8990,35530,35580,50,N
8130,33724,35580,1856,S
8997,35545,35585,40,N
8134,33734,35585,1851,S
9004,35560,35590,30,N
8139,33744,35590,1846,S
9011,35575,35595,20,N
8144,33754,35595,1841,S
9018,35590,35600,10,N
8149,33764,35600,1836,S
9026,35605,35605,0,N
8153,33774,35605,1831,S
8158,33784,35610,1826,S
8163,33794,35615,1821,S
9033,35620,35620,0,N
8167,33804,35620,1816,S
8173,33814,35625,1811,S
8177,33824,35630,1806,S
9040,35635,35635,0,N
8182,33834,35635,1801,S
6645,30899,35640,4741,E
5681,29202,35640,6438,W
6649,30905,35645,4740,E
5684,29207,35645,6438,W
6652,30911,35650,4739,E
5687,29212,35650,6438,W
6656,30917,35655,4738,E
5689,29217,35655,6438,W
6659,30923,35660,4737,E
5692,29222,35660,6438,W
6663,30929,35665,4736,E
5695,29227,35665,6438,W
6666,30935,35670,4735,E
5698,29232,35670,6438,W
6670,30941,35675,4734,E
5701,29237,35675,6438,W
6672,30947,35680,4733,E
5703,29242,35680,6438,W
6676,30953,35685,4732,E
5706,29247,35685,6438,W
6680,30959,35690,4731,E
5710,29252,35690,6438,W
6683,30965,35695,4730,E
5712,29257,35695,6438,W
9047,35650,35700,50,N
8187,33844,35700,1856,S
9054,35665,35705,40,N
8191,33854,35705,1851,S
9061,35680,35710,30,N
8196,33864,35710,1846,S
9068,35695,35715,20,N
8201,33874,35715,1841,S
9076,35710,35720,10,N
8206,33884,35720,1836,S
9083,35725,35725,0,N
8210,33894,35725,1831,S
8216,33904,35730,1826,S
8220,33914,35735,1821,S
9090,35740,35740,0,N
8224,33924,35740,1816,S
8230,33934,35745,1811,S
8234,33944,35750,1806,S
9097,35755,35755,0,N
8239,33954,35755,1801,S
6686,30971,35760,4789,E
5715,29262,35760,6498,W
6689,30977,35765,4788,E
5718,29267,35765,6498,W
6694,30983,35770,4787,E
5720,29272,35770,6498,W
6697,30989,35775,4786,E
5724,29277,35775,6498,W
6700,30995,35780,4785,E
5726,29282,35780,6498,W
6703,31001,35785,4784,E
5729,29287,35785,6498,W
6707,31007,35790,4783,E
5733,29292,35790,6498,W
6711,31013,35795,4782,E
5735,29297,35795,6498,W
6714,31019,35800,4781,E
5737,29302,35800,6498,W
6717,31025,35805,4780,E
5740,29307,35805,6498,W
6720,31031,35810,4779,E
5743,29312,35810,6498,W
6724,31037,35815,4778,E
5747,29317,35815,6498,W
9104,35770,35820,50,N
8244,33964,35820,1856,S
9111,35785,35825,40,N
8249,33974,35825,1851,S
9118,35800,35830,30,N
8253,33984,35830,1846,S
9126,35815,35835,20,N
8258,33994,35835,1841,S
9133,35830,35840,10,N
8263,34004,35840,1836,S
9140,35845,35845,0,N
8267,34014,35845,1831,S
8273,34024,35850,1826,S
8277,34034,35855,1821,S
9147,35860,35860,0,N
8282,34044,35860,1816,S
8287,34054,35865,1811,S
8291,34064,35870,1806,S
9154,35875,35875,0,N
8296,34074,35875,1801,S
6727,31043,35880,4837,E
5749,29322,35880,6558,W
6731,31049,35885,4836,E
5752,29327,35885,6558,W
6734,31055,35890,4835,E
5755,29332,35890,6558,W
6738,31061,35895,4834,E
5757,29337,35895,6558,W
6740,31067,35900,4833,E
5761,29342,35900,6558,W
6745,31073,35905,4832,E
5763,29347,35905,6558,W
6748,31079,35910,4831,E
5766,29352,35910,6558,W
6752,31085,35915,4830,E
5770,29357,35915,6558,W
6754,31091,35920,4829,E
5771,29362,35920,6558,W
6758,31097,35925,4828,E
5774,29367,35925,6558,W
6762,31103,35930,4827,E
5778,29372,35930,6558,W
6765,31109,35935,4826,E
5780,29377,35935,6558,W
9161,35890,35940,50,N
8301,34084,35940,1856,S
9168,35905,35945,40,N
8306,34094,35945,1851,S
9176,35920,35950,30,N
8310,34104,35950,1846,S
9183,35935,35955,20,N
8316,34114,35955,1841,S
9190,35950,35960,10,N
8320,34124,35960,1836,S
9197,35965,35965,0,N
8324,34134,35965,1831,S
8330,34144,35970,1826,S
8334,34154,35975,1821,S
9204,35980,35980,0,N
8339,34164,35980,1816,S
8344,34174,35985,1811,S
8349,34184,35990,1806,S
9211,35995,35995,0,N
8353,34194,35995,1801,S
6768,31115,36000,4885,E
5784,29382,36000,6618,W
6771,31121,36005,4884,E
5786,29387,36005,6618,W
6775,31127,36010,4883,E
5788,29392,36010,6618,W
6779,31133,36015,4882,E
5792,29397,36015,6618,W
6782,31139,36020,4881,E
5794,29402,36020,6618,W
6785,31145,36025,4880,E
5798,29407,36025,6618,W
6789,31151,36030,4879,E
5801,29412,36030,6618,W
6792,31157,36035,4878,E
5803,29417,36035,6618,W
6796,31163,36040,4877,E
5806,29422,36040,6618,W
6799,31169,36045,4876,E
5808,29427,36045,6618,W
6803,31175,36050,4875,E
5811,29432,36050,6618,W
6806,31181,36055,4874,E
5815,29437,36055,6618,W
9218,36010,36060,50,N
8358,34204,36060,1856,S
9225,36026,36065,39,N
8363,34214,36065,1851,S
9232,36042,36070,28,N
8367,34224,36070,1846,S
9240,36058,36075,17,N
8373,34234,36075,1841,S
9246,36074,36080,6,N
8377,34244,36080,1836,S
8382,34254,36085,1831,S
9254,36090,36090,0,N
8387,34264,36090,1826,S
8391,34274,36095,1821,S
8396,34284,36100,1816,S
8401,34294,36105,1811,S
9262,36106,36110,4,N
8406,34304,36110,1806,S
8410,34314,36115,1801,S
6808,31187,36120,4933,E
5817,29442,36120,6678,W
6813,31193,36125,4932,E
5821,29447,36125,6678,W
6816,31199,36130,4931,E
5823,29452,36130,6678,W
6820,31205,36135,4930,E
5825,29457,36135,6678,W
6822,31211,36140,4929,E
5829,29462,36140,6678,W
6826,31217,36145,4928,E
5831,29467,36145,6678,W
6830,31223,36150,4927,E
5835,29472,36150,6678,W
6834,31229,36155,4926,E
5838,29477,36155,6678,W
6836,31235,36160,4925,E
5839,29482,36160,6678,W
6840,31241,36165,4924,E
5843,29487,36165,6678,W
6843,31247,36170,4923,E
5846,29492,36170,6678,W
6848,31253,36175,4922,E
5848,29497,36175,6678,W
9268,36122,36180,58,N
8416,34324,36180,1856,S
9276,36138,36185,47,N
8420,34334,36185,1851,S
9283,36154,36190,36,N
8424,34344,36190,1846,S
9290,36170,36195,25,N
8430,34354,36195,1841,S
9298,36186,36200,14,N
8434,34364,36200,1836,S
9305,36202,36205,3,N
8439,34374,36205,1831,S
8444,34384,36210,1826,S
8449,34394,36215,1821,S
9312,36218,36220,2,N
8453,34404,36220,1816,S
8458,34414,36225,1811,S
8463,34424,36230,1806,S
9319,36234,36235,1,N
8467,34434,36235,1801,S
6850,31259,36240,4981,E
5852,29502,36240,6738,W
6853,31265,36245,4980,E
5854,29507,36245,6738,W
6857,31271,36250,4979,E
5857,29512,36250,6738,W
6860,31277,36255,4978,E
5860,29517,36255,6738,W
6864,31283,36260,4977,E
5862,29522,36260,6738,W
6867,31289,36265,4976,E
5866,29527,36265,6738,W
6871,31295,36270,4975,E
5869,29532,36270,6738,W
6874,31301,36275,4974,E
5872,29537,36275,6738,W
6877,31307,36280,4973,E
5874,29542,36280,6738,W
6881,31313,36285,4972,E
5876,29547,36285,6738,W
6885,31319,36290,4971,E
5880,29552,36290,6738,W
6888,31325,36295,4970,E
5883,29557,36295,6738,W
9327,36250,36300,50,N
8473,34444,36300,1856,S
9334,36266,36305,39,N
8477,34454,36305,1851,S
9341,36282,36310,28,N
8482,34464,36310,1846,S
9349,36298,36315,17,N
8487,34474,36315,1841,S
9355,36314,36320,6,N
8491,34484,36320,1836,S
8496,34494,36325,1831,S
9363,36330,36330,0,N
8501,34504,36330,1826,S
8506,34514,36335,1821,S
8510,34524,36340,1816,S
8516,34534,36345,1811,S
9371,36346,36350,4,N
8520,34544,36350,1806,S
8524,34554,36355,1801,S
6891,31331,36360,5029,E
5885,29562,36360,6798,W
6894,31337,36365,5028,E
5889,29567,36365,6798,W
6898,31343,36370,5027,E
5891,29572,36370,6798,W
6902,31349,36375,5026,E
5894,29577,36375,6798,W
6904,31355,36380,5025,E
5897,29582,36380,6798,W
6908,31361,36385,5024,E
5899,29587,36385,6798,W
6911,31367,36390,5023,E
5903,29592,36390,6798,W
6916,31373,36395,5022,E
5906,29597,36395,6798,W
6918,31379,36400,5021,E
5908,29602,36400,6798,W
6922,31385,36405,5020,E
5911,29607,36405,6798,W
6925,31391,36410,5019,E
5914,29612,36410,6798,W
6929,31397,36415,5018,E
5917,29617,36415,6798,W
9377,36362,36420,58,N
8530,34564,36420,1856,S
9385,36378,36425,47,N
8534,34574,36425,1851,S
9392,36394,36430,36,N
8539,34584,36430,1846,S
9399,36410,36435,25,N
8544,34594,36435,1841,S
9407,36426,36440,14,N
8549,34604,36440,1836,S
9414,36442,36445,3,N
8553,34614,36445,1831,S
8558,34624,36450,1826,S
8563,34634,36455,1821,S
9421,36458,36460,2,N
8567,34644,36460,1816,S
8573,34654,36465,1811,S
8577,34664,36470,1806,S
9428,36474,36475,1,N
8582,34674,36475,1801,S
6932,31403,36480,5077,E
5920,29622,36480,6858,W
6936,31409,36485,5076,E
5922,29627,36485,6858,W
6939,31415,36490,5075,E
5925,29632,36490,6858,W
6942,31421,36495,5074,E
5928,29637,36495,6858,W
6945,31427,36500,5073,E
5931,29642,36500,6858,W
6949,31433,36505,5072,E
5934,29647,36505,6858,W
6953,31439,36510,5071,E
5937,29652,36510,6858,W
6956,31445,36515,5070,E
5940,29657,36515,6858,W
6959,31451,36520,5069,E
5942,29662,36520,6858,W
6962,31457,36525,5068,E
5945,29667,36525,6858,W
6967,31463,36530,5067,E
5948,29672,36530,6858,W
6970,31469,36535,5066,E
5951,29677,36535,6858,W
9436,36490,36540,50,N
8587,34684,36540,1856,S
9443,36506,36545,39,N
8591,34694,36545,1851,S
9450,36522,36550,28,N
8596,34704,36550,1846,S
9458,36538,36555,17,N
8601,34714,36555,1841,S
9464,36554,36560,6,N
8606,34724,36560,1836,S
8610,34734,36565,1831,S
9472,36570,36570,0,N
8616,34744,36570,1826,S
8620,34754,36575,1821,S
8624,34764,36580,1816,S
8630,34774,36585,1811,S
9480,36586,36590,4,N
8634,34784,36590,1806,S
8639,34794,36595,1801,S
6973,31475,36600,5125,E
5954,29682,36600,6918,W
6976,31481,36605,5124,E
5957,29687,36605,6918,W
6980,31487,36610,5123,E
5959,29692,36610,6918,W
6984,31493,36615,5122,E
5962,29697,36615,6918,W
6986,31499,36620,5121,E
5965,29702,36620,6918,W
6990,31505,36625,5120,E
5968,29707,36625,6918,W
6993,31511,36630,5119,E
5971,29712,36630,6918,W
6997,31517,36635,5118,E
5974,29717,36635,6918,W
7000,31523,36640,5117,E
5976,29722,36640,6918,W
7004,31529,36645,5116,E
5979,29727,36645,6918,W
7007,31535,36650,5115,E
5983,29732,36650,6918,W
7011,31541,36655,5114,E
5985,29737,36655,6918,W
9486,36602,36660,58,N
8644,34804,36660,1856,S
9494,36618,36665,47,N
8649,34814,36665,1851,S
9501,36634,36670,36,N
8653,34824,36670,1846,S
9508,36650,36675,25,N
8658,34834,36675,1841,S
9516,36666,36680,14,N
8663,34844,36680,1836,S
9523,36682,36685,3,N
8667,34854,36685,1831,S
8673,34864,36690,1826,S
8677,34874,36695,1821,S
9530,36698,36700,2,N
8682,34884,36700,1816,S
8687,34894,36705,1811,S
8691,34904,36710,1806,S
9537,36714,36715,1,N
8696,34914,36715,1801,S
7013,31547,36720,5173,E
5988,29742,36720,6978,W
7018,31553,36725,5172,E
5991,29747,36725,6978,W
7021,31559,36730,5171,E
5993,29752,36730,6978,W
7025,31565,36735,5170,E
5996,29757,36735,6978,W
7027,31571,36740,5169,E
5999,29762,36740,6978,W
7030,31577,36745,5168,E
6002,29767,36745,6978,W
7035,31583,36750,5167,E
6006,29772,36750,6978,W
7038,31589,36755,5166,E
6008,29777,36755,6978,W
7041,31595,36760,5165,E
6010,29782,36760,6978,W
7044,31601,36765,5164,E
6013,29787,36765,6978,W
7048,31607,36770,5163,E
6016,29792,36770,6978,W
7052,31613,36775,5162,E
6020,29797,36775,6978,W
9545,36730,36780,50,N
8701,34924,36780,1856,S
9552,36746,36785,39,N
8706,34934,36785,1851,S
9559,36762,36790,28,N
8710,34944,36790,1846,S
9567,36778,36795,17,N
8716,34954,36795,1841,S
9573,36794,36800,6,N
8720,34964,36800,1836,S
8724,34974,36805,1831,S
9581,36810,36810,0,N
8730,34984,36810,1826,S
8734,34994,36815,1821,S
8739,35004,36820,1816,S
8744,35014,36825,1811,S
9589,36826,36830,4,N
8749,35024,36830,1806,S
8753,35034,36835,1801,S
7055,31619,36840,5221,E
6022,29802,36840,7038,W
7058,31625,36845,5220,E
6025,29807,36845,7038,W
7062,31631,36850,5219,E
6028,29812,36850,7038,W
7065,31637,36855,5218,E
6030,29817,36855,7038,W
7069,31643,36860,5217,E
6033,29822,36860,7038,W
7072,31649,36865,5216,E
6036,29827,36865,7038,W
7075,31655,36870,5215,E
6039,29832,36870,7038,W
7079,31661,36875,5214,E
6043,29837,36875,7038,W
7081,31667,36880,5213,E
6044,29842,36880,7038,W
7086,31673,36885,5212,E
6047,29847,36885,7038,W
7089,31679,36890,5211,E
6051,29852,36890,7038,W
7093,31685,36895,5210,E
6053,29857,36895,7038,W
9595,36842,36900,58,N
8758,35044,36900,1856,S
9603,36858,36905,47,N
8763,35054,36905,1851,S
9610,36874,36910,36,N
8767,35064,36910,1846,S
9617,36890,36915,25,N
8773,35074,36915,1841,S
9625,36906,36920,14,N
8777,35084,36920,1836,S
9632,36922,36925,3,N
8782,35094,36925,1831,S
8787,35104,36930,1826,S
8791,35114,36935,1821,S
9639,36938,36940,2,N
8796,35124,36940,1816,S
8801,35134,36945,1811,S
8806,35144,36950,1806,S
9646,36954,36955,1,N
8810,35154,36955,1801,S
7095,31691,36960,5269,E
6057,29862,36960,7098,W
7099,31697,36965,5268,E
6059,29867,36965,7098,W
7103,31703,36970,5267,E
6061,29872,36970,7098,W
7107,31709,36975,5266,E
6065,29877,36975,7098,W
7109,31715,36980,5265,E
6067,29882,36980,7098,W
7113,31721,36985,5264,E
6070,29887,36985,7098,W
7116,31727,36990,5263,E
6074,29892,36990,7098,W
7120,31733,36995,5262,E
6076,29897,36995,7098,W
7123,31739,37000,5261,E
6079,29902,37000,7098,W
7126,31745,37005,5260,E
6081,29907,37005,7098,W
7130,31751,37010,5259,E
6084,29912,37010,7098,W
7133,31757,37015,5258,E
6088,29917,37015,7098,W
9654,36970,37020,50,N
8816,35164,37020,1856,S
9661,36986,37025,39,N
8820,35174,37025,1851,S
9668,37002,37030,28,N
8824,35184,37030,1846,S
9676,37018,37035,17,N
8830,35194,37035,1841,S
9682,37034,37040,6,N
8834,35204,37040,1836,S
8839,35214,37045,1831,S
9690,37050,37050,0,N
8844,35224,37050,1826,S
8849,35234,37055,1821,S
8853,35244,37060,1816,S
8858,35254,37065,1811,S
9698,37066,37070,4,N
8863,35264,37070,1806,S
8867,35274,37075,1801,S
7137,31763,37080,5317,E
6090,29922,37080,7158,W
7140,31769,37085,5316,E
6094,29927,37085,7158,W
7144,31775,37090,5315,E
6096,29932,37090,7158,W
7147,31781,37095,5314,E
6098,29937,37095,7158,W
7150,31787,37100,5313,E
6102,29942,37100,7158,W
7154,31793,37105,5312,E
6104,29947,37105,7158,W
7158,31799,37110,5311,E
6107,29952,37110,7158,W
7161,31805,37115,5310,E
6111,29957,37115,7158,W
7163,31811,37120,5309,E
6112,29962,37120,7158,W
7167,31817,37125,5308,E
6116,29967,37125,7158,W
7171,31823,37130,5307,E
6119,29972,37130,7158,W
7175,31829,37135,5306,E
6121,29977,37135,7158,W
9704,37082,37140,58,N
8873,35284,37140,1856,S
9712,37098,37145,47,N
8877,35294,37145,1851,S
9719,37114,37150,36,N
8882,35304,37150,1846,S
9726,37130,37155,25,N
8887,35314,37155,1841,S
9734,37146,37160,14,N
8891,35324,37160,1836,S
9741,37162,37165,3,N
8896,35334,37165,1831,S
8901,35344,37170,1826,S
8906,35354,37175,1821,S
9748,37178,37180,2,N
8910,35364,37180,1816,S
8916,35374,37185,1811,S
8920,35384,37190,1806,S
9755,37194,37195,1,N
8924,35394,37195,1801,S
7177,31835,37200,5365,E
6125,29982,37200,7218,W
7181,31841,37205,5364,E
6127,29987,37205,7218,W
7184,31847,37210,5363,E
6130,29992,37210,7218,W
7189,31853,37215,5362,E
6133,29997,37215,7218,W
7191,31859,37220,5361,E
6135,30002,37220,7218,W
7195,31865,37225,5360,E
6139,30007,37225,7218,W
7198,31871,37230,5359,E
6142,30012,37230,7218,W
7202,31877,37235,5358,E
6144,30017,37235,7218,W
7205,31883,37240,5357,E
6147,30022,37240,7218,W
7208,31889,37245,5356,E
6149,30027,37245,7218,W
7212,31895,37250,5355,E
6153,30032,37250,7218,W
7215,31901,37255,5354,E
6156,30037,37255,7218,W
9763,37210,37260,50,N
8930,35404,37260,1856,S
9770,37226,37265,39,N
8934,35414,37265,1851,S
9777,37242,37270,28,N
8939,35424,37270,1846,S
9785,37258,37275,17,N
8944,35434,37275,1841,S
9791,37274,37280,6,N
8949,35444,37280,1836,S
8953,35454,37285,1831,S
9799,37290,37290,0,N
8958,35464,37290,1826,S
8963,35474,37295,1821,S
8967,35484,37300,1816,S
8973,35494,37305,1811,S
9807,37306,37310,4,N
8977,35504,37310,1806,S
8982,35514,37315,1801,S
7218,31907,37320,5413,E
6158,30042,37320,7278,W
7222,31913,37325,5412,E
6162,30047,37325,7278,W
7226,31919,37330,5411,E
6164,30052,37330,7278,W
7229,31925,37335,5410,E
6167,30057,37335,7278,W
7232,31931,37340,5409,E
6170,30062,37340,7278,W
7235,31937,37345,5408,E
6172,30067,37345,7278,W
7240,31943,37350,5407,E
6176,30072,37350,7278,W
7243,31949,37355,5406,E
6179,30077,37355,7278,W
7246,31955,37360,5405,E
6180,30082,37360,7278,W
7249,31961,37365,5404,E
6184,30087,37365,7278,W
7252,31967,37370,5403,E
6187,30092,37370,7278,W
7257,31973,37375,5402,E
6190,30097,37375,7278,W
9813,37322,37380,58,N
8987,35524,37380,1856,S
9821,37338,37385,47,N
8991,35534,37385,1851,S
9828,37354,37390,36,N
8996,35544,37390,1846,S
9835,37370,37395,25,N
9001,35554,37395,1841,S
9843,37386,37400,14,N
9006,35564,37400,1836,S
9850,37402,37405,3,N
9010,35574,37405,1831,S
9016,35584,37410,1826,S
9020,35594,37415,1821,S
9857,37418,37420,2,N
9024,35604,37420,1816,S
9030,35614,37425,1811,S
9034,35624,37430,1806,S
9864,37434,37435,1,N
9039,35634,37435,1801,S
7259,31979,37440,5461,E
6193,30102,37440,7338,W
7263,31985,37445,5460,E
6195,30107,37445,7338,W
7266,31991,37450,5459,E
6198,30112,37450,7338,W
7270,31997,37455,5458,E
6201,30117,37455,7338,W
7273,32003,37460,5457,E
6204,30122,37460,7338,W
7277,32009,37465,5456,E
6207,30127,37465,7338,W
7280,32015,37470,5455,E
6210,30132,37470,7338,W
7284,32021,37475,5454,E
6213,30137,37475,7338,W
7286,32027,37480,5453,E
6215,30142,37480,7338,W
7291,32033,37485,5452,E
6217,30147,37485,7338,W
7294,32039,37490,5451,E
6221,30152,37490,7338,W
7297,32045,37495,5450,E
6224,30157,37495,7338,W
9872,37450,37500,50,N
9044,35644,37500,1856,S
9879,37466,37505,39,N
9049,35654,37505,1851,S
9886,37482,37510,28,N
9053,35664,37510,1846,S
9894,37498,37515,17,N
9058,35674,37515,1841,S
9900,37514,37520,6,N
9063,35684,37520,1836,S
9067,35694,37525,1831,S
9908,37530,37530,0,N
9073,35704,37530,1826,S
9077,35714,37535,1821,S
9082,35724,37540,1816,S
9087,35734,37545,1811,S
9916,37546,37550,4,N
9091,35744,37550,1806,S
9096,35754,37555,1801,S
7300,32051,37560,5509,E
6227,30162,37560,7398,W
7303,32057,37565,5508,E
6230,30167,37565,7398,W
7308,32063,37570,5507,E
6232,30172,37570,7398,W
7311,32069,37575,5506,E
6235,30177,37575,7398,W
7314,32075,37580,5505,E
6238,30182,37580,7398,W
7317,32081,37585,5504,E
6241,30187,37585,7398,W
7321,32087,37590,5503,E
6244,30192,37590,7398,W
7325,32093,37595,5502,E
6247,30197,37595,7398,W
7328,32099,37600,5501,E
6249,30202,37600,7398,W
7331,32105,37605,5500,E
6252,30207,37605,7398,W
7335,32111,37610,5499,E
6255,30212,37610,7398,W
7338,32117,37615,5498,E
6258,30217,37615,7398,W
9922,37562,37620,58,N
9101,35764,37620,1856,S
9930,37578,37625,47,N
9106,35774,37625,1851,S
9937,37594,37630,36,N
9110,35784,37630,1846,S
9944,37610,37635,25,N
9116,35794,37635,1841,S
9952,37626,37640,14,N
9120,35804,37640,1836,S
9959,37642,37645,3,N
9124,35814,37645,1831,S
9130,35824,37650,1826,S
9134,35834,37655,1821,S
9966,37658,37660,2,N
9139,35844,37660,1816,S
9144,35854,37665,1811,S
9149,35864,37670,1806,S
9973,37674,37675,1,N
9153,35874,37675,1801,S
7341,32123,37680,5557,E
6261,30222,37680,7458,W
7345,32129,37685,5556,E
6264,30227,37685,7458,W
7348,32135,37690,5555,E
6266,30232,37690,7458,W
7352,32141,37695,5554,E
6269,30237,37695,7458,W
7354,32147,37700,5553,E
6272,30242,37700,7458,W
7359,32153,37705,5552,E
6275,30247,37705,7458,W
7362,32159,37710,5551,E
6279,30252,37710,7458,W
7366,32165,37715,5550,E
6281,30257,37715,7458,W
7368,32171,37720,5549,E
6283,30262,37720,7458,W
7372,32177,37725,5548,E
6286,30267,37725,7458,W
7376,32183,37730,5547,E
6289,30272,37730,7458,W
7380,32189,37735,5546,E
6292,30277,37735,7458,W
9981,37690,37740,50,N
9158,35884,37740,1856,S
9988,37706,37745,39,N
9163,35894,37745,1851,S
9995,37722,37750,28,N
9167,35904,37750,1846,S
10003,37738,37755,17,N
9173,35914,37755,1841,S
10009,37754,37760,6,N
9177,35924,37760,1836,S
9182,35934,37765,1831,S
10017,37770,37770,0,N
9187,35944,37770,1826,S
9191,35954,37775,1821,S
9196,35964,37780,1816,S
9201,35974,37785,1811,S
10025,37786,37790,4,N
9206,35984,37790,1806,S
9210,35994,37795,1801,S
7382,32195,37800,5605,E
6295,30282,37800,7518,W
7385,32201,37805,5604,E
6298,30287,37805,7518,W
7389,32207,37810,5603,E
6301,30292,37810,7518,W
7393,32213,37815,5602,E
6303,30297,37815,7518,W
7396,32219,37820,5601,E
6306,30302,37820,7518,W
7399,32225,37825,5600,E
6309,30307,37825,7518,W
7403,32231,37830,5599,E
6312,30312,37830,7518,W
7406,32237,37835,5598,E
6316,30317,37835,7518,W
7410,32243,37840,5597,E
6317,30322,37840,7518,W
7413,32249,37845,5596,E
6320,30327,37845,7518,W
7417,32255,37850,5595,E
6324,30332,37850,7518,W
7420,32261,37855,5594,E
6326,30337,37855,7518,W
10031,37802,37860,58,N
9216,36004,37860,1856,S
10039,37818,37865,47,N
9220,36014,37865,1851,S
10046,37834,37870,36,N
9224,36024,37870,1846,S
10053,37850,37875,25,N
9229,36034,37875,1841,S
10061,37866,37880,14,N
9234,36044,37880,1836,S
10068,37882,37885,3,N
9238,36054,37885,1831,S
9243,36064,37890,1826,S
9247,36074,37895,1821,S
10075,37898,37900,2,N
9252,36084,37900,1816,S
9257,36094,37905,1811,S
9260,36104,37910,1806,S
10082,37914,37915,1,N
9265,36114,37915,1801,S
7423,32267,37920,5653,E
6329,30342,37920,7578,W
7427,32273,37925,5652,E
6332,30347,37925,7578,W
7430,32279,37930,5651,E
6334,30352,37930,7578,W
7434,32285,37935,5650,E
6338,30357,37935,7578,W
7436,32291,37940,5649,E
6340,30362,37940,7578,W
7440,32297,37945,5648,E
6343,30367,37945,7578,W
7444,32303,37950,5647,E
6347,30372,37950,7578,W
7448,32309,37955,5646,E
6349,30377,37955,7578,W
7450,32315,37960,5645,E
6352,30382,37960,7578,W
7454,32321,37965,5644,E
6354,30387,37965,7578,W
7457,32327,37970,5643,E
6357,30392,37970,7578,W
7462,32333,37975,5642,E
6361,30397,37975,7578,W
10090,37930,37980,50,N
9271,36124,37980,1856,S
10097,37946,37985,39,N
9274,36134,37985,1851,S
10104,37962,37990,28,N
9279,36144,37990,1846,S
10112,37978,37995,17,N
9284,36154,37995,1841,S
10118,37994,38000,6,N
9288,36164,38000,1836,S
9293,36174,38005,1831,S
10126,38010,38010,0,N
9297,36184,38010,1826,S
9301,36194,38015,1821,S
9307,36204,38020,1816,S
9311,36214,38025,1811,S
10134,38026,38030,4,N
9315,36224,38030,1806,S
9320,36234,38035,1801,S
7464,32339,38040,5701,E
6363,30402,38040,7638,W
7468,32345,38045,5700,E
6366,30407,38045,7638,W
7471,32351,38050,5699,E
6369,30412,38050,7638,W
7474,32357,38055,5698,E
6371,30417,38055,7638,W
7478,32363,38060,5697,E
6375,30422,38060,7638,W
7481,32369,38065,5696,E
6377,30427,38065,7638,W
7485,32375,38070,5695,E
6380,30432,38070,7638,W
7488,32381,38075,5694,E
6384,30437,38075,7638,W
7491,32387,38080,5693,E
6385,30442,38080,7638,W
7495,32393,38085,5692,E
6389,30447,38085,7638,W
7499,32399,38090,5691,E
6392,30452,38090,7638,W
7502,32405,38095,5690,E
6394,30457,38095,7638,W
10140,38042,38100,58,N
9325,36244,38100,1856,S
10148,38058,38105,47,N
9329,36254,38105,1851,S
10155,38074,38110,36,N
9333,36264,38110,1846,S
10162,38090,38115,25,N
9338,36274,38115,1841,S
10170,38106,38120,14,N
9343,36284,38120,1836,S
10177,38122,38125,3,N
9347,36294,38125,1831,S
9352,36304,38130,1826,S
9356,36314,38135,1821,S
10184,38138,38140,2,N
9361,36324,38140,1816,S
9366,36334,38145,1811,S
9369,36344,38150,1806,S
10191,38154,38155,1,N
9374,36354,38155,1801,S
7505,32412,38160,5748,E
6398,30462,38160,7698,W
7508,32419,38165,5746,E
6400,30467,38165,7698,W
7512,32426,38170,5744,E
6402,30472,38170,7698,W
7515,32433,38175,5742,E
6406,30477,38175,7698,W
7519,32440,38180,5740,E
6408,30482,38180,7698,W
7522,32447,38185,5738,E
6412,30487,38185,7698,W
7525,32454,38190,5736,E
6415,30492,38190,7698,W
7528,32461,38195,5734,E
6417,30497,38195,7698,W
7531,32468,38200,5732,E
6420,30502,38200,7698,W
7536,32475,38205,5730,E
6422,30507,38205,7698,W
7538,32482,38210,5728,E
6426,30512,38210,7698,W
7542,32489,38215,5726,E
6429,30517,38215,7698,W
10199,38170,38220,50,N
9380,36364,38220,1856,S
10206,38186,38225,39,N
9383,36374,38225,1851,S
10213,38202,38230,28,N
9388,36384,38230,1846,S
10221,38218,38235,17,N
9393,36394,38235,1841,S
10227,38234,38240,6,N
9397,36404,38240,1836,S
9402,36414,38245,1831,S
10235,38250,38250,0,N
9406,36424,38250,1826,S
9410,36434,38255,1821,S
9416,36444,38260,1816,S
9420,36454,38265,1811,S
10243,38266,38270,4,N
9424,36464,38270,1806,S
9429,36474,38275,1801,S
7545,32496,38280,5784,E
6431,30522,38280,7758,W
7548,32503,38285,5782,E
6435,30527,38285,7758,W
7551,32510,38290,5780,E
6437,30532,38290,7758,W
7556,32517,38295,5778,E
6439,30537,38295,7758,W
7559,32524,38300,5776,E
6443,30542,38300,7758,W
7562,32531,38305,5774,E
6445,30547,38305,7758,W
7565,32538,38310,5772,E
6449,30552,38310,7758,W
7569,32545,38315,5770,E
6452,30557,38315,7758,W
7571,32552,38320,5768,E
6453,30562,38320,7758,W
7575,32559,38325,5766,E
6457,30567,38325,7758,W
7579,32566,38330,5764,E
6460,30572,38330,7758,W
7581,32573,38335,5762,E
6463,30577,38335,7758,W
10249,38282,38340,58,N
9434,36484,38340,1856,S
10257,38298,38345,47,N
9438,36494,38345,1851,S
10264,38314,38350,36,N
9442,36504,38350,1846,S
10271,38330,38355,25,N
9447,36514,38355,1841,S
10279,38346,38360,14,N
9452,36524,38360,1836,S
10286,38362,38365,3,N
9456,36534,38365,1831,S
9461,36544,38370,1826,S
9465,36554,38375,1821,S
10293,38378,38380,2,N
9470,36564,38380,1816,S
9475,36574,38385,1811,S
9478,36584,38390,1806,S
10300,38394,38395,1,N
9483,36594,38395,1801,S
7585,32580,38400,5820,E
6466,30582,38400,7818,W
7588,32587,38405,5818,E
6468,30587,38405,7818,W
7592,32594,38410,5816,E
6471,30592,38410,7818,W
7595,32601,38415,5814,E
6474,30597,38415,7818,W
7599,32608,38420,5812,E
6476,30602,38420,7818,W
7602,32615,38425,5810,E
6480,30607,38425,7818,W
7605,32622,38430,5808,E
6483,30612,38430,7818,W
7608,32629,38435,5806,E
6486,30617,38435,7818,W
7612,32636,38440,5804,E
6488,30622,38440,7818,W
7615,32643,38445,5802,E
6490,30627,38445,7818,W
7619,32650,38450,5800,E
6494,30632,38450,7818,W
7622,32657,38455,5798,E
6497,30637,38455,7818,W
10308,38410,38460,50,N
9489,36604,38460,1856,S
10315,38426,38465,39,N
9492,36614,38465,1851,S
10322,38442,38470,28,N
9497,36624,38470,1846,S
10330,38458,38475,17,N
9502,36634,38475,1841,S
10336,38474,38480,6,N
9506,36644,38480,1836,S
9511,36654,38485,1831,S
10344,38490,38490,0,N
9515,36664,38490,1826,S
9519,36674,38495,1821,S
9525,36684,38500,1816,S
9529,36694,38505,1811,S
10352,38506,38510,4,N
9533,36704,38510,1806,S
9538,36714,38515,1801,S
7625,32664,38520,5856,E
6500,30642,38520,7878,W
7628,32671,38525,5854,E
6503,30647,38525,7878,W
7631,32678,38530,5852,E
6505,30652,38530,7878,W
7636,32685,38535,5850,E
6508,30657,38535,7878,W
7638,32692,38540,5848,E
6511,30662,38540,7878,W
7642,32699,38545,5846,E
6513,30667,38545,7878,W
7645,32706,38550,5844,E
6517,30672,38550,7878,W
7648,32713,38555,5842,E
6520,30677,38555,7878,W
7651,32720,38560,5840,E
6522,30682,38560,7878,W
7656,32727,38565,5838,E
6525,30687,38565,7878,W
7659,32734,38570,5836,E
6528,30692,38570,7878,W
7662,32741,38575,5834,E
6531,30697,38575,7878,W
10358,38522,38580,58,N
9543,36724,38580,1856,S
10366,38538,38585,47,N
9547,36734,38585,1851,S
10373,38554,38590,36,N
9551,36744,38590,1846,S
10380,38570,38595,25,N
9556,36754,38595,1841,S
10388,38586,38600,14,N
9561,36764,38600,1836,S
10395,38602,38605,3,N
9565,36774,38605,1831,S
9570,36784,38610,1826,S
9574,36794,38615,1821,S
10402,38618,38620,2,N
9579,36804,38620,1816,S
9584,36814,38625,1811,S
9587,36824,38630,1806,S
10409,38634,38635,1,N
9592,36834,38635,1801,S
7665,32748,38640,5892,E
6534,30702,38640,7938,W
7669,32755,38645,5890,E
6537,30707,38645,7938,W
7671,32762,38650,5888,E
6539,30712,38650,7938,W
7675,32769,38655,5886,E
6542,30717,38655,7938,W
7679,32776,38660,5884,E
6545,30722,38660,7938,W
7681,32783,38665,5882,E
6548,30727,38665,7938,W
7685,32790,38670,5880,E
6551,30732,38670,7938,W
7688,32797,38675,5878,E
6554,30737,38675,7938,W
7692,32804,38680,5876,E
6556,30742,38680,7938,W
7695,32811,38685,5874,E
6559,30747,38685,7938,W
7699,32818,38690,5872,E
6562,30752,38690,7938,W
7702,32825,38695,5870,E
6565,30757,38695,7938,W
10417,38650,38700,50,N
9598,36844,38700,1856,S
10424,38666,38705,39,N
9601,36854,38705,1851,S
10431,38682,38710,28,N
9606,36864,38710,1846,S
10439,38698,38715,17,N
9611,36874,38715,1841,S
10445,38714,38720,6,N
9615,36884,38720,1836,S
9620,36894,38725,1831,S
10453,38730,38730,0,N
9624,36904,38730,1826,S
9628,36914,38735,1821,S
9634,36924,38740,1816,S
9638,36934,38745,1811,S
10461,38746,38750,4,N
9642,36944,38750,1806,S
9647,36954,38755,1801,S
7705,32832,38760,5928,E
6568,30762,38760,7998,W
7708,32839,38765,5926,E
6571,30767,38765,7998,W
7712,32846,38770,5924,E
6574,30772,38770,7998,W
7715,32853,38775,5922,E
6576,30777,38775,7998,W
7719,32860,38780,5920,E
6579,30782,38780,7998,W
7722,32867,38785,5918,E
6582,30787,38785,7998,W
7725,32874,38790,5916,E
6585,30792,38790,7998,W
7728,32881,38795,5914,E
6588,30797,38795,7998,W
7731,32888,38800,5912,E
6590,30802,38800,7998,W
7736,32895,38805,5910,E
6593,30807,38805,7998,W
7738,32902,38810,5908,E
6597,30812,38810,7998,W
7742,32909,38815,5906,E
6599,30817,38815,7998,W
10467,38762,38820,58,N
9652,36964,38820,1856,S
10475,38778,38825,47,N
9656,36974,38825,1851,S
10482,38794,38830,36,N
9660,36984,38830,1846,S
10489,38810,38835,25,N
9665,36994,38835,1841,S
10497,38826,38840,14,N
9670,37004,38840,1836,S
10504,38842,38845,3,N
9674,37014,38845,1831,S
9679,37024,38850,1826,S
9683,37034,38855,1821,S
10511,38858,38860,2,N
9688,37044,38860,1816,S
9693,37054,38865,1811,S
9696,37064,38870,1806,S
10518,38874,38875,1,N
9701,37074,38875,1801,S
7745,32916,38880,5964,E
6602,30822,38880,8058,W
7748,32923,38885,5962,E
6605,30827,38885,8058,W
7751,32930,38890,5960,E
6607,30832,38890,8058,W
7756,32937,38895,5958,E
6611,30837,38895,8058,W
7759,32944,38900,5956,E
6613,30842,38900,8058,W
7762,32951,38905,5954,E
6616,30847,38905,8058,W
7765,32958,38910,5952,E
6620,30852,38910,8058,W
7769,32965,38915,5950,E
6622,30857,38915,8058,W
7771,32972,38920,5948,E
6624,30862,38920,8058,W
7775,32979,38925,5946,E
6627,30867,38925,8058,W
7779,32986,38930,5944,E
6630,30872,38930,8058,W
7781,32993,38935,5942,E
6634,30877,38935,8058,W
10526,38890,38940,50,N
9707,37084,38940,1856,S
10533,38906,38945,39,N
9710,37094,38945,1851,S
10540,38922,38950,28,N
9715,37104,38950,1846,S
10548,38938,38955,17,N
9720,37114,38955,1841,S
10554,38954,38960,6,N
9724,37124,38960,1836,S
9729,37134,38965,1831,S
10562,38970,38970,0,N
9733,37144,38970,1826,S
9737,37154,38975,1821,S
9743,37164,38980,1816,S
9747,37174,38985,1811,S
10570,38986,38990,4,N
9751,37184,38990,1806,S
9756,37194,38995,1801,S
7785,33000,39000,6000,E
6636,30882,39000,8118,W
7788,33007,39005,5998,E
6639,30887,39005,8118,W
7792,33014,39010,5996,E
6642,30892,39010,8118,W
7795,33021,39015,5994,E
6644,30897,39015,8118,W
7799,33028,39020,5992,E
6648,30902,39020,8118,W
7802,33035,39025,5990,E
6650,30907,39025,8118,W
7805,33042,39030,5988,E
6653,30912,39030,8118,W
7808,33049,39035,5986,E
6657,30917,39035,8118,W
7812,33056,39040,5984,E
6658,30922,39040,8118,W
7815,33063,39045,5982,E
6661,30927,39045,8118,W
7819,33070,39050,5980,E
6665,30932,39050,8118,W
7822,33077,39055,5978,E
6667,30937,39055,8118,W
10576,39002,39060,58,N
9761,37204,39060,1856,S
10584,39018,39065,47,N
9765,37214,39065,1851,S
10591,39034,39070,36,N
9769,37224,39070,1846,S
10598,39050,39075,25,N
9774,37234,39075,1841,S
10606,39066,39080,14,N
9779,37244,39080,1836,S
10613,39082,39085,3,N
9783,37254,39085,1831,S
9788,37264,39090,1826,S
9792,37274,39095,1821,S
10620,39098,39100,2,N
9797,37284,39100,1816,S
9802,37294,39105,1811,S
9805,37304,39110,1806,S
10627,39114,39115,1,N
9810,37314,39115,1801,S
7825,33084,39120,6036,E
6671,30942,39120,8178,W
7828,33091,39125,6034,E
6673,30947,39125,8178,W
7831,33098,39130,6032,E
6675,30952,39130,8178,W
7836,33105,39135,6030,E
6679,30957,39135,8178,W
7838,33112,39140,6028,E
6681,30962,39140,8178,W
7842,33119,39145,6026,E
6685,30967,39145,8178,W
7845,33126,39150,6024,E
6688,30972,39150,8178,W
7848,33133,39155,6022,E
6690,30977,39155,8178,W
7851,33140,39160,6020,E
6693,30982,39160,8178,W
7856,33147,39165,6018,E
6695,30987,39165,8178,W
7859,33154,39170,6016,E
6698,30992,39170,8178,W
7862,33161,39175,6014,E
6702,30997,39175,8178,W
10635,39130,39180,50,N
9816,37324,39180,1856,S
10642,39146,39185,39,N
9819,37334,39185,1851,S
10649,39162,39190,28,N
9824,37344,39190,1846,S
10657,39178,39195,17,N
9829,37354,39195,1841,S
10663,39194,39200,6,N
9833,37364,39200,1836,S
9838,37374,39205,1831,S
10671,39210,39210,0,N
9842,37384,39210,1826,S
9846,37394,39215,1821,S
9852,37404,39220,1816,S
9856,37414,39225,1811,S
10679,39226,39230,4,N
9860,37424,39230,1806,S
9865,37434,39235,1801,S
7865,33168,39240,6072,E
6704,31002,39240,8238,W
7869,33175,39245,6070,E
6708,31007,39245,8238,W
7871,33182,39250,6068,E
6710,31012,39250,8238,W
7875,33189,39255,6066,E
6712,31017,39255,8238,W
7879,33196,39260,6064,E
6716,31022,39260,8238,W
7881,33203,39265,6062,E
6718,31027,39265,8238,W
7885,33210,39270,6060,E
6722,31032,39270,8238,W
7888,33217,39275,6058,E
6725,31037,39275,8238,W
7892,33224,39280,6056,E
6726,31042,39280,8238,W
7895,33231,39285,6054,E
6730,31047,39285,8238,W
7899,33238,39290,6052,E
6733,31052,39290,8238,W
7902,33245,39295,6050,E
6735,31057,39295,8238,W
10685,39242,39300,58,N
9870,37444,39300,1856,S
10693,39258,39305,47,N
9874,37454,39305,1851,S
10700,39274,39310,36,N
9878,37464,39310,1846,S
10707,39290,39315,25,N
9883,37474,39315,1841,S
10715,39306,39320,14,N
9888,37484,39320,1836,S
10722,39322,39325,3,N
9892,37494,39325,1831,S
9897,37504,39330,1826,S
9901,37514,39335,1821,S
10729,39338,39340,2,N
9906,37524,39340,1816,S
9911,37534,39345,1811,S
9914,37544,39350,1806,S
10736,39354,39355,1,N
9919,37554,39355,1801,S
7905,33252,39360,6108,E
6739,31062,39360,8298,W
7908,33259,39365,6106,E
6741,31067,39365,8298,W
7912,33266,39370,6104,E
6744,31072,39370,8298,W
7915,33273,39375,6102,E
6747,31077,39375,8298,W
7919,33280,39380,6100,E
6749,31082,39380,8298,W
7922,33287,39385,6098,E
6753,31087,39385,8298,W
7925,33294,39390,6096,E
6756,31092,39390,8298,W
7928,33301,39395,6094,E
6759,31097,39395,8298,W
7931,33308,39400,6092,E
6761,31102,39400,8298,W
7936,33315,39405,6090,E
6763,31107,39405,8298,W
7938,33322,39410,6088,E
6767,31112,39410,8298,W
7942,33329,39415,6086,E
6770,31117,39415,8298,W
10744,39370,39420,50,N
9925,37564,39420,1856,S
10751,39386,39425,39,N
9928,37574,39425,1851,S
10758,39402,39430,28,N
9933,37584,39430,1846,S
10766,39418,39435,17,N
9938,37594,39435,1841,S
10772,39434,39440,6,N
9942,37604,39440,1836,S
9947,37614,39445,1831,S
10780,39450,39450,0,N
9951,37624,39450,1826,S
9955,37634,39455,1821,S
9961,37644,39460,1816,S
9965,37654,39465,1811,S
10788,39466,39470,4,N
9969,37664,39470,1806,S
9974,37674,39475,1801,S
7945,33336,39480,6144,E
6772,31122,39480,8358,W
7948,33343,39485,6142,E
6776,31127,39485,8358,W
7951,33350,39490,6140,E
6778,31132,39490,8358,W
7956,33357,39495,6138,E
6781,31137,39495,8358,W
7959,33364,39500,6136,E
6784,31142,39500,8358,W
7962,33371,39505,6134,E
6786,31147,39505,8358,W
7965,33378,39510,6132,E
6790,31152,39510,8358,W
7969,33385,39515,6130,E
6793,31157,39515,8358,W
7971,33392,39520,6128,E
6795,31162,39520,8358,W
7975,33399,39525,6126,E
6798,31167,39525,8358,W
7979,33406,39530,6124,E
6801,31172,39530,8358,W
7981,33413,39535,6122,E
6804,31177,39535,8358,W
10794,39482,39540,58,N
9979,37684,39540,1856,S
10802,39498,39545,47,N
9983,37694,39545,1851,S
10809,39514,39550,36,N
9987,37704,39550,1846,S
10816,39530,39555,25,N
9992,37714,39555,1841,S
10824,39546,39560,14,N
9997,37724,39560,1836,S
10831,39562,39565,3,N
10001,37734,39565,1831,S
10006,37744,39570,1826,S
10010,37754,39575,1821,S
10838,39578,39580,2,N
10015,37764,39580,1816,S
10020,37774,39585,1811,S
10023,37784,39590,1806,S
10845,39594,39595,1,N
10028,37794,39595,1801,S
7985,33420,39600,6180,E
6807,31182,39600,8418,W
7988,33427,39605,6178,E
6809,31187,39605,8418,W
7992,33434,39610,6176,E
6812,31192,39610,8418,W
7995,33441,39615,6174,E
6815,31197,39615,8418,W
7999,33448,39620,6172,E
6818,31202,39620,8418,W
8002,33455,39625,6170,E
6821,31207,39625,8418,W
8005,33462,39630,6168,E
6824,31212,39630,8418,W
8008,33469,39635,6166,E
6827,31217,39635,8418,W
8012,33476,39640,6164,E
6829,31222,39640,8418,W
8015,33483,39645,6162,E
6832,31227,39645,8418,W
8019,33490,39650,6160,E
6835,31232,39650,8418,W
8022,33497,39655,6158,E
6838,31237,39655,8418,W
10853,39610,39660,50,N
10034,37804,39660,1856,S
10861,39625,39665,40,N
10037,37814,39665,1851,S
10868,39640,39670,30,N
10042,37824,39670,1846,S
10875,39655,39675,20,N
10047,37834,39675,1841,S
10882,39670,39680,10,N
10051,37844,39680,1836,S
10889,39685,39685,0,N
10056,37854,39685,1831,S
10060,37864,39690,1826,S
10064,37874,39695,1821,S
10896,39700,39700,0,N
10070,37884,39700,1816,S
10074,37894,39705,1811,S
10078,37904,39710,1806,S
10903,39715,39715,0,N
10083,37914,39715,1801,S
8025,33504,39720,6216,E
6841,31242,39720,8478,W
8028,33511,39725,6214,E
6844,31247,39725,8478,W
8031,33518,39730,6212,E
6846,31252,39730,8478,W
8036,33525,39735,6210,E
6849,31257,39735,8478,W
8038,33532,39740,6208,E
6852,31262,39740,8478,W
8042,33539,39745,6206,E
6855,31267,39745,8478,W
8045,33546,39750,6204,E
6858,31272,39750,8478,W
8048,33553,39755,6202,E
6861,31277,39755,8478,W
8051,33560,39760,6200,E
6863,31282,39760,8478,W
8056,33567,39765,6198,E
6866,31287,39765,8478,W
8059,33574,39770,6196,E
6870,31292,39770,8478,W
8062,33581,39775,6194,E
6872,31297,39775,8478,W
10911,39730,39780,50,N
10088,37924,39780,1856,S
10918,39745,39785,40,N
10092,37934,39785,1851,S
10925,39760,39790,30,N
10096,37944,39790,1846,S
10932,39775,39795,20,N
10101,37954,39795,1841,S
10939,39790,39800,10,N
10106,37964,39800,1836,S
10946,39805,39805,0,N
10110,37974,39805,1831,S
10115,37984,39810,1826,S
10119,37994,39815,1821,S
10953,39820,39820,0,N
10124,38004,39820,1816,S
10129,38014,39825,1811,S
10132,38024,39830,1806,S
10961,39835,39835,0,N
10137,38034,39835,1801,S
8065,33588,39840,6252,E
6875,31302,39840,8538,W
8069,33595,39845,6250,E
6878,31307,39845,8538,W
8071,33602,39850,6248,E
6880,31312,39850,8538,W
8075,33609,39855,6246,E
6883,31317,39855,8538,W
8079,33616,39860,6244,E
6886,31322,39860,8538,W
8081,33623,39865,6242,E
6889,31327,39865,8538,W
8085,33630,39870,6240,E
6893,31332,39870,8538,W
8088,33637,39875,6238,E
6895,31337,39875,8538,W
8092,33644,39880,6236,E
6897,31342,39880,8538,W
8095,33651,39885,6234,E
6900,31347,39885,8538,W
8099,33658,39890,6232,E
6903,31352,39890,8538,W
8102,33665,39895,6230,E
6907,31357,39895,8538,W
10968,39850,39900,50,N
10143,38044,39900,1856,S
10975,39865,39905,40,N
10146,38054,39905,1851,S
10982,39880,39910,30,N
10151,38064,39910,1846,S
10989,39895,39915,20,N
10156,38074,39915,1841,S
10996,39910,39920,10,N
10160,38084,39920,1836,S
11003,39925,39925,0,N
10165,38094,39925,1831,S
10169,38104,39930,1826,S
10173,38114,39935,1821,S
11011,39940,39940,0,N
10179,38124,39940,1816,S
10183,38134,39945,1811,S
10187,38144,39950,1806,S
11018,39955,39955,0,N
10192,38154,39955,1801,S
8105,33672,39960,6288,E
6909,31362,39960,8598,W
8108,33679,39965,6286,E
6912,31367,39965,8598,W
8112,33686,39970,6284,E
6915,31372,39970,8598,W
8115,33693,39975,6282,E
6917,31377,39975,8598,W
8119,33700,39980,6280,E
6920,31382,39980,8598,W
8122,33707,39985,6278,E
6923,31387,39985,8598,W
8125,33714,39990,6276,E
6926,31392,39990,8598,W
8128,33721,39995,6274,E
6930,31397,39995,8598,W
8131,33728,40000,6272,E
6931,31402,40000,8598,W
8136,33735,40005,6270,E
6934,31407,40005,8598,W
8138,33742,40010,6268,E
6938,31412,40010,8598,W
8142,33749,40015,6266,E
6940,31417,40015,8598,W
11025,39970,40020,50,N
10197,38164,40020,1856,S
11032,39985,40025,40,N
10201,38174,40025,1851,S
11039,40000,40030,30,N
10205,38184,40030,1846,S
11046,40015,40035,20,N
10210,38194,40035,1841,S
11053,40030,40040,10,N
10215,38204,40040,1836,S
11061,40045,40045,0,N
10219,38214,40045,1831,S
10224,38224,40050,1826,S
10228,38234,40055,1821,S
11068,40060,40060,0,N
10233,38244,40060,1816,S
10238,38254,40065,1811,S
10241,38264,40070,1806,S
11075,40075,40075,0,N
10246,38274,40075,1801,S
8145,33756,40080,6324,E
6944,31422,40080,8658,W
8148,33763,40085,6322,E
6946,31427,40085,8658,W
8151,33770,40090,6320,E
6948,31432,40090,8658,W
8156,33777,40095,6318,E
6952,31437,40095,8658,W
8159,33784,40100,6316,E
6954,31442,40100,8658,W
8162,33791,40105,6314,E
6957,31447,40105,8658,W
8165,33798,40110,6312,E
6961,31452,40110,8658,W
8169,33805,40115,6310,E
6963,31457,40115,8658,W
8171,33812,40120,6308,E
6966,31462,40120,8658,W
8175,33819,40125,6306,E
6968,31467,40125,8658,W
8179,33826,40130,6304,E
6971,31472,40130,8658,W
8181,33833,40135,6302,E
6975,31477,40135,8658,W
11082,40090,40140,50,N
10252,38284,40140,1856,S
11089,40105,40145,40,N
10255,38294,40145,1851,S
11096,40120,40150,30,N
10260,38304,40150,1846,S
11103,40135,40155,20,N
10265,38314,40155,1841,S
11111,40150,40160,10,N
10269,38324,40160,1836,S
11118,40165,40165,0,N
10274,38334,40165,1831,S
10278,38344,40170,1826,S
10282,38354,40175,1821,S
11125,40180,40180,0,N
10288,38364,40180,1816,S
10292,38374,40185,1811,S
10296,38384,40190,1806,S
11132,40195,40195,0,N
10301,38394,40195,1801,S
8185,33840,40200,6360,E
6977,31482,40200,8718,W
8188,33847,40205,6358,E
6981,31487,40205,8718,W
8192,33854,40210,6356,E
6983,31492,40210,8718,W
8195,33861,40215,6354,E
6985,31497,40215,8718,W
8199,33868,40220,6352,E
6989,31502,40220,8718,W
8202,33875,40225,6350,E
6991,31507,40225,8718,W
8205,33882,40230,6348,E
6994,31512,40230,8718,W
8208,33889,40235,6346,E
6998,31517,40235,8718,W
8212,33896,40240,6344,E
6999,31522,40240,8718,W
8215,33903,40245,6342,E
7003,31527,40245,8718,W
8219,33910,40250,6340,E
7006,31532,40250,8718,W
8222,33917,40255,6338,E
7008,31537,40255,8718,W
11139,40210,40260,50,N
10306,38404,40260,1856,S
11146,40225,40265,40,N
10310,38414,40265,1851,S
11153,40240,40270,30,N
10314,38424,40270,1846,S
11161,40255,40275,20,N
10319,38434,40275,1841,S
11168,40270,40280,10,N
10324,38444,40280,1836,S
11175,40285,40285,0,N
10328,38454,40285,1831,S
10333,38464,40290,1826,S
10337,38474,40295,1821,S
11182,40300,40300,0,N
10342,38484,40300,1816,S
10347,38494,40305,1811,S
10350,38504,40310,1806,S
11189,40315,40315,0,N
10355,38514,40315,1801,S
8225,33924,40320,6396,E
7012,31542,40320,8778,W
8228,33931,40325,6394,E
7014,31547,40325,8778,W
8231,33938,40330,6392,E
7017,31552,40330,8778,W
8236,33945,40335,6390,E
7020,31557,40335,8778,W
8238,33952,40340,6388,E
7022,31562,40340,8778,W
8242,33959,40345,6386,E
7026,31567,40345,8778,W
8245,33966,40350,6384,E
7029,31572,40350,8778,W
8248,33973,40355,6382,E
7031,31577,40355,8778,W
8251,33980,40360,6380,E
7034,31582,40360,8778,W
8256,33987,40365,6378,E
7036,31587,40365,8778,W
8259,33994,40370,6376,E
7040,31592,40370,8778,W
8262,34001,40375,6374,E
7043,31597,40375,8778,W
11196,40330,40380,50,N
10361,38524,40380,1856,S
11203,40345,40385,40,N
10364,38534,40385,1851,S
11211,40360,40390,30,N
10369,38544,40390,1846,S
11218,40375,40395,20,N
10374,38554,40395,1841,S
11225,40390,40400,10,N
10378,38564,40400,1836,S
11232,40405,40405,0,N
10383,38574,40405,1831,S
10387,38584,40410,1826,S
10391,38594,40415,1821,S
11239,40420,40420,0,N
10397,38604,40420,1816,S
10401,38614,40425,1811,S
10405,38624,40430,1806,S
11246,40435,40435,0,N
10410,38634,40435,1801,S
8265,34008,40440,6432,E
7045,31602,40440,8838,W
8269,34015,40445,6430,E
7049,31607,40445,8838,W
8271,34022,40450,6428,E
7051,31612,40450,8838,W
8275,34029,40455,6426,E
7054,31617,40455,8838,W
8279,34036,40460,6424,E
7057,31622,40460,8838,W
8281,34043,40465,6422,E
7059,31627,40465,8838,W
8285,34050,40470,6420,E
7063,31632,40470,8838,W
8288,34057,40475,6418,E
7066,31637,40475,8838,W
8292,34064,40480,6416,E
7067,31642,40480,8838,W
8295,34071,40485,6414,E
7071,31647,40485,8838,W
8299,34078,40490,6412,E
7074,31652,40490,8838,W
8302,34085,40495,6410,E
7077,31657,40495,8838,W
11253,40450,40500,50,N
10415,38644,40500,1856,S
11261,40465,40505,40,N
10419,38654,40505,1851,S
11268,40480,40510,30,N
10423,38664,40510,1846,S
11275,40495,40515,20,N
10428,38674,40515,1841,S
11282,40510,40520,10,N
10433,38684,40520,1836,S
11289,40525,40525,0,N
10437,38694,40525,1831,S
10442,38704,40530,1826,S
10446,38714,40535,1821,S
11296,40540,40540,0,N
10451,38724,40540,1816,S
10456,38734,40545,1811,S
10459,38744,40550,1806,S
11303,40555,40555,0,N
10464,38754,40555,1801,S
8305,34092,40560,6468,E
7080,31662,40560,8898,W
8308,34099,40565,6466,E
7082,31667,40565,8898,W
8312,34106,40570,6464,E
7085,31672,40570,8898,W
8315,34113,40575,6462,E
7088,31677,40575,8898,W
8319,34120,40580,6460,E
7091,31682,40580,8898,W
8322,34127,40585,6458,E
7094,31687,40585,8898,W
8325,34134,40590,6456,E
7097,31692,40590,8898,W
8328,34141,40595,6454,E
7100,31697,40595,8898,W
8331,34148,40600,6452,E
7102,31702,40600,8898,W
8336,34155,40605,6450,E
7104,31707,40605,8898,W
8338,34162,40610,6448,E
7108,31712,40610,8898,W
8342,34169,40615,6446,E
7111,31717,40615,8898,W
11311,40570,40620,50,N
10470,38764,40620,1856,S
11318,40585,40625,40,N
10473,38774,40625,1851,S
11325,40600,40630,30,N
10478,38784,40630,1846,S
11332,40615,40635,20,N
10483,38794,40635,1841,S
11339,40630,40640,10,N
10487,38804,40640,1836,S
11346,40645,40645,0,N
10492,38814,40645,1831,S
10496,38824,40650,1826,S
10500,38834,40655,1821,S
11353,40660,40660,0,N
10506,38844,40660,1816,S
10510,38854,40665,1811,S
10514,38864,40670,1806,S
11361,40675,40675,0,N
10519,38874,40675,1801,S
8345,34176,40680,6504,E
7114,31722,40680,8958,W
8348,34183,40685,6502,E
7117,31727,40685,8958,W
8351,34190,40690,6500,E
7119,31732,40690,8958,W
8356,34197,40695,6498,E
7122,31737,40695,8958,W
8359,34204,40700,6496,E
7125,31742,40700,8958,W
8362,34211,40705,6494,E
7128,31747,40705,8958,W
8365,34218,40710,6492,E
7131,31752,40710,8958,W
8369,34225,40715,6490,E
7134,31757,40715,8958,W
8371,34232,40720,6488,E
7136,31762,40720,8958,W
8375,34239,40725,6486,E
7139,31767,40725,8958,W
8379,34246,40730,6484,E
7142,31772,40730,8958,W
8381,34253,40735,6482,E
7145,31777,40735,8958,W
11368,40690,40740,50,N
10524,38884,40740,1856,S
11375,40705,40745,40,N
10528,38894,40745,1851,S
11382,40720,40750,30,N
10532,38904,40750,1846,S
11389,40735,40755,20,N
10537,38914,40755,1841,S
11396,40750,40760,10,N
10542,38924,40760,1836,S
11403,40765,40765,0,N
10546,38934,40765,1831,S
10551,38944,40770,1826,S
10555,38954,40775,1821,S
11411,40780,40780,0,N
10560,38964,40780,1816,S
10565,38974,40785,1811,S
10568,38984,40790,1806,S
11418,40795,40795,0,N
10573,38994,40795,1801,S
8385,34260,40800,6540,E
7148,31782,40800,9018,W
8388,34267,40805,6538,E
7151,31787,40805,9018,W
8392,34274,40810,6536,E
7153,31792,40810,9018,W
8395,34281,40815,6534,E
7156,31797,40815,9018,W
8399,34288,40820,6532,E
7159,31802,40820,9018,W
8402,34295,40825,6530,E
7162,31807,40825,9018,W
8405,34302,40830,6528,E
7166,31812,40830,9018,W
8408,34309,40835,6526,E
7168,31817,40835,9018,W
8412,34316,40840,6524,E
7170,31822,40840,9018,W
8415,34323,40845,6522,E
7173,31827,40845,9018,W
8419,34330,40850,6520,E
7176,31832,40850,9018,W
8422,34337,40855,6518,E
7179,31837,40855,9018,W
11425,40810,40860,50,N
10579,39004,40860,1856,S
11432,40825,40865,40,N
10582,39014,40865,1851,S
11439,40840,40870,30,N
10587,39024,40870,1846,S
11446,40855,40875,20,N
10592,39034,40875,1841,S
11453,40870,40880,10,N
10596,39044,40880,1836,S
11461,40885,40885,0,N
10601,39054,40885,1831,S
10605,39064,40890,1826,S
10609,39074,40895,1821,S
11468,40900,40900,0,N
10615,39084,40900,1816,S
10619,39094,40905,1811,S
10623,39104,40910,1806,S
11475,40915,40915,0,N
10628,39114,40915,1801,S
8425,34344,40920,6576,E
7182,31842,40920,9078,W
8428,34351,40925,6574,E
7185,31847,40925,9078,W
8431,34358,40930,6572,E
7188,31852,40930,9078,W
8436,34365,40935,6570,E
7190,31857,40935,9078,W
8438,34372,40940,6568,E
7193,31862,40940,9078,W
8442,34379,40945,6566,E
7196,31867,40945,9078,W
8445,34386,40950,6564,E
7199,31872,40950,9078,W
8448,34393,40955,6562,E
7203,31877,40955,9078,W
8451,34400,40960,6560,E
7204,31882,40960,9078,W
8456,34407,40965,6558,E
7207,31887,40965,9078,W
8459,34414,40970,6556,E
7211,31892,40970,9078,W
8462,34421,40975,6554,E
7213,31897,40975,9078,W
11482,40930,40980,50,N
10633,39124,40980,1856,S
11489,40945,40985,40,N
10637,39134,40985,1851,S
11496,40960,40990,30,N
10641,39144,40990,1846,S
11503,40975,40995,20,N
10646,39154,40995,1841,S
11511,40990,41000,10,N
10651,39164,41000,1836,S
11518,41005,41005,0,N
10655,39174,41005,1831,S
10660,39184,41010,1826,S
10664,39194,41015,1821,S
11525,41020,41020,0,N
10669,39204,41020,1816,S
10674,39214,41025,1811,S
10677,39224,41030,1806,S
11532,41035,41035,0,N
10682,39234,41035,1801,S
8465,34428,41040,6612,E
7216,31902,41040,9138,W
8469,34435,41045,6610,E
7219,31907,41045,9138,W
8471,34442,41050,6608,E
7221,31912,41050,9138,W
8475,34449,41055,6606,E
7225,31917,41055,9138,W
8479,34456,41060,6604,E
7227,31922,41060,9138,W
8481,34463,41065,6602,E
7230,31927,41065,9138,W
8485,34470,41070,6600,E
7234,31932,41070,9138,W
8488,34477,41075,6598,E
7236,31937,41075,9138,W
8492,34484,41080,6596,E
7239,31942,41080,9138,W
8495,34491,41085,6594,E
7241,31947,41085,9138,W
8499,34498,41090,6592,E
7244,31952,41090,9138,W
8502,34505,41095,6590,E
7248,31957,41095,9138,W
11539,41050,41100,50,N
10688,39244,41100,1856,S
11546,41065,41105,40,N
10691,39254,41105,1851,S
11553,41080,41110,30,N
10696,39264,41110,1846,S
11561,41095,41115,20,N
10701,39274,41115,1841,S
11568,41110,41120,10,N
10705,39284,41120,1836,S
11575,41125,41125,0,N
10710,39294,41125,1831,S
10714,39304,41130,1826,S
10718,39314,41135,1821,S
11582,41140,41140,0,N
10724,39324,41140,1816,S
10728,39334,41145,1811,S
10732,39344,41150,1806,S
11589,41155,41155,0,N
10737,39354,41155,1801,S
8505,34512,41160,6648,E
7250,31962,41160,9198,W
8508,34519,41165,6646,E
7253,31967,41165,9198,W
8512,34526,41170,6644,E
7256,31972,41170,9198,W
8515,34533,41175,6642,E
7258,31977,41175,9198,W
8519,34540,41180,6640,E
7262,31982,41180,9198,W
8522,34547,41185,6638,E
7264,31987,41185,9198,W
8525,34554,41190,6636,E
7267,31992,41190,9198,W
8528,34561,41195,6634,E
7271,31997,41195,9198,W
8531,34568,41200,6632,E
7272,32002,41200,9198,W
8536,34575,41205,6630,E
7276,32007,41205,9198,W
8538,34582,41210,6628,E
7279,32012,41210,9198,W
8542,34589,41215,6626,E
7281,32017,41215,9198,W
11596,41170,41220,50,N
10742,39364,41220,1856,S
11603,41185,41225,40,N
10746,39374,41225,1851,S
11611,41200,41230,30,N
10750,39384,41230,1846,S
11618,41215,41235,20,N
10755,39394,41235,1841,S
11625,41230,41240,10,N
10760,39404,41240,1836,S
11632,41245,41245,0,N
10764,39414,41245,1831,S
10769,39424,41250,1826,S
10773,39434,41255,1821,S
11639,41260,41260,0,N
10778,39444,41260,1816,S
10783,39454,41265,1811,S
10786,39464,41270,1806,S
11646,41275,41275,0,N
10791,39474,41275,1801,S
8545,34596,41280,6684,E
7285,32022,41280,9258,W
8548,34603,41285,6682,E
7287,32027,41285,9258,W
8551,34610,41290,6680,E
7289,32032,41290,9258,W
8556,34617,41295,6678,E
7293,32037,41295,9258,W
8559,34624,41300,6676,E
7295,32042,41300,9258,W
8562,34631,41305,6674,E
7299,32047,41305,9258,W
8565,34638,41310,6672,E
7302,32052,41310,9258,W
8569,34645,41315,6670,E
7304,32057,41315,9258,W
8571,34652,41320,6668,E
7307,32062,41320,9258,W
8575,34659,41325,6666,E
7309,32067,41325,9258,W
8579,34666,41330,6664,E
7313,32072,41330,9258,W
8581,34673,41335,6662,E
7316,32077,41335,9258,W
11653,41290,41340,50,N
10797,39484,41340,1856,S
11661,41305,41345,40,N
10800,39494,41345,1851,S
11668,41320,41350,30,N
10805,39504,41350,1846,S
11675,41335,41355,20,N
10810,39514,41355,1841,S
11682,41350,41360,10,N
10814,39524,41360,1836,S
11689,41365,41365,0,N
10819,39534,41365,1831,S
10823,39544,41370,1826,S
10827,39554,41375,1821,S
11696,41380,41380,0,N
10833,39564,41380,1816,S
10837,39574,41385,1811,S
10841,39584,41390,1806,S
11703,41395,41395,0,N
10846,39594,41395,1801,S
8585,34680,41400,6720,E
7318,32082,41400,9318,W
8588,34687,41405,6718,E
7322,32087,41405,9318,W
8592,34694,41410,6716,E
7324,32092,41410,9318,W
8595,34701,41415,6714,E
7326,32097,41415,9318,W
8599,34708,41420,6712,E
7330,32102,41420,9318,W
8602,34715,41425,6710,E
7332,32107,41425,9318,W
8605,34722,41430,6708,E
7336,32112,41430,9318,W
8608,34729,41435,6706,E
7339,32117,41435,9318,W
8612,34736,41440,6704,E
7340,32122,41440,9318,W
8615,34743,41445,6702,E
7344,32127,41445,9318,W
8619,34750,41450,6700,E
7347,32132,41450,9318,W
8622,34757,41455,6698,E
7350,32137,41455,9318,W
11711,41410,41460,50,N
10851,39604,41460,1856,S
11718,41425,41465,40,N
10855,39614,41465,1851,S
11725,41440,41470,30,N
10859,39624,41470,1846,S
11732,41455,41475,20,N
10865,39634,41475,1841,S
11739,41470,41480,10,N
10869,39644,41480,1836,S
11746,41485,41485,0,N
10874,39654,41485,1831,S
10879,39664,41490,1826,S
10884,39674,41495,1821,S
11753,41500,41500,0,N
10888,39684,41500,1816,S
10893,39694,41505,1811,S
10898,39704,41510,1806,S
11761,41515,41515,0,N
10902,39714,41515,1801,S
8625,34764,41520,6756,E
7353,32142,41520,9378,W
8628,34771,41525,6754,E
7355,32147,41525,9378,W
8631,34778,41530,6752,E
7358,32152,41530,9378,W
8636,34785,41535,6750,E
7361,32157,41535,9378,W
8638,34792,41540,6748,E
7363,32162,41540,9378,W
8642,34799,41545,6746,E
7367,32167,41545,9378,W
8645,34806,41550,6744,E
7370,32172,41550,9378,W
8648,34813,41555,6742,E
7373,32177,41555,9378,W
8651,34820,41560,6740,E
7375,32182,41560,9378,W
8656,34827,41565,6738,E
7377,32187,41565,9378,W
8659,34834,41570,6736,E
7381,32192,41570,9378,W
8662,34841,41575,6734,E
7384,32197,41575,9378,W
11768,41530,41580,50,N
10908,39724,41580,1856,S
11775,41545,41585,40,N
10912,39734,41585,1851,S
11782,41560,41590,30,N
10917,39744,41590,1846,S
11789,41575,41595,20,N
10922,39754,41595,1841,S
11796,41590,41600,10,N
10926,39764,41600,1836,S
11803,41605,41605,0,N
10931,39774,41605,1831,S
10936,39784,41610,1826,S
10941,39794,41615,1821,S
11811,41620,41620,0,N
10945,39804,41620,1816,S
10951,39814,41625,1811,S
10955,39824,41630,1806,S
11818,41635,41635,0,N
10959,39834,41635,1801,S
8665,34848,41640,6792,E
7387,32202,41640,9438,W
8669,34855,41645,6790,E
7390,32207,41645,9438,W
8671,34862,41650,6788,E
7392,32212,41650,9438,W
8675,34869,41655,6786,E
7395,32217,41655,9438,W
8679,34876,41660,6784,E
7398,32222,41660,9438,W
8681,34883,41665,6782,E
7400,32227,41665,9438,W
8685,34890,41670,6780,E
7404,32232,41670,9438,W
8688,34897,41675,6778,E
7407,32237,41675,9438,W
8692,34904,41680,6776,E
7409,32242,41680,9438,W
8695,34911,41685,6774,E
7412,32247,41685,9438,W
8699,34918,41690,6772,E
7415,32252,41690,9438,W
8702,34925,41695,6770,E
7418,32257,41695,9438,W
11825,41650,41700,50,N
10965,39844,41700,1856,S
11832,41665,41705,40,N
10969,39854,41705,1851,S
11839,41680,41710,30,N
10974,39864,41710,1846,S
11846,41695,41715,20,N
10979,39874,41715,1841,S
11853,41710,41720,10,N
10984,39884,41720,1836,S
11861,41725,41725,0,N
10988,39894,41725,1831,S
10993,39904,41730,1826,S
10998,39914,41735,1821,S
11868,41740,41740,0,N
11002,39924,41740,1816,S
11008,39934,41745,1811,S
11012,39944,41750,1806,S
11875,41755,41755,0,N
11017,39954,41755,1801,S
8705,34932,41760,6828,E
7421,32262,41760,9498,W
8708,34939,41765,6826,E
7424,32267,41765,9498,W
8712,34946,41770,6824,E
7426,32272,41770,9498,W
8715,34953,41775,6822,E
7429,32277,41775,9498,W
8719,34960,41780,6820,E
7432,32282,41780,9498,W
8722,34967,41785,6818,E
7435,32287,41785,9498,W
8725,34974,41790,6816,E
7438,32292,41790,9498,W
8728,34981,41795,6814,E
7441,32297,41795,9498,W
8731,34988,41800,6812,E
7443,32302,41800,9498,W
8736,34995,41805,6810,E
7446,32307,41805,9498,W
8738,35002,41810,6808,E
7449,32312,41810,9498,W
8742,35009,41815,6806,E
7452,32317,41815,9498,W
11882,41770,41820,50,N
11022,39964,41820,1856,S
11889,41785,41825,40,N
11026,39974,41825,1851,S
11896,41800,41830,30,N
11031,39984,41830,1846,S
11903,41815,41835,20,N
11036,39994,41835,1841,S
11911,41830,41840,10,N
11041,40004,41840,1836,S
11918,41845,41845,0,N
11045,40014,41845,1831,S
11051,40024,41850,1826,S
11055,40034,41855,1821,S
11925,41860,41860,0,N
11059,40044,41860,1816,S
11065,40054,41865,1811,S
11069,40064,41870,1806,S
11932,41875,41875,0,N
11074,40074,41875,1801,S
8745,35016,41880,6864,E
7455,32322,41880,9558,W
8748,35023,41885,6862,E
7458,32327,41885,9558,W
8751,35030,41890,6860,E
7461,32332,41890,9558,W
8756,35037,41895,6858,E
7463,32337,41895,9558,W
8759,35044,41900,6856,E
7466,32342,41900,9558,W
8762,35051,41905,6854,E
7469,32347,41905,9558,W
8765,35058,41910,6852,E
7472,32352,41910,9558,W
8769,35065,41915,6850,E
7475,32357,41915,9558,W
8771,35072,41920,6848,E
7477,32362,41920,9558,W
8775,35079,41925,6846,E
7480,32367,41925,9558,W
8779,35086,41930,6844,E
7484,32372,41930,9558,W
8781,35093,41935,6842,E
7486,32377,41935,9558,W
11939,41890,41940,50,N
11079,40084,41940,1856,S
11946,41905,41945,40,N
11084,40094,41945,1851,S
11953,41920,41950,30,N
11088,40104,41950,1846,S
11961,41935,41955,20,N
11093,40114,41955,1841,S
11968,41950,41960,10,N
11098,40124,41960,1836,S
11975,41965,41965,0,N
11102,40134,41965,1831,S
11108,40144,41970,1826,S
11112,40154,41975,1821,S
11982,41980,41980,0,N
11117,40164,41980,1816,S
11122,40174,41985,1811,S
11126,40184,41990,1806,S
11989,41995,41995,0,N
11131,40194,41995,1801,S
8785,35100,42000,6900,E
7489,32382,42000,9618,W
8788,35107,42005,6898,E
7492,32387,42005,9618,W
8792,35114,42010,6896,E
7494,32392,42010,9618,W
8795,35121,42015,6894,E
7498,32397,42015,9618,W
8799,35128,42020,6892,E
7500,32402,42020,9618,W
8802,35135,42025,6890,E
7503,32408,42025,9617,W
8805,35142,42030,6888,E
7507,32414,42030,9616,W
8808,35149,42035,6886,E
7509,32420,42035,9615,W
8812,35156,42040,6884,E
7513,32426,42040,9614,W
8815,35163,42045,6882,E
7514,32432,42045,9613,W
8819,35170,42050,6880,E
7517,32438,42050,9612,W
8822,35177,42055,6878,E
7521,32444,42055,9611,W
11996,42010,42060,50,N
11136,40204,42060,1856,S
12003,42025,42065,40,N
11141,40214,42065,1851,S
12011,42040,42070,30,N
11145,40224,42070,1846,S
12018,42055,42075,20,N
11151,40234,42075,1841,S
12025,42070,42080,10,N
11155,40244,42080,1836,S
12032,42085,42085,0,N
11159,40254,42085,1831,S
11165,40264,42090,1826,S
11169,40274,42095,1821,S
12039,42100,42100,0,N
11174,40284,42100,1816,S
11179,40294,42105,1811,S
11184,40304,42110,1806,S
12046,42115,42115,0,N
11188,40314,42115,1801,S
8825,35184,42120,6936,E
7523,32450,42120,9670,W
8828,35191,42125,6934,E
7527,32456,42125,9669,W
8831,35198,42130,6932,E
7529,32462,42130,9668,W
8836,35205,42135,6930,E
7532,32468,42135,9667,W
8838,35212,42140,6928,E
7535,32474,42140,9666,W
8842,35219,42145,6926,E
7537,32480,42145,9665,W
8845,35226,42150,6924,E
7541,32486,42150,9664,W
8848,35233,42155,6922,E
7543,32492,42155,9663,W
8851,35240,42160,6920,E
7546,32498,42160,9662,W
8856,35247,42165,6918,E
7550,32504,42165,9661,W
8859,35254,42170,6916,E
7552,32510,42170,9660,W
8862,35261,42175,6914,E
7555,32516,42175,9659,W
12053,42130,42180,50,N
11193,40324,42180,1856,S
12061,42145,42185,40,N
11198,40334,42185,1851,S
12068,42160,42190,30,N
11202,40344,42190,1846,S
12075,42175,42195,20,N
11208,40354,42195,1841,S
12082,42190,42200,10,N
11212,40364,42200,1836,S
12089,42205,42205,0,N
11217,40374,42205,1831,S
11222,40384,42210,1826,S
11226,40394,42215,1821,S
12096,42220,42220,0,N
11231,40404,42220,1816,S
11236,40414,42225,1811,S
11241,40424,42230,1806,S
12103,42235,42235,0,N
11245,40434,42235,1801,S
8865,35268,42240,6972,E
7557,32522,42240,9718,W
8869,35275,42245,6970,E
7560,32528,42245,9717,W
8871,35282,42250,6968,E
7564,32534,42250,9716,W
8875,35289,42255,6966,E
7566,32540,42255,9715,W
8879,35296,42260,6964,E
7570,32546,42260,9714,W
8881,35303,42265,6962,E
7572,32552,42265,9713,W
8885,35310,42270,6960,E
7574,32558,42270,9712,W
8888,35317,42275,6958,E
7578,32564,42275,9711,W
8892,35324,42280,6956,E
7580,32570,42280,9710,W
8895,35331,42285,6954,E
7584,32576,42285,9709,W
8899,35338,42290,6952,E
7586,32582,42290,9708,W
8902,35345,42295,6950,E
7589,32588,42295,9707,W
12111,42250,42300,50,N
11251,40444,42300,1856,S
12118,42265,42305,40,N
11255,40454,42305,1851,S
12125,42280,42310,30,N
11259,40464,42310,1846,S
12132,42295,42315,20,N
11265,40474,42315,1841,S
12139,42310,42320,10,N
11269,40484,42320,1836,S
12146,42325,42325,0,N
11274,40494,42325,1831,S
11279,40504,42330,1826,S
11284,40514,42335,1821,S
12153,42340,42340,0,N
11288,40524,42340,1816,S
11293,40534,42345,1811,S
11298,40544,42350,1806,S
12161,42355,42355,0,N
11302,40554,42355,1801,S
8905,35352,42360,7008,E
7593,32594,42360,9766,W
8908,35359,42365,7006,E
7594,32600,42365,9765,W
8912,35366,42370,7004,E
7598,32606,42370,9764,W
8915,35373,42375,7002,E
7600,32612,42375,9763,W
8919,35380,42380,7000,E
7603,32618,42380,9762,W
8922,35387,42385,6998,E
7607,32624,42385,9761,W
8925,35394,42390,6996,E
7609,32630,42390,9760,W
8928,35401,42395,6994,E
7613,32636,42395,9759,W
8931,35408,42400,6992,E
7614,32642,42400,9758,W
8936,35415,42405,6990,E
7617,32648,42405,9757,W
8938,35422,42410,6988,E
7621,32654,42410,9756,W
8942,35429,42415,6986,E
7623,32660,42415,9755,W
12168,42370,42420,50,N
11308,40564,42420,1856,S
12175,42385,42425,40,N
11312,40574,42425,1851,S
12182,42400,42430,30,N
11317,40584,42430,1846,S
12189,42415,42435,20,N
11322,40594,42435,1841,S
12196,42430,42440,10,N
11326,40604,42440,1836,S
12203,42445,42445,0,N
11331,40614,42445,1831,S
11336,40624,42450,1826,S
11341,40634,42455,1821,S
12211,42460,42460,0,N
11345,40644,42460,1816,S
11351,40654,42465,1811,S
11355,40664,42470,1806,S
12218,42475,42475,0,N
11359,40674,42475,1801,S
8945,35436,42480,7044,E
7627,32666,42480,9814,W
8948,35443,42485,7042,E
7629,32672,42485,9813,W
8951,35450,42490,7040,E
7632,32678,42490,9812,W
8956,35457,42495,7038,E
7635,32684,42495,9811,W
8959,35464,42500,7036,E
7637,32690,42500,9810,W
8962,35471,42505,7034,E
7641,32696,42505,9809,W
8965,35478,42510,7032,E
7643,32702,42510,9808,W
8969,35485,42515,7030,E
7646,32708,42515,9807,W
8971,35492,42520,7028,E
7650,32714,42520,9806,W
8975,35499,42525,7026,E
7652,32720,42525,9805,W
8979,35506,42530,7024,E
7655,32726,42530,9804,W
8981,35513,42535,7022,E
7657,32732,42535,9803,W
12225,42490,42540,50,N
11365,40684,42540,1856,S
12232,42505,42545,40,N
11369,40694,42545,1851,S
12239,42520,42550,30,N
11374,40704,42550,1846,S
12246,42535,42555,20,N
11379,40714,42555,1841,S
12253,42550,42560,10,N
11384,40724,42560,1836,S
12261,42565,42565,0,N
11388,40734,42565,1831,S
11393,40744,42570,1826,S
11398,40754,42575,1821,S
12268,42580,42580,0,N
11402,40764,42580,1816,S
11408,40774,42585,1811,S
11412,40784,42590,1806,S
12275,42595,42595,0,N
11417,40794,42595,1801,S
8985,35520,42600,7080,E
7660,32738,42600,9862,W
8988,35527,42605,7078,E
7664,32744,42605,9861,W
8992,35534,42610,7076,E
7666,32750,42610,9860,W
8995,35541,42615,7074,E
7670,32756,42615,9859,W
8999,35548,42620,7072,E
7672,32762,42620,9858,W
9002,35555,42625,7070,E
7674,32768,42625,9857,W
9005,35562,42630,7068,E
7678,32774,42630,9856,W
9008,35569,42635,7066,E
7680,32780,42635,9855,W
9012,35576,42640,7064,E
7684,32786,42640,9854,W
9015,35583,42645,7062,E
7686,32792,42645,9853,W
9019,35590,42650,7060,E
7689,32798,42650,9852,W
9022,35597,42655,7058,E
7693,32804,42655,9851,W
12282,42610,42660,50,N
11422,40804,42660,1856,S
12289,42625,42665,40,N
11426,40814,42665,1851,S
12296,42640,42670,30,N
11431,40824,42670,1846,S
12303,42655,42675,20,N
11436,40834,42675,1841,S
12311,42670,42680,10,N
11441,40844,42680,1836,S
12318,42685,42685,0,N
11445,40854,42685,1831,S
11451,40864,42690,1826,S
11455,40874,42695,1821,S
12325,42700,42700,0,N
11459,40884,42700,1816,S
11465,40894,42705,1811,S
11469,40904,42710,1806,S
12332,42715,42715,0,N
11474,40914,42715,1801,S
9025,35604,42720,7116,E
7694,32810,42720,9910,W
9028,35611,42725,7114,E
7698,32816,42725,9909,W
9031,35618,42730,7112,E
7700,32822,42730,9908,W
9036,35625,42735,7110,E
7703,32828,42735,9907,W
9038,35632,42740,7108,E
7707,32834,42740,9906,W
9042,35639,42745,7106,E
7709,32840,42745,9905,W
9045,35646,42750,7104,E
7713,32846,42750,9904,W
9048,35653,42755,7102,E
7714,32852,42755,9903,W
9051,35660,42760,7100,E
7717,32858,42760,9902,W
9056,35667,42765,7098,E
7721,32864,42765,9901,W
9059,35674,42770,7096,E
7723,32870,42770,9900,W
9062,35681,42775,7094,E
7727,32876,42775,9899,W
12339,42730,42780,50,N
11479,40924,42780,1856,S
12346,42745,42785,40,N
11484,40934,42785,1851,S
12353,42760,42790,30,N
11488,40944,42790,1846,S
12361,42775,42795,20,N
11493,40954,42795,1841,S
12368,42790,42800,10,N
11498,40964,42800,1836,S
12375,42805,42805,0,N
11502,40974,42805,1831,S
11508,40984,42810,1826,S
11512,40994,42815,1821,S
12382,42820,42820,0,N
11517,41004,42820,1816,S
11522,41014,42825,1811,S
11526,41024,42830,1806,S
12389,42835,42835,0,N
11531,41034,42835,1801,S
9065,35688,42840,7152,E
7729,32882,42840,9958,W
9069,35695,42845,7150,E
7732,32888,42845,9957,W
9071,35702,42850,7148,E
7735,32894,42850,9956,W
9075,35709,42855,7146,E
7737,32900,42855,9955,W
9079,35716,42860,7144,E
7741,32906,42860,9954,W
9081,35723,42865,7142,E
7743,32912,42865,9953,W
9085,35730,42870,7140,E
7746,32918,42870,9952,W
9088,35737,42875,7138,E
7750,32924,42875,9951,W
9092,35744,42880,7136,E
7752,32930,42880,9950,W
9095,35751,42885,7134,E
7755,32936,42885,9949,W
9099,35758,42890,7132,E
7757,32942,42890,9948,W
9102,35765,42895,7130,E
7760,32948,42895,9947,W
12396,42850,42900,50,N
11536,41044,42900,1856,S
12403,42865,42905,40,N
11541,41054,42905,1851,S
12411,42880,42910,30,N
11545,41064,42910,1846,S
12418,42895,42915,20,N
11551,41074,42915,1841,S
12425,42910,42920,10,N
11555,41084,42920,1836,S
12432,42925,42925,0,N
11559,41094,42925,1831,S
11565,41104,42930,1826,S
11569,41114,42935,1821,S
12439,42940,42940,0,N
11574,41124,42940,1816,S
11579,41134,42945,1811,S
11584,41144,42950,1806,S
12446,42955,42955,0,N
11588,41154,42955,1801,S
9105,35772,42960,7188,E
7764,32954,42960,10006,W
9108,35779,42965,7186,E
7766,32960,42965,10005,W
9112,35786,42970,7184,E
7770,32966,42970,10004,W
9115,35793,42975,7182,E
7772,32972,42975,10003,W
9119,35800,42980,7180,E
7774,32978,42980,10002,W
9122,35807,42985,7178,E
7778,32984,42985,10001,W
9125,35814,42990,7176,E
7780,32990,42990,10000,W
9128,35821,42995,7174,E
7784,32996,42995,9999,W
9131,35828,43000,7172,E
7786,33002,43000,9998,W
9136,35835,43005,7170,E
7789,33008,43005,9997,W
9138,35842,43010,7168,E
7793,33014,43010,9996,W
9142,35849,43015,7166,E
7794,33020,43015,9995,W
12453,42970,43020,50,N
11593,41164,43020,1856,S
12461,42985,43025,40,N
11598,41174,43025,1851,S
12468,43000,43030,30,N
11602,41184,43030,1846,S
12475,43015,43035,20,N
11608,41194,43035,1841,S
12482,43030,43040,10,N
11612,41204,43040,1836,S
12489,43045,43045,0,N
11617,41214,43045,1831,S
11622,41224,43050,1826,S
11626,41234,43055,1821,S
12496,43060,43060,0,N
11631,41244,43060,1816,S
11636,41254,43065,1811,S
11641,41264,43070,1806,S
12503,43075,43075,0,N
11645,41274,43075,1801,S
9145,35856,43080,7224,E
7798,33026,43080,10054,W
9148,35863,43085,7222,E
7800,33032,43085,10053,W
9151,35870,43090,7220,E
7803,33038,43090,10052,W
9156,35877,43095,7218,E
7807,33044,43095,10051,W
9159,35884,43100,7216,E
7809,33050,43100,10050,W
9162,35891,43105,7214,E
7813,33056,43105,10049,W
9165,35898,43110,7212,E
7814,33062,43110,10048,W
9169,35905,43115,7210,E
7817,33068,43115,10047,W
9171,35912,43120,7208,E
7821,33074,43120,10046,W
9175,35919,43125,7206,E
7823,33080,43125,10045,W
9179,35926,43130,7204,E
7827,33086,43130,10044,W
9181,35933,43135,7202,E
7829,33092,43135,10043,W
12511,43090,43140,50,N
11651,41284,43140,1856,S
12518,43105,43145,40,N
11655,41294,43145,1851,S
12525,43120,43150,30,N
11659,41304,43150,1846,S
12532,43135,43155,20,N
11665,41314,43155,1841,S
12539,43150,43160,10,N
11669,41324,43160,1836,S
12546,43165,43165,0,N
11674,41334,43165,1831,S
11679,41344,43170,1826,S
11684,41354,43175,1821,S
12553,43180,43180,0,N
11688,41364,43180,1816,S
11693,41374,43185,1811,S
11698,41384,43190,1806,S
12561,43195,43195,0,N
11702,41394,43195,1801,S
9185,35940,43200,7260,E
7832,33098,43200,10102,W
9188,35947,43205,7258,E
7835,33104,43205,10101,W
9192,35954,43210,7256,E
7837,33110,43210,10100,W
9195,35961,43215,7254,E
7841,33116,43215,10099,W
9199,35968,43220,7252,E
7843,33122,43220,10098,W
9202,35975,43225,7250,E
7846,33128,43225,10097,W
9205,35982,43230,7248,E
7850,33134,43230,10096,W
9208,35989,43235,7246,E
7852,33140,43235,10095,W
9212,35996,43240,7244,E
7855,33146,43240,10094,W
9215,36003,43245,7242,E
7857,33152,43245,10093,W
9219,36011,43250,7239,E
7860,33158,43250,10092,W
9222,36019,43255,7236,E
7864,33164,43255,10091,W
12568,43210,43260,50,N
11708,41404,43260,1856,S
12575,43225,43265,40,N
11712,41414,43265,1851,S
12582,43240,43270,30,N
11717,41424,43270,1846,S
12589,43255,43275,20,N
11722,41434,43275,1841,S
12596,43270,43280,10,N
11726,41444,43280,1836,S
12603,43285,43285,0,N
11731,41454,43285,1831,S
11736,41464,43290,1826,S
11741,41474,43295,1821,S
12611,43300,43300,0,N
11745,41484,43300,1816,S
11751,41494,43305,1811,S
11755,41504,43310,1806,S
12618,43315,43315,0,N
11759,41514,43315,1801,S
9227,36027,43320,7293,E
7866,33170,43320,10150,W
9230,36035,43325,7290,E
7870,33176,43325,10149,W
9233,36043,43330,7287,E
7872,33182,43330,10148,W
9237,36051,43335,7284,E
7874,33188,43335,10147,W
9241,36059,43340,7281,E
7878,33194,43340,10146,W
9244,36067,43345,7278,E
7880,33200,43345,10145,W
9249,36075,43350,7275,E
7884,33206,43350,10144,W
9251,36083,43355,7272,E
7886,33212,43355,10143,W
9255,36091,43360,7269,E
7889,33218,43360,10142,W
9259,36099,43365,7266,E
7893,33224,43365,10141,W
9263,36107,43370,7263,E
7894,33230,43370,10140,W
9266,36115,43375,7260,E
7898,33236,43375,10139,W
12625,43330,43380,50,N
11765,41524,43380,1856,S
12632,43345,43385,40,N
11769,41534,43385,1851,S
12639,43360,43390,30,N
11774,41544,43390,1846,S
12646,43375,43395,20,N
11779,41554,43395,1841,S
12653,43390,43400,10,N
11784,41564,43400,1836,S
12661,43405,43405,0,N
11788,41574,43405,1831,S
11793,41584,43410,1826,S
11798,41594,43415,1821,S
12668,43420,43420,0,N
11802,41604,43420,1816,S
11808,41614,43425,1811,S
11812,41624,43430,1806,S
12675,43435,43435,0,N
11817,41634,43435,1801,S
9270,36123,43440,7317,E
7900,33242,43440,10198,W
9273,36131,43445,7314,E
7903,33248,43445,10197,W
9277,36139,43450,7311,E
7907,33254,43450,10196,W
9281,36147,43455,7308,E
7909,33260,43455,10195,W
9285,36155,43460,7305,E
7913,33266,43460,10194,W
9287,36163,43465,7302,E
7914,33272,43465,10193,W
9292,36171,43470,7299,E
7917,33278,43470,10192,W
9295,36179,43475,7296,E
7921,33284,43475,10191,W
9299,36187,43480,7293,E
7923,33290,43480,10190,W
9303,36195,43485,7290,E
7927,33296,43485,10189,W
9306,36203,43490,7287,E
7929,33302,43490,10188,W
9309,36211,43495,7284,E
7932,33308,43495,10187,W
12682,43450,43500,50,N
11822,41644,43500,1856,S
12689,43465,43505,40,N
11826,41654,43505,1851,S
12696,43480,43510,30,N
11831,41664,43510,1846,S
12703,43495,43515,20,N
11836,41674,43515,1841,S
12711,43510,43520,10,N
11841,41684,43520,1836,S
12718,43525,43525,0,N
11845,41694,43525,1831,S
11851,41704,43530,1826,S
11855,41714,43535,1821,S
12725,43540,43540,0,N
11859,41724,43540,1816,S
11865,41734,43545,1811,S
11869,41744,43550,1806,S
12732,43555,43555,0,N
11874,41754,43555,1801,S
9314,36219,43560,7341,E
7935,33314,43560,10246,W
9317,36227,43565,7338,E
7937,33320,43565,10245,W
9321,36235,43570,7335,E
7941,33326,43570,10244,W
9324,36243,43575,7332,E
7943,33332,43575,10243,W
9328,36251,43580,7329,E
7946,33338,43580,10242,W
9331,36259,43585,7326,E
7950,33344,43585,10241,W
9336,36267,43590,7323,E
7952,33350,43590,10240,W
9339,36275,43595,7320,E
7955,33356,43595,10239,W
9342,36283,43600,7317,E
7957,33362,43600,10238,W
9346,36291,43605,7314,E
7960,33368,43605,10237,W
9350,36299,43610,7311,E
7964,33374,43610,10236,W
9353,36307,43615,7308,E
7966,33380,43615,10235,W
12739,43570,43620,50,N
11879,41764,43620,1856,S
12746,43585,43625,40,N
11884,41774,43625,1851,S
12753,43600,43630,30,N
11888,41784,43630,1846,S
12761,43615,43635,20,N
11893,41794,43635,1841,S
12768,43630,43640,10,N
11898,41804,43640,1836,S
12775,43645,43645,0,N
11902,41814,43645,1831,S
11908,41824,43650,1826,S
11912,41834,43655,1821,S
12782,43660,43660,0,N
11917,41844,43660,1816,S
11922,41854,43665,1811,S
11926,41864,43670,1806,S
12789,43675,43675,0,N
11931,41874,43675,1801,S
9358,36315,43680,7365,E
7970,33386,43680,10294,W
9360,36323,43685,7362,E
7972,33392,43685,10293,W
9364,36331,43690,7359,E
7974,33398,43690,10292,W
9368,36339,43695,7356,E
7978,33404,43695,10291,W
9372,36347,43700,7353,E
7980,33410,43700,10290,W
9375,36355,43705,7350,E
7984,33416,43705,10289,W
9379,36363,43710,7347,E
7986,33422,43710,10288,W
9382,36371,43715,7344,E
7989,33428,43715,10287,W
9386,36379,43720,7341,E
7993,33434,43720,10286,W
9390,36387,43725,7338,E
7994,33440,43725,10285,W
9394,36395,43730,7335,E
7998,33446,43730,10284,W
9396,36403,43735,7332,E
8000,33452,43735,10283,W
12796,43690,43740,50,N
11936,41884,43740,1856,S
12803,43705,43745,40,N
11941,41894,43745,1851,S
12811,43720,43750,30,N
11945,41904,43750,1846,S
12818,43735,43755,20,N
11951,41914,43755,1841,S
12825,43750,43760,10,N
11955,41924,43760,1836,S
12832,43765,43765,0,N
11959,41934,43765,1831,S
11965,41944,43770,1826,S
11969,41954,43775,1821,S
12839,43780,43780,0,N
11974,41964,43780,1816,S
11979,41974,43785,1811,S
11984,41984,43790,1806,S
12846,43795,43795,0,N
11988,41994,43795,1801,S
9401,36411,43800,7389,E
8003,33458,43800,10342,W
9404,36419,43805,7386,E
8007,33464,43805,10341,W
9408,36427,43810,7383,E
8009,33470,43810,10340,W
9412,36435,43815,7380,E
8013,33476,43815,10339,W
9415,36443,43820,7377,E
8014,33482,43820,10338,W
9418,36451,43825,7374,E
8017,33488,43825,10337,W
9423,36459,43830,7371,E
8021,33494,43830,10336,W
9426,36467,43835,7368,E
8023,33500,43835,10335,W
9430,36475,43840,7365,E
8027,33506,43840,10334,W
9433,36483,43845,7362,E
8029,33512,43845,10333,W
9437,36491,43850,7359,E
8032,33518,43850,10332,W
9440,36499,43855,7356,E
8035,33524,43855,10331,W
12853,43810,43860,50,N
11993,42004,43860,1856,S
12861,43825,43865,40,N
11998,42014,43865,1851,S
12868,43840,43870,30,N
12002,42024,43870,1846,S
12875,43855,43875,20,N
12008,42034,43875,1841,S
12882,43870,43880,10,N
12012,42044,43880,1836,S
12889,43885,43885,0,N
12017,42054,43885,1831,S
12022,42064,43890,1826,S
12026,42074,43895,1821,S
12896,43900,43900,0,N
12031,42084,43900,1816,S
12036,42094,43905,1811,S
12041,42104,43910,1806,S
12903,43915,43915,0,N
12045,42114,43915,1801,S
9445,36507,43920,7413,E
8037,33530,43920,10390,W
9448,36515,43925,7410,E
8041,33536,43925,10389,W
9451,36523,43930,7407,E
8043,33542,43930,10388,W
9455,36531,43935,7404,E
8046,33548,43935,10387,W
9459,36539,43940,7401,E
8050,33554,43940,10386,W
9462,36547,43945,7398,E
8052,33560,43945,10385,W
9467,36555,43950,7395,E
8055,33566,43950,10384,W
9469,36563,43955,7392,E
8057,33572,43955,10383,W
9473,36571,43960,7389,E
8060,33578,43960,10382,W
9477,36579,43965,7386,E
8064,33584,43965,10381,W
9481,36587,43970,7383,E
8066,33590,43970,10380,W
9484,36595,43975,7380,E
8070,33596,43975,10379,W
12911,43930,43980,50,N
12051,42124,43980,1856,S
12918,43945,43985,40,N
12055,42134,43985,1851,S
12925,43960,43990,30,N
12059,42144,43990,1846,S
12932,43975,43995,20,N
12065,42154,43995,1841,S
12939,43990,44000,10,N
12069,42164,44000,1836,S
12946,44005,44005,0,N
12074,42174,44005,1831,S
12079,42184,44010,1826,S
12084,42194,44015,1821,S
12953,44020,44020,0,N
12088,42204,44020,1816,S
12093,42214,44025,1811,S
12098,42224,44030,1806,S
12961,44035,44035,0,N
12102,42234,44035,1801,S
9488,36603,44040,7437,E
8072,33602,44040,10438,W
9491,36611,44045,7434,E
8074,33608,44045,10437,W
9495,36619,44050,7431,E
8078,33614,44050,10436,W
9499,36627,44055,7428,E
8080,33620,44055,10435,W
9503,36635,44060,7425,E
8084,33626,44060,10434,W
9505,36643,44065,7422,E
8086,33632,44065,10433,W
9510,36651,44070,7419,E
8089,33638,44070,10432,W
9513,36659,44075,7416,E
8093,33644,44075,10431,W
9517,36667,44080,7413,E
8094,33650,44080,10430,W
9521,36675,44085,7410,E
8098,33656,44085,10429,W
9524,36683,44090,7407,E
8100,33662,44090,10428,W
9527,36691,44095,7404,E
8103,33668,44095,10427,W
12968,44050,44100,50,N
12108,42244,44100,1856,S
12975,44065,44105,40,N
12112,42254,44105,1851,S
12982,44080,44110,30,N
12117,42264,44110,1846,S
12989,44095,44115,20,N
12122,42274,44115,1841,S
12996,44110,44120,10,N
12126,42284,44120,1836,S
13003,44125,44125,0,N
12131,42294,44125,1831,S
12136,42304,44130,1826,S
12141,42314,44135,1821,S
13011,44140,44140,0,N
12145,42324,44140,1816,S
12151,42334,44145,1811,S
12155,42344,44150,1806,S
13018,44155,44155,0,N
12159,42354,44155,1801,S
9532,36699,44160,7461,E
8107,33674,44160,10486,W
9535,36707,44165,7458,E
8109,33680,44165,10485,W
9539,36715,44170,7455,E
8113,33686,44170,10484,W
9542,36723,44175,7452,E
8114,33692,44175,10483,W
9546,36731,44180,7449,E
8117,33698,44180,10482,W
9549,36739,44185,7446,E
8121,33704,44185,10481,W
9554,36747,44190,7443,E
8123,33710,44190,10480,W
9557,36755,44195,7440,E
8127,33716,44195,10479,W
9560,36763,44200,7437,E
8129,33722,44200,10478,W
9564,36771,44205,7434,E
8132,33728,44205,10477,W
9568,36779,44210,7431,E
8135,33734,44210,10476,W
9571,36787,44215,7428,E
8137,33740,44215,10475,W
13025,44170,44220,50,N
12165,42364,44220,1856,S
13032,44185,44225,40,N
12169,42374,44225,1851,S
13039,44200,44230,30,N
12174,42384,44230,1846,S
13046,44215,44235,20,N
12179,42394,44235,1841,S
13053,44230,44240,10,N
12184,42404,44240,1836,S
13061,44245,44245,0,N
12188,42414,44245,1831,S
12193,42424,44250,1826,S
12198,42434,44255,1821,S
13068,44260,44260,0,N
12202,42444,44260,1816,S
12208,42454,44265,1811,S
12212,42464,44270,1806,S
13075,44275,44275,0,N
12217,42474,44275,1801,S
9576,36795,44280,7485,E
8141,33746,44280,10534,W
9578,36803,44285,7482,E
8143,33752,44285,10533,W
9582,36811,44290,7479,E
8146,33758,44290,10532,W
9586,36819,44295,7476,E
8150,33764,44295,10531,W
9590,36827,44300,7473,E
8152,33770,44300,10530,W
9593,36835,44305,7470,E
8155,33776,44305,10529,W
9597,36843,44310,7467,E
8157,33782,44310,10528,W
9600,36851,44315,7464,E
8160,33788,44315,10527,W
9604,36859,44320,7461,E
8164,33794,44320,10526,W
9608,36867,44325,7458,E
8166,33800,44325,10525,W
9612,36875,44330,7455,E
8170,33806,44330,10524,W
9614,36883,44335,7452,E
8172,33812,44335,10523,W
13082,44290,44340,50,N
12222,42484,44340,1856,S
13089,44305,44345,40,N
12226,42494,44345,1851,S
13096,44320,44350,30,N
12231,42504,44350,1846,S
13103,44335,44355,20,N
12236,42514,44355,1841,S
13111,44350,44360,10,N
12241,42524,44360,1836,S
13118,44365,44365,0,N
12245,42534,44365,1831,S
12251,42544,44370,1826,S
12255,42554,44375,1821,S
13125,44380,44380,0,N
12259,42564,44380,1816,S
12265,42574,44385,1811,S
12269,42584,44390,1806,S
13132,44395,44395,0,N
12274,42594,44395,1801,S
9619,36891,44400,7509,E
8174,33818,44400,10582,W
9622,36899,44405,7506,E
8178,33824,44405,10581,W
9626,36907,44410,7503,E
8180,33830,44410,10580,W
9630,36915,44415,7500,E
8184,33836,44415,10579,W
9633,36923,44420,7497,E
8186,33842,44420,10578,W
9636,36931,44425,7494,E
8189,33848,44425,10577,W
9641,36939,44430,7491,E
8193,33854,44430,10576,W
9644,36947,44435,7488,E
8194,33860,44435,10575,W
9648,36955,44440,7485,E
8198,33866,44440,10574,W
9651,36963,44445,7482,E
8200,33872,44445,10573,W
9655,36971,44450,7479,E
8203,33878,44450,10572,W
9658,36979,44455,7476,E
8207,33884,44455,10571,W
13139,44410,44460,50,N
12279,42604,44460,1856,S
13146,44425,44465,40,N
12284,42614,44465,1851,S
13153,44440,44470,30,N
12288,42624,44470,1846,S
13161,44455,44475,20,N
12293,42634,44475,1841,S
13168,44470,44480,10,N
12298,42644,44480,1836,S
13175,44485,44485,0,N
12302,42654,44485,1831,S
12308,42664,44490,1826,S
12312,42674,44495,1821,S
13182,44500,44500,0,N
12317,42684,44500,1816,S
12322,42694,44505,1811,S
12326,42704,44510,1806,S
13189,44515,44515,0,N
12331,42714,44515,1801,S
9663,36987,44520,7533,E
8209,33890,44520,10630,W
9666,36995,44525,7530,E
8213,33896,44525,10629,W
9669,37003,44530,7527,E
8214,33902,44530,10628,W
9673,37011,44535,7524,E
8217,33908,44535,10627,W
9677,37019,44540,7521,E
8221,33914,44540,10626,W
9680,37027,44545,7518,E
8223,33920,44545,10625,W
9685,37035,44550,7515,E
8227,33926,44550,10624,W
9687,37043,44555,7512,E
8229,33932,44555,10623,W
9691,37051,44560,7509,E
8232,33938,44560,10622,W
9695,37059,44565,7506,E
8235,33944,44565,10621,W
9699,37067,44570,7503,E
8237,33950,44570,10620,W
9702,37075,44575,7500,E
8241,33956,44575,10619,W
13196,44530,44580,50,N
12336,42724,44580,1856,S
13203,44545,44585,40,N
12341,42734,44585,1851,S
13211,44560,44590,30,N
12345,42744,44590,1846,S
13218,44575,44595,20,N
12351,42754,44595,1841,S
13225,44590,44600,10,N
12355,42764,44600,1836,S
13232,44605,44605,0,N
12359,42774,44605,1831,S
12365,42784,44610,1826,S
12369,42794,44615,1821,S
13239,44620,44620,0,N
12374,42804,44620,1816,S
12379,42814,44625,1811,S
12384,42824,44630,1806,S
13246,44635,44635,0,N
12388,42834,44635,1801,S
9706,37083,44640,7557,E
8243,33962,44640,10678,W
9709,37091,44645,7554,E
8246,33968,44645,10677,W
9713,37099,44650,7551,E
8250,33974,44650,10676,W
9717,37107,44655,7548,E
8252,33980,44655,10675,W
9721,37115,44660,7545,E
8255,33986,44660,10674,W
9723,37123,44665,7542,E
8257,33992,44665,10673,W
9728,37131,44670,7539,E
8260,33998,44670,10672,W
9731,37139,44675,7536,E
8264,34004,44675,10671,W
9735,37147,44680,7533,E
8266,34010,44680,10670,W
9739,37155,44685,7530,E
8270,34016,44685,10669,W
9742,37163,44690,7527,E
8272,34022,44690,10668,W
9745,37171,44695,7524,E
8274,34028,44695,10667,W
13253,44650,44700,50,N
12393,42844,44700,1856,S
13261,44665,44705,40,N
12398,42854,44705,1851,S
13268,44680,44710,30,N
12402,42864,44710,1846,S
13275,44695,44715,20,N
12408,42874,44715,1841,S
13282,44710,44720,10,N
12412,42884,44720,1836,S
13289,44725,44725,0,N
12417,42894,44725,1831,S
12422,42904,44730,1826,S
12426,42914,44735,1821,S
13296,44740,44740,0,N
12431,42924,44740,1816,S
12436,42934,44745,1811,S
12441,42944,44750,1806,S
13303,44755,44755,0,N
12445,42954,44755,1801,S
9750,37179,44760,7581,E
8278,34034,44760,10726,W
9753,37187,44765,7578,E
8280,34040,44765,10725,W
9757,37195,44770,7575,E
8284,34046,44770,10724,W
9760,37203,44775,7572,E
8286,34052,44775,10723,W
9764,37211,44780,7569,E
8289,34058,44780,10722,W
9767,37219,44785,7566,E
8293,34064,44785,10721,W
9772,37227,44790,7563,E
8294,34070,44790,10720,W
9775,37235,44795,7560,E
8298,34076,44795,10719,W
9778,37243,44800,7557,E
8300,34082,44800,10718,W
9782,37251,44805,7554,E
8303,34088,44805,10717,W
9786,37259,44810,7551,E
8307,34094,44810,10716,W
9789,37267,44815,7548,E
8309,34100,44815,10715,W
13311,44770,44820,50,N
12451,42964,44820,1856,S
13318,44785,44825,40,N
12455,42974,44825,1851,S
13325,44800,44830,30,N
12459,42984,44830,1846,S
13332,44815,44835,20,N
12465,42994,44835,1841,S
13339,44830,44840,10,N
12469,43004,44840,1836,S
13346,44845,44845,0,N
12474,43014,44845,1831,S
12479,43024,44850,1826,S
12484,43034,44855,1821,S
13353,44860,44860,0,N
12488,43044,44860,1816,S
12493,43054,44865,1811,S
12498,43064,44870,1806,S
13361,44875,44875,0,N
12502,43074,44875,1801,S
9794,37275,44880,7605,E
8313,34106,44880,10774,W
9796,37283,44885,7602,E
8314,34112,44885,10773,W
9800,37291,44890,7599,E
8317,34118,44890,10772,W
9804,37299,44895,7596,E
8321,34124,44895,10771,W
9808,37307,44900,7593,E
8323,34130,44900,10770,W
9811,37315,44905,7590,E
8327,34136,44905,10769,W
9815,37323,44910,7587,E
8329,34142,44910,10768,W
9818,37331,44915,7584,E
8332,34148,44915,10767,W
9822,37339,44920,7581,E
8335,34154,44920,10766,W
9826,37347,44925,7578,E
8337,34160,44925,10765,W
9830,37355,44930,7575,E
8341,34166,44930,10764,W
9832,37363,44935,7572,E
8343,34172,44935,10763,W
13368,44890,44940,50,N
12508,43084,44940,1856,S
13375,44905,44945,40,N
12512,43094,44945,1851,S
13382,44920,44950,30,N
12517,43104,44950,1846,S
13389,44935,44955,20,N
12522,43114,44955,1841,S
13396,44950,44960,10,N
12526,43124,44960,1836,S
13403,44965,44965,0,N
12531,43134,44965,1831,S
12536,43144,44970,1826,S
12541,43154,44975,1821,S
13411,44980,44980,0,N
12545,43164,44980,1816,S
12551,43174,44985,1811,S
12555,43184,44990,1806,S
13418,44995,44995,0,N
12559,43194,44995,1801,S
9837,37371,45000,7629,E
8346,34178,45000,10822,W
9840,37379,45005,7626,E
8350,34184,45005,10821,W
9844,37387,45010,7623,E
8352,34190,45010,10820,W
9848,37395,45015,7620,E
8355,34196,45015,10819,W
9851,37403,45020,7617,E
8357,34202,45020,10818,W
9854,37411,45025,7614,E
8360,34208,45025,10817,W
9859,37419,45030,7611,E
8364,34214,45030,10816,W
9862,37427,45035,7608,E
8366,34220,45035,10815,W
9866,37435,45040,7605,E
8370,34226,45040,10814,W
9869,37443,45045,7602,E
8372,34232,45045,10813,W
9873,37451,45050,7599,E
8374,34238,45050,10812,W
9876,37459,45055,7596,E
8378,34244,45055,10811,W
13425,45010,45060,50,N
12565,43204,45060,1856,S
13432,45025,45065,40,N
12569,43214,45065,1851,S
13439,45040,45070,30,N
12574,43224,45070,1846,S
13446,45055,45075,20,N
12579,43234,45075,1841,S
13453,45070,45080,10,N
12584,43244,45080,1836,S
13461,45085,45085,0,N
12588,43254,45085,1831,S
12593,43264,45090,1826,S
12598,43274,45095,1821,S
13468,45100,45100,0,N
12602,43284,45100,1816,S
12608,43294,45105,1811,S
12612,43304,45110,1806,S
13475,45115,45115,0,N
12617,43314,45115,1801,S
9881,37467,45120,7653,E
8380,34250,45120,10870,W
9884,37475,45125,7650,E
8384,34256,45125,10869,W
9887,37483,45130,7647,E
8386,34262,45130,10868,W
9891,37491,45135,7644,E
8389,34268,45135,10867,W
9895,37499,45140,7641,E
8393,34274,45140,10866,W
9898,37507,45145,7638,E
8394,34280,45145,10865,W
9903,37515,45150,7635,E
8398,34286,45150,10864,W
9905,37523,45155,7632,E
8400,34292,45155,10863,W
9909,37531,45160,7629,E
8403,34298,45160,10862,W
9913,37539,45165,7626,E
8407,34304,45165,10861,W
9917,37547,45170,7623,E
8409,34310,45170,10860,W
9920,37555,45175,7620,E
8413,34316,45175,10859,W
13482,45130,45180,50,N
12622,43324,45180,1856,S
13489,45145,45185,40,N
12626,43334,45185,1851,S
13496,45160,45190,30,N
12631,43344,45190,1846,S
13503,45175,45195,20,N
12636,43354,45195,1841,S
13511,45190,45200,10,N
12641,43364,45200,1836,S
13518,45205,45205,0,N
12645,43374,45205,1831,S
12651,43384,45210,1826,S
12655,43394,45215,1821,S
13525,45220,45220,0,N
12659,43404,45220,1816,S
12665,43414,45225,1811,S
12669,43424,45230,1806,S
13532,45235,45235,0,N
12674,43434,45235,1801,S
9924,37563,45240,7677,E
8414,34322,45240,10918,W
9927,37571,45245,7674,E
8417,34328,45245,10917,W
9931,37579,45250,7671,E
8421,34334,45250,10916,W
9935,37587,45255,7668,E
8423,34340,45255,10915,W
9939,37595,45260,7665,E
8427,34346,45260,10914,W
9941,37603,45265,7662,E
8429,34352,45265,10913,W
9946,37611,45270,7659,E
8432,34358,45270,10912,W
9949,37619,45275,7656,E
8435,34364,45275,10911,W
9953,37627,45280,7653,E
8437,34370,45280,10910,W
9957,37635,45285,7650,E
8441,34376,45285,10909,W
9960,37643,45290,7647,E
8443,34382,45290,10908,W
9963,37651,45295,7644,E
8446,34388,45295,10907,W
13539,45250,45300,50,N
12679,43444,45300,1856,S
13546,45265,45305,40,N
12684,43454,45305,1851,S
13553,45280,45310,30,N
12688,43464,45310,1846,S
13561,45295,45315,20,N
12693,43474,45315,1841,S
13568,45310,45320,10,N
12698,43484,45320,1836,S
13575,45325,45325,0,N
12702,43494,45325,1831,S
12708,43504,45330,1826,S
12712,43514,45335,1821,S
13582,45340,45340,0,N
12717,43524,45340,1816,S
12722,43534,45345,1811,S
12726,43544,45350,1806,S
13589,45355,45355,0,N
12731,43554,45355,1801,S
9968,37659,45360,7701,E
8450,34394,45360,10966,W
9971,37667,45365,7698,E
8452,34400,45365,10965,W
9975,37675,45370,7695,E
8455,34406,45370,10964,W
9978,37683,45375,7692,E
8457,34412,45375,10963,W
9982,37691,45380,7689,E
8460,34418,45380,10962,W
9985,37699,45385,7686,E
8464,34424,45385,10961,W
9990,37707,45390,7683,E
8466,34430,45390,10960,W
9993,37715,45395,7680,E
8470,34436,45395,10959,W
9996,37723,45400,7677,E
8472,34442,45400,10958,W
10000,37731,45405,7674,E
8474,34448,45405,10957,W
10004,37739,45410,7671,E
8478,34454,45410,10956,W
10007,37747,45415,7668,E
8480,34460,45415,10955,W
13596,45370,45420,50,N
12736,43564,45420,1856,S
13603,45385,45425,40,N
12741,43574,45425,1851,S
13611,45400,45430,30,N
12745,43584,45430,1846,S
13618,45415,45435,20,N
12751,43594,45435,1841,S
13625,45430,45440,10,N
12755,43604,45440,1836,S
13632,45445,45445,0,N
12759,43614,45445,1831,S
12765,43624,45450,1826,S
12769,43634,45455,1821,S
13639,45460,45460,0,N
12774,43644,45460,1816,S
12779,43654,45465,1811,S
12784,43664,45470,1806,S
13646,45475,45475,0,N
12788,43674,45475,1801,S
10012,37755,45480,7725,E
8484,34466,45480,11014,W
10014,37763,45485,7722,E
8486,34472,45485,11013,W
10018,37771,45490,7719,E
8489,34478,45490,11012,W
10022,37779,45495,7716,E
8493,34484,45495,11011,W
10026,37787,45500,7713,E
8494,34490,45500,11010,W
10029,37795,45505,7710,E
8498,34496,45505,11009,W
10033,37803,45510,7707,E
8500,34502,45510,11008,W
10036,37811,45515,7704,E
8503,34508,45515,11007,W
10040,37819,45520,7701,E
8507,34514,45520,11006,W
10044,37827,45525,7698,E
8509,34520,45525,11005,W
10048,37835,45530,7695,E
8513,34526,45530,11004,W
10050,37843,45535,7692,E
8514,34532,45535,11003,W
13653,45490,45540,50,N
12793,43684,45540,1856,S
13661,45505,45545,40,N
12798,43694,45545,1851,S
13668,45520,45550,30,N
12802,43704,45550,1846,S
13675,45535,45555,20,N
12808,43714,45555,1841,S
13682,45550,45560,10,N
12812,43724,45560,1836,S
13689,45565,45565,0,N
12817,43734,45565,1831,S
12822,43744,45570,1826,S
12826,43754,45575,1821,S
13696,45580,45580,0,N
12831,43764,45580,1816,S
12836,43774,45585,1811,S
12841,43784,45590,1806,S
13703,45595,45595,0,N
12845,43794,45595,1801,S
10055,37851,45600,7749,E
8517,34538,45600,11062,W
10058,37859,45605,7746,E
8521,34544,45605,11061,W
10062,37867,45610,7743,E
8523,34550,45610,11060,W
10066,37875,45615,7740,E
8527,34556,45615,11059,W
10069,37883,45620,7737,E
8529,34562,45620,11058,W
10072,37891,45625,7734,E
8532,34568,45625,11057,W
10077,37899,45630,7731,E
8535,34574,45630,11056,W
10080,37907,45635,7728,E
8537,34580,45635,11055,W
10084,37915,45640,7725,E
8541,34586,45640,11054,W
10087,37923,45645,7722,E
8543,34592,45645,11053,W
10091,37931,45650,7719,E
8546,34598,45650,11052,W
10094,37939,45655,7716,E
8550,34604,45655,11051,W
13711,45610,45660,50,N
12851,43804,45660,1856,S
13718,45625,45665,40,N
12855,43814,45665,1851,S
13725,45640,45670,30,N
12859,43824,45670,1846,S
13732,45655,45675,20,N
12865,43834,45675,1841,S
13739,45670,45680,10,N
12869,43844,45680,1836,S
13746,45685,45685,0,N
12874,43854,45685,1831,S
12879,43864,45690,1826,S
12884,43874,45695,1821,S
13753,45700,45700,0,N
12888,43884,45700,1816,S
12893,43894,45705,1811,S
12898,43904,45710,1806,S
13761,45715,45715,0,N
12902,43914,45715,1801,S
10099,37947,45720,7773,E
8552,34610,45720,11110,W
10102,37955,45725,7770,E
8555,34616,45725,11109,W
10105,37963,45730,7767,E
8557,34622,45730,11108,W
10109,37971,45735,7764,E
8560,34628,45735,11107,W
10113,37979,45740,7761,E
8564,34634,45740,11106,W
10116,37987,45745,7758,E
8566,34640,45745,11105,W
10121,37995,45750,7755,E
8570,34646,45750,11104,W
10123,38003,45755,7752,E
8572,34652,45755,11103,W
10127,38011,45760,7749,E
8574,34658,45760,11102,W
10131,38019,45765,7746,E
8578,34664,45765,11101,W
10135,38027,45770,7743,E
8580,34670,45770,11100,W
10138,38035,45775,7740,E
8584,34676,45775,11099,W
13768,45730,45780,50,N
12908,43924,45780,1856,S
13775,45745,45785,40,N
12912,43934,45785,1851,S
13782,45760,45790,30,N
12917,43944,45790,1846,S
13789,45775,45795,20,N
12922,43954,45795,1841,S
13796,45790,45800,10,N
12926,43964,45800,1836,S
13803,45805,45805,0,N
12931,43974,45805,1831,S
12936,43984,45810,1826,S
12941,43994,45815,1821,S
13811,45820,45820,0,N
12945,44004,45820,1816,S
12951,44014,45825,1811,S
12955,44024,45830,1806,S
13818,45835,45835,0,N
12959,44034,45835,1801,S
10142,38043,45840,7797,E
8586,34682,45840,11158,W
10145,38051,45845,7794,E
8589,34688,45845,11157,W
10149,38059,45850,7791,E
8593,34694,45850,11156,W
10153,38067,45855,7788,E
8594,34700,45855,11155,W
10157,38075,45860,7785,E
8598,34706,45860,11154,W
10159,38083,45865,7782,E
8600,34712,45865,11153,W
10164,38091,45870,7779,E
8603,34718,45870,11152,W
10167,38099,45875,7776,E
8607,34724,45875,11151,W
10171,38107,45880,7773,E
8609,34730,45880,11150,W
10175,38115,45885,7770,E
8613,34736,45885,11149,W
10178,38123,45890,7767,E
8614,34742,45890,11148,W
10181,38131,45895,7764,E
8617,34748,45895,11147,W
13825,45850,45900,50,N
12965,44044,45900,1856,S
13832,45865,45905,40,N
12969,44054,45905,1851,S
13839,45880,45910,30,N
12974,44064,45910,1846,S
13846,45895,45915,20,N
12979,44074,45915,1841,S
13853,45910,45920,10,N
12984,44084,45920,1836,S
13861,45925,45925,0,N
12988,44094,45925,1831,S
12993,44104,45930,1826,S
12998,44114,45935,1821,S
13868,45940,45940,0,N
13002,44124,45940,1816,S
13008,44134,45945,1811,S
13012,44144,45950,1806,S
13875,45955,45955,0,N
13017,44154,45955,1801,S
10186,38139,45960,7821,E
8621,34754,45960,11206,W
10189,38147,45965,7818,E
8623,34760,45965,11205,W
10193,38155,45970,7815,E
8627,34766,45970,11204,W
10196,38163,45975,7812,E
8629,34772,45975,11203,W
10200,38171,45980,7809,E
8632,34778,45980,11202,W
10203,38179,45985,7806,E
8635,34784,45985,11201,W
10208,38187,45990,7803,E
8637,34790,45990,11200,W
10211,38195,45995,7800,E
8641,34796,45995,11199,W
10214,38203,46000,7797,E
8643,34802,46000,11198,W
10218,38211,46005,7794,E
8646,34808,46005,11197,W
10222,38219,46010,7791,E
8650,34814,46010,11196,W
10225,38227,46015,7788,E
8652,34820,46015,11195,W
13882,45970,46020,50,N
13022,44164,46020,1856,S
13889,45985,46025,40,N
13026,44174,46025,1851,S
13896,46000,46030,30,N
13031,44184,46030,1846,S
13903,46015,46035,20,N
13036,44194,46035,1841,S
13911,46030,46040,10,N
13041,44204,46040,1836,S
13918,46045,46045,0,N
13045,44214,46045,1831,S
13051,44224,46050,1826,S
13055,44234,46055,1821,S
13925,46060,46060,0,N
13059,44244,46060,1816,S
13065,44254,46065,1811,S
13069,44264,46070,1806,S
13932,46075,46075,0,N
13074,44274,46075,1801,S
10230,38235,46080,7845,E
8655,34826,46080,11254,W
10232,38243,46085,7842,E
8657,34832,46085,11253,W
10236,38251,46090,7839,E
8660,34838,46090,11252,W
10240,38259,46095,7836,E
8664,34844,46095,11251,W
10244,38267,46100,7833,E
8666,34850,46100,11250,W
10247,38275,46105,7830,E
8670,34856,46105,11249,W
10251,38283,46110,7827,E
8672,34862,46110,11248,W
10254,38291,46115,7824,E
8674,34868,46115,11247,W
10258,38299,46120,7821,E
8678,34874,46120,11246,W
10262,38307,46125,7818,E
8680,34880,46125,11245,W
10266,38315,46130,7815,E
8684,34886,46130,11244,W
10268,38323,46135,7812,E
8686,34892,46135,11243,W
13939,46090,46140,50,N
13079,44284,46140,1856,S
13946,46105,46145,40,N
13084,44294,46145,1851,S
13953,46120,46150,30,N
13088,44304,46150,1846,S
13961,46135,46155,20,N
13093,44314,46155,1841,S
13968,46150,46160,10,N
13098,44324,46160,1836,S
13975,46165,46165,0,N
13102,44334,46165,1831,S
13108,44344,46170,1826,S
13112,44354,46175,1821,S
13982,46180,46180,0,N
13117,44364,46180,1816,S
13122,44374,46185,1811,S
13126,44384,46190,1806,S
13989,46195,46195,0,N
13131,44394,46195,1801,S
10273,38331,46200,7869,E
8689,34898,46200,11302,W
10276,38339,46205,7866,E
8693,34904,46205,11301,W
10280,38347,46210,7863,E
8694,34910,46210,11300,W
10284,38355,46215,7860,E
8698,34916,46215,11299,W
10287,38363,46220,7857,E
8700,34922,46220,11298,W
10290,38371,46225,7854,E
8703,34928,46225,11297,W
10295,38379,46230,7851,E
8707,34934,46230,11296,W
10298,38387,46235,7848,E
8709,34940,46235,11295,W
10302,38395,46240,7845,E
8713,34946,46240,11294,W
10305,38403,46245,7842,E
8714,34952,46245,11293,W
10309,38411,46250,7839,E
8717,34958,46250,11292,W
10312,38419,46255,7836,E
8721,34964,46255,11291,W
13996,46210,46260,50,N
13136,44404,46260,1856,S
14003,46225,46265,40,N
13141,44414,46265,1851,S
14011,46240,46270,30,N
13145,44424,46270,1846,S
14018,46255,46275,20,N
13151,44434,46275,1841,S
14025,46270,46280,10,N
13155,44444,46280,1836,S
14032,46285,46285,0,N
13159,44454,46285,1831,S
13165,44464,46290,1826,S
13169,44474,46295,1821,S
14039,46300,46300,0,N
13174,44484,46300,1816,S
13179,44494,46305,1811,S
13184,44504,46310,1806,S
14046,46315,46315,0,N
13188,44514,46315,1801,S
10317,38427,46320,7893,E
8723,34970,46320,11350,W
10320,38435,46325,7890,E
8727,34976,46325,11349,W
10323,38443,46330,7887,E
8729,34982,46330,11348,W
10327,38451,46335,7884,E
8732,34988,46335,11347,W
10331,38459,46340,7881,E
8735,34994,46340,11346,W
10334,38467,46345,7878,E
8737,35000,46345,11345,W
10339,38475,46350,7875,E
8741,35006,46350,11344,W
10341,38483,46355,7872,E
8743,35012,46355,11343,W
10345,38491,46360,7869,E
8746,35018,46360,11342,W
10349,38499,46365,7866,E
8750,35024,46365,11341,W
10353,38507,46370,7863,E
8752,35030,46370,11340,W
10356,38515,46375,7860,E
8755,35036,46375,11339,W
14053,46330,46380,50,N
13193,44524,46380,1856,S
14061,46345,46385,40,N
13198,44534,46385,1851,S
14068,46360,46390,30,N
13202,44544,46390,1846,S
14075,46375,46395,20,N
13208,44554,46395,1841,S
14082,46390,46400,10,N
13212,44564,46400,1836,S
14089,46405,46405,0,N
13217,44574,46405,1831,S
13222,44584,46410,1826,S
13226,44594,46415,1821,S
14096,46420,46420,0,N
13231,44604,46420,1816,S
13236,44614,46425,1811,S
13241,44624,46430,1806,S
14103,46435,46435,0,N
13245,44634,46435,1801,S
10360,38523,46440,7917,E
8757,35042,46440,11398,W
10363,38531,46445,7914,E
8760,35048,46445,11397,W
10367,38539,46450,7911,E
8764,35054,46450,11396,W
10371,38547,46455,7908,E
8766,35060,46455,11395,W
10375,38555,46460,7905,E
8770,35066,46460,11394,W
10377,38563,46465,7902,E
8772,35072,46465,11393,W
10382,38571,46470,7899,E
8774,35078,46470,11392,W
10385,38579,46475,7896,E
8778,35084,46475,11391,W
10389,38587,46480,7893,E
8780,35090,46480,11390,W
10393,38595,46485,7890,E
8784,35096,46485,11389,W
10396,38603,46490,7887,E
8786,35102,46490,11388,W
10399,38611,46495,7884,E
8789,35108,46495,11387,W
14111,46450,46500,50,N
13251,44644,46500,1856,S
14118,46465,46505,40,N
13255,44654,46505,1851,S
14125,46480,46510,30,N
13259,44664,46510,1846,S
14132,46495,46515,20,N
13265,44674,46515,1841,S
14139,46510,46520,10,N
13269,44684,46520,1836,S
14146,46525,46525,0,N
13274,44694,46525,1831,S
13279,44704,46530,1826,S
13284,44714,46535,1821,S
14153,46540,46540,0,N
13288,44724,46540,1816,S
13293,44734,46545,1811,S
13298,44744,46550,1806,S
14161,46555,46555,0,N
13302,44754,46555,1801,S
10404,38619,46560,7941,E
8793,35114,46560,11446,W
10407,38627,46565,7938,E
8794,35120,46565,11445,W
10411,38635,46570,7935,E
8798,35126,46570,11444,W
10414,38643,46575,7932,E
8800,35132,46575,11443,W
10418,38651,46580,7929,E
8803,35138,46580,11442,W
10421,38659,46585,7926,E
8807,35144,46585,11441,W
10426,38667,46590,7923,E
8809,35150,46590,11440,W
10429,38675,46595,7920,E
8813,35156,46595,11439,W
10432,38683,46600,7917,E
8814,35162,46600,11438,W
10436,38691,46605,7914,E
8817,35168,46605,11437,W
10440,38699,46610,7911,E
8821,35174,46610,11436,W
10443,38707,46615,7908,E
8823,35180,46615,11435,W
14168,46570,46620,50,N
13308,44764,46620,1856,S
14175,46585,46625,40,N
13312,44774,46625,1851,S
14182,46600,46630,30,N
13317,44784,46630,1846,S
14189,46615,46635,20,N
13322,44794,46635,1841,S
14196,46630,46640,10,N
13326,44804,46640,1836,S
14203,46645,46645,0,N
13331,44814,46645,1831,S
13336,44824,46650,1826,S
13341,44834,46655,1821,S
14211,46660,46660,0,N
13345,44844,46660,1816,S
13351,44854,46665,1811,S
13355,44864,46670,1806,S
14218,46675,46675,0,N
13359,44874,46675,1801,S
10448,38715,46680,7965,E
8827,35186,46680,11494,W
10450,38723,46685,7962,E
8829,35192,46685,11493,W
10454,38731,46690,7959,E
8832,35198,46690,11492,W
10458,38739,46695,7956,E
8835,35204,46695,11491,W
10462,38747,46700,7953,E
8837,35210,46700,11490,W
10465,38755,46705,7950,E
8841,35216,46705,11489,W
10469,38763,46710,7947,E
8843,35222,46710,11488,W
10472,38771,46715,7944,E
8846,35228,46715,11487,W
10476,38779,46720,7941,E
8850,35234,46720,11486,W
10480,38787,46725,7938,E
8852,35240,46725,11485,W
10484,38795,46730,7935,E
8855,35246,46730,11484,W
10486,38803,46735,7932,E
8857,35252,46735,11483,W
14225,46690,46740,50,N
13365,44884,46740,1856,S
14232,46705,46745,40,N
13369,44894,46745,1851,S
14239,46720,46750,30,N
13374,44904,46750,1846,S
14246,46735,46755,20,N
13379,44914,46755,1841,S
14253,46750,46760,10,N
13384,44924,46760,1836,S
14261,46765,46765,0,N
13388,44934,46765,1831,S
13393,44944,46770,1826,S
13398,44954,46775,1821,S
14268,46780,46780,0,N
13402,44964,46780,1816,S
13408,44974,46785,1811,S
13412,44984,46790,1806,S
14275,46795,46795,0,N
13417,44994,46795,1801,S
10491,38811,46800,7989,E
8860,35258,46800,11542,W
10494,38819,46805,7986,E
8864,35264,46805,11541,W
10498,38827,46810,7983,E
8866,35270,46810,11540,W
10502,38835,46815,7980,E
8870,35276,46815,11539,W
10505,38843,46820,7977,E
8872,35282,46820,11538,W
10508,38851,46825,7974,E
8874,35288,46825,11537,W
10513,38859,46830,7971,E
8878,35294,46830,11536,W
10516,38867,46835,7968,E
8880,35300,46835,11535,W
10520,38875,46840,7965,E
8884,35306,46840,11534,W
10523,38883,46845,7962,E
8886,35312,46845,11533,W
10527,38891,46850,7959,E
8889,35318,46850,11532,W
10530,38899,46855,7956,E
8893,35324,46855,11531,W
14282,46810,46860,50,N
13422,45004,46860,1856,S
14290,46824,46865,41,N
13426,45014,46865,1851,S
14297,46838,46870,32,N
13431,45024,46870,1846,S
14304,46852,46875,23,N
13436,45034,46875,1841,S
14311,46866,46880,14,N
13441,45044,46880,1836,S
14319,46880,46885,5,N
13445,45054,46885,1831,S
13451,45064,46890,1826,S
14326,46894,46895,1,N
13455,45074,46895,1821,S
13459,45084,46900,1816,S
13465,45094,46905,1811,S
14334,46908,46910,2,N
13469,45104,46910,1806,S
13474,45114,46915,1801,S
10535,38907,46920,8013,E
8894,35330,46920,11590,W
10538,38915,46925,8010,E
8898,35336,46925,11589,W
10541,38923,46930,8007,E
8900,35342,46930,11588,W
10545,38931,46935,8004,E
8903,35348,46935,11587,W
10549,38939,46940,8001,E
8907,35354,46940,11586,W
10552,38947,46945,7998,E
8909,35360,46945,11585,W
10557,38955,46950,7995,E
8913,35366,46950,11584,W
10559,38963,46955,7992,E
8914,35372,46955,11583,W
10563,38971,46960,7989,E
8917,35378,46960,11582,W
10567,38979,46965,7986,E
8921,35384,46965,11581,W
10571,38987,46970,7983,E
8923,35390,46970,11580,W
10574,38995,46975,7980,E
8927,35396,46975,11579,W
14341,46922,46980,58,N
13479,45124,46980,1856,S
14348,46936,46985,49,N
13484,45134,46985,1851,S
14356,46950,46990,40,N
13488,45144,46990,1846,S
14363,46964,46995,31,N
13493,45154,46995,1841,S
14371,46978,47000,22,N
13498,45164,47000,1836,S
14377,46992,47005,13,N
13502,45174,47005,1831,S
14385,47006,47010,4,N
13508,45184,47010,1826,S
13512,45194,47015,1821,S
14392,47020,47020,0,N
13517,45204,47020,1816,S
13522,45214,47025,1811,S
13526,45224,47030,1806,S
14400,47034,47035,1,N
13531,45234,47035,1801,S
10578,39003,47040,8037,E
8929,35402,47040,11638,W
10581,39011,47045,8034,E
8932,35408,47045,11637,W
10585,39019,47050,8031,E
8935,35414,47050,11636,W
10589,39027,47055,8028,E
8937,35420,47055,11635,W
10593,39035,47060,8025,E
8941,35426,47060,11634,W
10595,39043,47065,8022,E
8943,35432,47065,11633,W
10600,39051,47070,8019,E
8946,35438,47070,11632,W
10603,39059,47075,8016,E
8950,35444,47075,11631,W
10607,39067,47080,8013,E
8952,35450,47080,11630,W
10611,39075,47085,8010,E
8955,35456,47085,11629,W
10614,39083,47090,8007,E
8957,35462,47090,11628,W
10617,39091,47095,8004,E
8960,35468,47095,11627,W
14408,47048,47100,52,N
13536,45244,47100,1856,S
14414,47062,47105,43,N
13541,45254,47105,1851,S
14422,47076,47110,34,N
13545,45264,47110,1846,S
14429,47090,47115,25,N
13551,45274,47115,1841,S
14437,47104,47120,16,N
13555,45284,47120,1836,S
14444,47118,47125,7,N
13559,45294,47125,1831,S
13565,45304,47130,1826,S
14451,47132,47135,3,N
13569,45314,47135,1821,S
13574,45324,47140,1816,S
13579,45334,47145,1811,S
14458,47146,47150,4,N
13584,45344,47150,1806,S
13588,45354,47155,1801,S
10622,39099,47160,8061,E
8964,35474,47160,11686,W
10625,39107,47165,8058,E
8966,35480,47165,11685,W
10629,39115,47170,8055,E
8970,35486,47170,11684,W
10632,39123,47175,8052,E
8972,35492,47175,11683,W
10636,39131,47180,8049,E
8974,35498,47180,11682,W
10639,39139,47185,8046,E
8978,35504,47185,11681,W
10644,39147,47190,8043,E
8980,35510,47190,11680,W
10647,39155,47195,8040,E
8984,35516,47195,11679,W
10650,39163,47200,8037,E
8986,35522,47200,11678,W
10654,39171,47205,8034,E
8989,35528,47205,11677,W
10658,39179,47210,8031,E
8993,35534,47210,11676,W
10661,39187,47215,8028,E
8994,35540,47215,11675,W
14466,47160,47220,60,N
13593,45364,47220,1856,S
14474,47174,47225,51,N
13598,45374,47225,1851,S
14481,47188,47230,42,N
13602,45384,47230,1846,S
14488,47202,47235,33,N
13608,45394,47235,1841,S
14495,47216,47240,24,N
13612,45404,47240,1836,S
14503,47230,47245,15,N
13617,45414,47245,1831,S
14510,47244,47250,6,N
13622,45424,47250,1826,S
13626,45434,47255,1821,S
14518,47258,47260,2,N
13631,45444,47260,1816,S
13636,45454,47265,1811,S
13641,45464,47270,1806,S
14524,47272,47275,3,N
13645,45474,47275,1801,S
10666,39195,47280,8085,E
8998,35546,47280,11734,W
10668,39203,47285,8082,E
9000,35552,47285,11733,W
10672,39211,47290,8079,E
9003,35558,47290,11732,W
10676,39219,47295,8076,E
9007,35564,47295,11731,W
10680,39227,47300,8073,E
9009,35570,47300,11730,W
10683,39235,47305,8070,E
9013,35576,47305,11729,W
10687,39243,47310,8067,E
9014,35582,47310,11728,W
10690,39251,47315,8064,E
9017,35588,47315,11727,W
10694,39259,47320,8061,E
9021,35594,47320,11726,W
10698,39267,47325,8058,E
9023,35600,47325,11725,W
10702,39275,47330,8055,E
9027,35606,47330,11724,W
10704,39283,47335,8052,E
9029,35612,47335,11723,W
14532,47286,47340,54,N
13651,45484,47340,1856,S
14540,47300,47345,45,N
13655,45494,47345,1851,S
14547,47314,47350,36,N
13659,45504,47350,1846,S
14555,47328,47355,27,N
13665,45514,47355,1841,S
14561,47342,47360,18,N
13669,45524,47360,1836,S
14569,47356,47365,9,N
13674,45534,47365,1831,S
14576,47370,47370,0,N
13679,45544,47370,1826,S
13684,45554,47375,1821,S
13688,45564,47380,1816,S
14584,47384,47385,1,N
13693,45574,47385,1811,S
13698,45584,47390,1806,S
13702,45594,47395,1801,S
10709,39291,47400,8109,E
9032,35618,47400,11782,W
10712,39299,47405,8106,E
9035,35624,47405,11781,W
10716,39307,47410,8103,E
9037,35630,47410,11780,W
10720,39315,47415,8100,E
9041,35636,47415,11779,W
10723,39323,47420,8097,E
9043,35642,47420,11778,W
10726,39331,47425,8094,E
9046,35648,47425,11777,W
10731,39339,47430,8091,E
9050,35654,47430,11776,W
10734,39347,47435,8088,E
9052,35660,47435,11775,W
10738,39355,47440,8085,E
9055,35666,47440,11774,W
10741,39363,47445,8082,E
9057,35672,47445,11773,W
10745,39371,47450,8079,E
9060,35678,47450,11772,W
10748,39379,47455,8076,E
9064,35684,47455,11771,W
14591,47398,47460,62,N
13708,45604,47460,1856,S
14598,47412,47465,53,N
13712,45614,47465,1851,S
14606,47426,47470,44,N
13717,45624,47470,1846,S
14613,47440,47475,35,N
13722,45634,47475,1841,S
14621,47454,47480,26,N
13726,45644,47480,1836,S
14628,47468,47485,17,N
13731,45654,47485,1831,S
14635,47482,47490,8,N
13736,45664,47490,1826,S
13741,45674,47495,1821,S
14642,47496,47500,4,N
13745,45684,47500,1816,S
13751,45694,47505,1811,S
14650,47510,47510,0,N
13755,45704,47510,1806,S
13759,45714,47515,1801,S
10753,39387,47520,8133,E
9066,35690,47520,11830,W
10756,39395,47525,8130,E
9070,35696,47525,11829,W
10759,39403,47530,8127,E
9072,35702,47530,11828,W
10763,39411,47535,8124,E
9074,35708,47535,11827,W
10767,39419,47540,8121,E
9078,35714,47540,11826,W
10770,39427,47545,8118,E
9080,35720,47545,11825,W
10775,39435,47550,8115,E
9084,35726,47550,11824,W
10777,39443,47555,8112,E
9086,35732,47555,11823,W
10781,39451,47560,8109,E
9089,35738,47560,11822,W
10785,39459,47565,8106,E
9093,35744,47565,11821,W
10789,39467,47570,8103,E
9094,35750,47570,11820,W
10792,39475,47575,8100,E
9098,35756,47575,11819,W
14657,47524,47580,56,N
13765,45724,47580,1856,S
14665,47538,47585,47,N
13769,45734,47585,1851,S
14672,47552,47590,38,N
13774,45744,47590,1846,S
14679,47566,47595,29,N
13779,45754,47595,1841,S
14687,47580,47600,20,N
13784,45764,47600,1836,S
14694,47594,47605,11,N
13788,45774,47605,1831,S
14702,47608,47610,2,N
13793,45784,47610,1826,S
13798,45794,47615,1821,S
13802,45804,47620,1816,S
14708,47622,47625,3,N
13808,45814,47625,1811,S
13812,45824,47630,1806,S
13817,45834,47635,1801,S
10796,39483,47640,8157,E
9100,35762,47640,11878,W
10799,39491,47645,8154,E
9103,35768,47645,11877,W
10803,39499,47650,8151,E
9107,35774,47650,11876,W
10807,39507,47655,8148,E
9109,35780,47655,11875,W
10811,39515,47660,8145,E
9113,35786,47660,11874,W
10813,39523,47665,8142,E
9114,35792,47665,11873,W
10818,39531,47670,8139,E
9117,35798,47670,11872,W
10821,39539,47675,8136,E
9121,35804,47675,11871,W
10825,39547,47680,8133,E
9123,35810,47680,11870,W
10829,39555,47685,8130,E
9127,35816,47685,11869,W
10832,39563,47690,8127,E
9129,35822,47690,11868,W
10835,39571,47695,8124,E
9132,35828,47695,11867,W
14716,47636,47700,64,N
13822,45844,47700,1856,S
14723,47650,47705,55,N
13826,45854,47705,1851,S
14731,47664,47710,46,N
13831,45864,47710,1846,S
14739,47678,47715,37,N
13836,45874,47715,1841,S
14745,47692,47720,28,N
13841,45884,47720,1836,S
14753,47706,47725,19,N
13845,45894,47725,1831,S
14760,47720,47730,10,N
13851,45904,47730,1826,S
14768,47734,47735,1,N
13855,45914,47735,1821,S
13859,45924,47740,1816,S
13865,45934,47745,1811,S
14775,47748,47750,2,N
13869,45944,47750,1806,S
13874,45954,47755,1801,S
10840,39579,47760,8181,E
9135,35834,47760,11926,W
10843,39587,47765,8178,E
9137,35840,47765,11925,W
10847,39595,47770,8175,E
9141,35846,47770,11924,W
10850,39603,47775,8172,E
9143,35852,47775,11923,W
10854,39610,47780,8170,E
9146,35858,47780,11922,W
10857,39617,47785,8168,E
9150,35864,47785,11921,W
10860,39624,47790,8166,E
9152,35870,47790,11920,W
10863,39631,47795,8164,E
9155,35876,47795,11919,W
10866,39638,47800,8162,E
9157,35882,47800,11918,W
10871,39645,47805,8160,E
9160,35888,47805,11917,W
10873,39652,47810,8158,E
9164,35894,47810,11916,W
10877,39659,47815,8156,E
9166,35900,47815,11915,W
14782,47762,47820,58,N
13879,45964,47820,1856,S
14789,47776,47825,49,N
13884,45974,47825,1851,S
14797,47790,47830,40,N
13888,45984,47830,1846,S
14805,47804,47835,31,N
13893,45994,47835,1841,S
14812,47818,47840,22,N
13898,46004,47840,1836,S
14819,47832,47845,13,N
13902,46014,47845,1831,S
14826,47846,47850,4,N
13908,46024,47850,1826,S
13912,46034,47855,1821,S
14834,47860,47860,0,N
13917,46044,47860,1816,S
13922,46054,47865,1811,S
13926,46064,47870,1806,S
14841,47874,47875,1,N
13931,46074,47875,1801,S
10880,39666,47880,8214,E
9170,35906,47880,11974,W
10883,39673,47885,8212,E
9172,35912,47885,11973,W
10886,39680,47890,8210,E
9174,35918,47890,11972,W
10891,39687,47895,8208,E
9178,35924,47895,11971,W
10894,39694,47900,8206,E
9180,35930,47900,11970,W
10897,39701,47905,8204,E
9184,35936,47905,11969,W
10900,39708,47910,8202,E
9186,35942,47910,11968,W
10904,39715,47915,8200,E
9189,35948,47915,11967,W
10906,39722,47920,8198,E
9193,35954,47920,11966,W
10910,39729,47925,8196,E
9194,35960,47925,11965,W
10914,39736,47930,8194,E
9198,35966,47930,11964,W
10916,39743,47935,8192,E
9200,35972,47935,11963,W
14849,47888,47940,52,N
13936,46084,47940,1856,S
14855,47902,47945,43,N
13941,46094,47945,1851,S
14863,47916,47950,34,N
13945,46104,47950,1846,S
14871,47930,47955,25,N
13951,46114,47955,1841,S
14878,47944,47960,16,N
13955,46124,47960,1836,S
14886,47958,47965,7,N
13959,46134,47965,1831,S
13965,46144,47970,1826,S
14892,47972,47975,3,N
13969,46154,47975,1821,S
13974,46164,47980,1816,S
13979,46174,47985,1811,S
14900,47986,47990,4,N
13984,46184,47990,1806,S
13988,46194,47995,1801,S
10920,39750,48000,8250,E
9203,35978,48000,12022,W
10923,39757,48005,8248,E
9207,35984,48005,12021,W
10927,39764,48010,8246,E
9209,35990,48010,12020,W
10930,39771,48015,8244,E
9213,35996,48015,12019,W
10934,39778,48020,8242,E
9214,36002,48020,12018,W
10937,39785,48025,8240,E
9217,36008,48025,12017,W
10940,39792,48030,8238,E
9221,36014,48030,12016,W
10943,39799,48035,8236,E
9223,36020,48035,12015,W
10947,39806,48040,8234,E
9226,36026,48040,12014,W
10950,39813,48045,8232,E
9228,36032,48045,12013,W
10954,39820,48050,8230,E
9231,36038,48050,12012,W
10957,39827,48055,8228,E
9235,36044,48055,12011,W
14907,48000,48060,60,N
13993,46204,48060,1856,S
14915,48014,48065,51,N
13998,46214,48065,1851,S
14922,48028,48070,42,N
14002,46224,48070,1846,S
14929,48042,48075,33,N
14008,46234,48075,1841,S
14937,48056,48080,24,N
14012,46244,48080,1836,S
14944,48070,48085,15,N
14017,46254,48085,1831,S
14952,48084,48090,6,N
14022,46264,48090,1826,S
14026,46274,48095,1821,S
14959,48098,48100,2,N
14031,46284,48100,1816,S
14036,46294,48105,1811,S
14041,46304,48110,1806,S
14966,48112,48115,3,N
14045,46314,48115,1801,S
10960,39834,48120,8286,E
9236,36050,48120,12070,W
10963,39841,48125,8284,E
9239,36056,48125,12069,W
10966,39848,48130,8282,E
9242,36062,48130,12068,W
10971,39855,48135,8280,E
9245,36068,48135,12067,W
10973,39862,48140,8278,E
9248,36074,48140,12066,W
10977,39869,48145,8276,E
9250,36080,48145,12065,W
10980,39876,48150,8274,E
9253,36086,48150,12064,W
10983,39883,48155,8272,E
9256,36092,48155,12063,W
10986,39890,48160,8270,E
9258,36098,48160,12062,W
10991,39897,48165,8268,E
9261,36104,48165,12061,W
10994,39904,48170,8266,E
9264,36110,48170,12060,W
10997,39911,48175,8264,E
9267,36116,48175,12059,W
14973,48126,48180,54,N
14051,46324,48180,1856,S
14981,48140,48185,45,N
14055,46334,48185,1851,S
14988,48154,48190,36,N
14059,46344,48190,1846,S
14996,48168,48195,27,N
14065,46354,48195,1841,S
15003,48182,48200,18,N
14069,46364,48200,1836,S
15010,48196,48205,9,N
14074,46374,48205,1831,S
15018,48210,48210,0,N
14079,46384,48210,1826,S
14084,46394,48215,1821,S
14088,46404,48220,1816,S
15025,48224,48225,1,N
14093,46414,48225,1811,S
14098,46424,48230,1806,S
14102,46434,48235,1801,S
11000,39918,48240,8322,E
9269,36122,48240,12118,W
11004,39925,48245,8320,E
9272,36128,48245,12117,W
11006,39932,48250,8318,E
9275,36134,48250,12116,W
11010,39939,48255,8316,E
9278,36140,48255,12115,W
11014,39946,48260,8314,E
9280,36146,48260,12114,W
11016,39953,48265,8312,E
9282,36152,48265,12113,W
11020,39960,48270,8310,E
9286,36158,48270,12112,W
11023,39967,48275,8308,E
9289,36164,48275,12111,W
11027,39974,48280,8306,E
9291,36170,48280,12110,W
11030,39981,48285,8304,E
9294,36176,48285,12109,W
11034,39988,48290,8302,E
9296,36182,48290,12108,W
11037,39995,48295,8300,E
9300,36188,48295,12107,W
15033,48238,48300,62,N
14108,46444,48300,1856,S
15039,48252,48305,53,N
14112,46454,48305,1851,S
15047,48266,48310,44,N
14117,46464,48310,1846,S
15054,48280,48315,35,N
14122,46474,48315,1841,S
15062,48294,48320,26,N
14126,46484,48320,1836,S
15070,48308,48325,17,N
14131,46494,48325,1831,S
15076,48322,48330,8,N
14136,46504,48330,1826,S
14141,46514,48335,1821,S
15084,48336,48340,4,N
14145,46524,48340,1816,S
14151,46534,48345,1811,S
15091,48350,48350,0,N
14155,46544,48350,1806,S
14159,46554,48355,1801,S
11040,40002,48360,8358,E
9302,36194,48360,12166,W
11043,40009,48365,8356,E
9304,36200,48365,12165,W
11047,40016,48370,8354,E
9308,36206,48370,12164,W
11050,40023,48375,8352,E
9310,36212,48375,12163,W
11054,40030,48380,8350,E
9313,36218,48380,12162,W
11057,40037,48385,8348,E
9316,36224,48385,12161,W
11060,40044,48390,8346,E
9318,36230,48390,12160,W
11063,40051,48395,8344,E
9322,36236,48395,12159,W
11066,40058,48400,8342,E
9323,36242,48400,12158,W
11071,40065,48405,8340,E
9326,36248,48405,12157,W
11073,40072,48410,8338,E
9330,36254,48410,12156,W
11077,40079,48415,8336,E
9332,36260,48415,12155,W
15099,48364,48420,56,N
14165,46564,48420,1856,S
15106,48378,48425,47,N
14169,46574,48425,1851,S
15113,48392,48430,38,N
14174,46584,48430,1846,S
15120,48406,48435,29,N
14179,46594,48435,1841,S
15128,48420,48440,20,N
14184,46604,48440,1836,S
15136,48434,48445,11,N
14188,46614,48445,1831,S
15143,48448,48450,2,N
14193,46624,48450,1826,S
14198,46634,48455,1821,S
14202,46644,48460,1816,S
15150,48462,48465,3,N
14208,46654,48465,1811,S
14212,46664,48470,1806,S
14217,46674,48475,1801,S
11080,40086,48480,8394,E
9335,36266,48480,12214,W
11083,40093,48485,8392,E
9337,36272,48485,12213,W
11086,40100,48490,8390,E
9340,36278,48490,12212,W
11091,40107,48495,8388,E
9344,36284,48495,12211,W
11094,40114,48500,8386,E
9345,36290,48500,12210,W
11097,40121,48505,8384,E
9348,36296,48505,12209,W
11100,40128,48510,8382,E
9351,36302,48510,12208,W
11104,40135,48515,8380,E
9354,36308,48515,12207,W
11106,40142,48520,8378,E
9357,36314,48520,12206,W
11110,40149,48525,8376,E
9359,36320,48525,12205,W
11114,40156,48530,8374,E
9362,36326,48530,12204,W
11116,40163,48535,8372,E
9365,36332,48535,12203,W
15157,48476,48540,64,N
14222,46684,48540,1856,S
15165,48490,48545,55,N
14226,46694,48545,1851,S
15172,48504,48550,46,N
14231,46704,48550,1846,S
15180,48518,48555,37,N
14236,46714,48555,1841,S
15186,48532,48560,28,N
14241,46724,48560,1836,S
15194,48546,48565,19,N
14245,46734,48565,1831,S
15202,48560,48570,10,N
14251,46744,48570,1826,S
15209,48574,48575,1,N
14255,46754,48575,1821,S
14259,46764,48580,1816,S
14265,46774,48585,1811,S
15217,48588,48590,2,N
14269,46784,48590,1806,S
14274,46794,48595,1801,S
11120,40170,48600,8430,E
9367,36338,48600,12262,W
11123,40177,48605,8428,E
9370,36344,48605,12261,W
11127,40184,48610,8426,E
9373,36350,48610,12260,W
11130,40191,48615,8424,E
9376,36356,48615,12259,W
11134,40198,48620,8422,E
9378,36362,48620,12258,W
11137,40205,48625,8420,E
9381,36368,48625,12257,W
11140,40212,48630,8418,E
9384,36374,48630,12256,W
11143,40219,48635,8416,E
9387,36380,48635,12255,W
11147,40226,48640,8414,E
9389,36386,48640,12254,W
11150,40233,48645,8412,E
9391,36392,48645,12253,W
11154,40240,48650,8410,E
9395,36398,48650,12252,W
11157,40247,48655,8408,E
9398,36404,48655,12251,W
15223,48602,48660,58,N
14279,46804,48660,1856,S
15231,48616,48665,49,N
14284,46813,48665,1852,S
15238,48630,48670,40,N
14288,46822,48670,1848,S
15246,48644,48675,31,N
14293,46831,48675,1844,S
15253,48658,48680,22,N
14298,46840,48680,1840,S
15260,48672,48685,13,N
14303,46849,48685,1836,S
15268,48686,48690,4,N
14308,46858,48690,1832,S
14312,46867,48695,1828,S
15275,48700,48700,0,N
14316,46876,48700,1824,S
14322,46885,48705,1820,S
14327,46894,48710,1816,S
15283,48714,48715,1,N
14331,46903,48715,1812,S
11160,40254,48720,8466,E
9400,36410,48720,12310,W
11163,40261,48725,8464,E
9403,36416,48725,12309,W
11166,40268,48730,8462,E
9405,36422,48730,12308,W
11171,40275,48735,8460,E
9409,36428,48735,12307,W
11173,40282,48740,8458,E
9411,36434,48740,12306,W
11177,40289,48745,8456,E
9413,36440,48745,12305,W
11180,40296,48750,8454,E
9417,36446,48750,12304,W
11183,40303,48755,8452,E
9419,36452,48755,12303,W
11186,40310,48760,8450,E
9422,36458,48760,12302,W
11191,40317,48765,8448,E
9425,36464,48765,12301,W
11194,40324,48770,8446,E
9427,36470,48770,12300,W
11197,40331,48775,8444,E
9431,36476,48775,12299,W
15290,48728,48780,52,N
14336,46912,48780,1868,S
15297,48742,48785,43,N
14340,46921,48785,1864,S
15304,48756,48790,34,N
14345,46930,48790,1860,S
15312,48770,48795,25,N
14350,46939,48795,1856,S
15319,48784,48800,16,N
14355,46948,48800,1852,S
15327,48798,48805,7,N
14359,46957,48805,1848,S
14364,46966,48810,1844,S
15334,48812,48815,3,N
14369,46975,48815,1840,S
14374,46984,48820,1836,S
14379,46993,48825,1832,S
15341,48826,48830,4,N
14382,47002,48830,1828,S
14388,47011,48835,1824,S
11200,40338,48840,8502,E
9432,36482,48840,12358,W
11204,40345,48845,8500,E
9435,36488,48845,12357,W
11206,40352,48850,8498,E
9439,36494,48850,12356,W
11210,40359,48855,8496,E
9441,36500,48855,12355,W
11214,40366,48860,8494,E
9444,36506,48860,12354,W
11216,40373,48865,8492,E
9446,36512,48865,12353,W
11220,40380,48870,8490,E
9449,36518,48870,12352,W
11223,40387,48875,8488,E
9453,36524,48875,12351,W
11227,40394,48880,8486,E
9454,36530,48880,12350,W
11230,40401,48885,8484,E
9457,36536,48885,12349,W
11234,40408,48890,8482,E
9460,36542,48890,12348,W
11237,40415,48895,8480,E
9463,36548,48895,12347,W
15349,48840,48900,60,N
14393,47020,48900,1880,S
15356,48854,48905,51,N
14397,47029,48905,1876,S
15364,48868,48910,42,N
14403,47038,48910,1872,S
15370,48882,48915,33,N
14406,47047,48915,1868,S
15378,48896,48920,24,N
14411,47056,48920,1864,S
15385,48910,48925,15,N
14416,47065,48925,1860,S
15393,48924,48930,6,N
14421,47074,48930,1856,S
14426,47083,48935,1852,S
15401,48938,48940,2,N
14430,47092,48940,1848,S
14435,47101,48945,1844,S
14440,47110,48950,1840,S
15407,48952,48955,3,N
14445,47119,48955,1836,S
11240,40422,48960,8538,E
9466,36554,48960,12406,W
11243,40429,48965,8536,E
9468,36560,48965,12405,W
11247,40436,48970,8534,E
9471,36566,48970,12404,W
11250,40443,48975,8532,E
9474,36572,48975,12403,W
11254,40450,48980,8530,E
9476,36578,48980,12402,W
11257,40457,48985,8528,E
9479,36584,48985,12401,W
11260,40464,48990,8526,E
9482,36590,48990,12400,W
11263,40471,48995,8524,E
9485,36596,48995,12399,W
11266,40478,49000,8522,E
9487,36602,49000,12398,W
11271,40485,49005,8520,E
9490,36608,49005,12397,W
11273,40492,49010,8518,E
9493,36614,49010,12396,W
11277,40499,49015,8516,E
9496,36620,49015,12395,W
15415,48966,49020,54,N
14449,47128,49020,1892,S
15422,48980,49025,45,N
14454,47137,49025,1888,S
15430,48994,49030,36,N
14459,47146,49030,1884,S
15437,49008,49035,27,N
14463,47155,49035,1880,S
15444,49022,49040,18,N
14469,47164,49040,1876,S
15451,49036,49045,9,N
14473,47173,49045,1872,S
15459,49050,49050,0,N
14477,47182,49050,1868,S
14482,47191,49055,1864,S
14487,47200,49060,1860,S
15467,49064,49065,1,N
14492,47209,49065,1856,S
14497,47218,49070,1852,S
14501,47227,49075,1848,S
11280,40506,49080,8574,E
9498,36626,49080,12454,W
11283,40513,49085,8572,E
9500,36632,49085,12453,W
11286,40520,49090,8570,E
9504,36638,49090,12452,W
11291,40527,49095,8568,E
9507,36644,49095,12451,W
11294,40534,49100,8566,E
9509,36650,49100,12450,W
11297,40541,49105,8564,E
9512,36656,49105,12449,W
11300,40548,49110,8562,E
9514,36662,49110,12448,W
11304,40555,49115,8560,E
9518,36668,49115,12447,W
11306,40562,49120,8558,E
9520,36674,49120,12446,W
11310,40569,49125,8556,E
9522,36680,49125,12445,W
11314,40576,49130,8554,E
9526,36686,49130,12444,W
11316,40583,49135,8552,E
9528,36692,49135,12443,W
15474,49078,49140,62,N
14506,47236,49140,1904,S
15481,49092,49145,53,N
14511,47245,49145,1900,S
15488,49106,49150,44,N
14515,47254,49150,1896,S
15496,49120,49155,35,N
14521,47263,49155,1892,S
15503,49134,49160,26,N
14525,47272,49160,1888,S
15511,49148,49165,17,N
14529,47281,49165,1884,S
15517,49162,49170,8,N
14535,47290,49170,1880,S
14539,47299,49175,1876,S
15525,49176,49180,4,N
14544,47308,49180,1872,S
14548,47317,49185,1868,S
15533,49190,49190,0,N
14553,47326,49190,1864,S
14558,47335,49195,1860,S
11320,40590,49200,8610,E
9531,36698,49200,12502,W
11323,40597,49205,8608,E
9534,36704,49205,12501,W
11327,40604,49210,8606,E
9536,36710,49210,12500,W
11330,40611,49215,8604,E
9540,36716,49215,12499,W
11334,40618,49220,8602,E
9541,36722,49220,12498,W
11337,40625,49225,8600,E
9544,36728,49225,12497,W
11340,40632,49230,8598,E
9548,36734,49230,12496,W
11343,40639,49235,8596,E
9550,36740,49235,12495,W
11347,40646,49240,8594,E
9553,36746,49240,12494,W
11350,40653,49245,8592,E
9555,36752,49245,12493,W
11354,40660,49250,8590,E
9558,36758,49250,12492,W
11357,40667,49255,8588,E
9562,36764,49255,12491,W
15540,49204,49260,56,N
14563,47344,49260,1916,S
15548,49218,49265,47,N
14568,47353,49265,1912,S
15554,49232,49270,38,N
14572,47362,49270,1908,S
15562,49246,49275,29,N
14577,47371,49275,1904,S
15569,49260,49280,20,N
14581,47380,49280,1900,S
15577,49274,49285,11,N
14587,47389,49285,1896,S
15584,49288,49290,2,N
14592,47398,49290,1892,S
14595,47407,49295,1888,S
14601,47416,49300,1884,S
15591,49302,49305,3,N
14605,47425,49305,1880,S
14610,47434,49310,1876,S
14615,47443,49315,1872,S
11360,40674,49320,8646,E
9563,36770,49320,12550,W
11363,40681,49325,8644,E
9566,36776,49325,12549,W
11366,40688,49330,8642,E
9569,36782,49330,12548,W
11371,40695,49335,8640,E
9572,36788,49335,12547,W
11373,40702,49340,8638,E
9575,36794,49340,12546,W
11377,40709,49345,8636,E
9577,36800,49345,12545,W
11380,40716,49350,8634,E
9580,36806,49350,12544,W
11383,40723,49355,8632,E
9583,36812,49355,12543,W
11386,40730,49360,8630,E
9585,36818,49360,12542,W
11391,40737,49365,8628,E
9588,36824,49365,12541,W
11394,40744,49370,8626,E
9591,36830,49370,12540,W
11397,40751,49375,8624,E
9594,36836,49375,12539,W
15599,49316,49380,64,N
14619,47452,49380,1928,S
15606,49330,49385,55,N
14624,47461,49385,1924,S
15614,49344,49390,46,N
14629,47470,49390,1920,S
15621,49358,49395,37,N
14634,47479,49395,1916,S
15628,49372,49400,28,N
14639,47488,49400,1912,S
15635,49386,49405,19,N
14643,47497,49405,1908,S
15643,49400,49410,10,N
14647,47506,49410,1904,S
15650,49414,49415,1,N
14653,47515,49415,1900,S
14658,47524,49420,1896,S
14662,47533,49425,1892,S
15658,49428,49430,2,N
14667,47542,49430,1888,S
14671,47551,49435,1884,S
11400,40758,49440,8682,E
9596,36842,49440,12598,W
11404,40765,49445,8680,E
9599,36848,49445,12597,W
11406,40772,49450,8678,E
9602,36854,49450,12596,W
11410,40779,49455,8676,E
9605,36860,49455,12595,W
11414,40786,49460,8674,E
9607,36866,49460,12594,W
11416,40793,49465,8672,E
9609,36872,49465,12593,W
11420,40800,49470,8670,E
9613,36878,49470,12592,W
11423,40807,49475,8668,E
9616,36884,49475,12591,W
11427,40814,49480,8666,E
9618,36890,49480,12590,W
11430,40821,49485,8664,E
9621,36896,49485,12589,W
11434,40828,49490,8662,E
9623,36902,49490,12588,W
11437,40835,49495,8660,E
9627,36908,49495,12587,W
15665,49442,49500,58,N
14676,47560,49500,1940,S
15672,49456,49505,49,N
14681,47569,49505,1936,S
15680,49470,49510,40,N
14686,47578,49510,1932,S
15687,49484,49515,31,N
14690,47587,49515,1928,S
15695,49498,49520,22,N
14695,47596,49520,1924,S
15701,49512,49525,13,N
14700,47605,49525,1920,S
15709,49526,49530,4,N
14705,47614,49530,1916,S
14710,47623,49535,1912,S
15716,49540,49540,0,N
14713,47632,49540,1908,S
14719,47641,49545,1904,S
14724,47650,49550,1900,S
15724,49554,49555,1,N
14728,47659,49555,1896,S
11440,40842,49560,8718,E
9629,36914,49560,12646,W
11443,40849,49565,8716,E
9631,36920,49565,12645,W
11447,40856,49570,8714,E
9635,36926,49570,12644,W
11450,40863,49575,8712,E
9637,36932,49575,12643,W
11454,40870,49580,8710,E
9640,36938,49580,12642,W
11457,40877,49585,8708,E
9643,36944,49585,12641,W
11460,40884,49590,8706,E
9645,36950,49590,12640,W
11463,40891,49595,8704,E
9649,36956,49595,12639,W
11466,40898,49600,8702,E
9650,36962,49600,12638,W
11471,40905,49605,8700,E
9653,36968,49605,12637,W
11473,40912,49610,8698,E
9657,36974,49610,12636,W
11477,40919,49615,8696,E
9659,36980,49615,12635,W
15732,49568,49620,52,N
14734,47668,49620,1952,S
15738,49582,49625,43,N
14737,47677,49625,1948,S
15746,49596,49630,34,N
14742,47686,49630,1944,S
15753,49610,49635,25,N
14747,47695,49635,1940,S
15761,49624,49640,16,N
14752,47704,49640,1936,S
15768,49638,49645,7,N
14757,47713,49645,1932,S
14761,47722,49650,1928,S
15775,49652,49655,3,N
14766,47731,49655,1924,S
14771,47740,49660,1920,S
14776,47749,49665,1916,S
15782,49666,49670,4,N
14780,47758,49670,1912,S
14785,47767,49675,1908,S
11480,40926,49680,8754,E
9662,36986,49680,12694,W
11483,40933,49685,8752,E
9664,36992,49685,12693,W
11486,40940,49690,8750,E
9667,36998,49690,12692,W
11491,40947,49695,8748,E
9671,37004,49695,12691,W
11494,40954,49700,8746,E
9672,37010,49700,12690,W
11497,40961,49705,8744,E
9675,37016,49705,12689,W
11500,40968,49710,8742,E
9678,37022,49710,12688,W
11504,40975,49715,8740,E
9681,37028,49715,12687,W
11506,40982,49720,8738,E
9684,37034,49720,12686,W
11510,40989,49725,8736,E
9686,37040,49725,12685,W
11514,40996,49730,8734,E
9689,37046,49730,12684,W
11516,41003,49735,8732,E
9692,37052,49735,12683,W
15790,49680,49740,60,N
14790,47776,49740,1964,S
15798,49694,49745,51,N
14794,47785,49745,1960,S
15805,49708,49750,42,N
14800,47794,49750,1956,S
15812,49722,49755,33,N
14804,47803,49755,1952,S
15819,49736,49760,24,N
14808,47812,49760,1948,S
15827,49750,49765,15,N
14813,47821,49765,1944,S
15834,49764,49770,6,N
14818,47830,49770,1940,S
14823,47839,49775,1936,S
15842,49778,49780,2,N
14828,47848,49780,1932,S
14832,47857,49785,1928,S
14837,47866,49790,1924,S
15848,49792,49795,3,N
14842,47875,49795,1920,S
11520,41010,49800,8790,E
9694,37058,49800,12742,W
11523,41017,49805,8788,E
9697,37064,49805,12741,W
11527,41024,49810,8786,E
9700,37070,49810,12740,W
11530,41031,49815,8784,E
9703,37076,49815,12739,W
11534,41038,49820,8782,E
9705,37082,49820,12738,W
11537,41045,49825,8780,E
9708,37088,49825,12737,W
11540,41052,49830,8778,E
9711,37094,49830,12736,W
11543,41059,49835,8776,E
9714,37100,49835,12735,W
11547,41066,49840,8774,E
9716,37106,49840,12734,W
11550,41073,49845,8772,E
9718,37112,49845,12733,W
11554,41080,49850,8770,E
9722,37118,49850,12732,W
11557,41087,49855,8768,E
9725,37124,49855,12731,W
15856,49806,49860,54,N
14846,47884,49860,1976,S
15864,49820,49865,45,N
14852,47893,49865,1972,S
15871,49834,49870,36,N
14856,47902,49870,1968,S
15879,49848,49875,27,N
14860,47911,49875,1964,S
15885,49862,49880,18,N
14866,47920,49880,1960,S
15893,49876,49885,9,N
14870,47929,49885,1956,S
15900,49890,49890,0,N
14875,47938,49890,1952,S
14879,47947,49895,1948,S
14884,47956,49900,1944,S
15908,49904,49905,1,N
14889,47965,49905,1940,S
14894,47974,49910,1936,S
14899,47983,49915,1932,S
11560,41094,49920,8826,E
9727,37130,49920,12790,W
11563,41101,49925,8824,E
9730,37136,49925,12789,W
11566,41108,49930,8822,E
9732,37142,49930,12788,W
11571,41115,49935,8820,E
9736,37148,49935,12787,W
11573,41122,49940,8818,E
9738,37154,49940,12786,W
11577,41129,49945,8816,E
9740,37160,49945,12785,W
11580,41136,49950,8814,E
9744,37166,49950,12784,W
11583,41143,49955,8812,E
9746,37172,49955,12783,W
11586,41150,49960,8810,E
9749,37178,49960,12782,W
11591,41157,49965,8808,E
9752,37184,49965,12781,W
11594,41164,49970,8806,E
9754,37190,49970,12780,W
11597,41171,49975,8804,E
9758,37196,49975,12779,W
15915,49918,49980,62,N
14903,47992,49980,1988,S
15922,49932,49985,53,N
14908,48001,49985,1984,S
15930,49946,49990,44,N
14912,48010,49990,1980,S
15937,49960,49995,35,N
14918,48019,49995,1976,S
15945,49974,50000,26,N
14923,48028,50000,1972,S
15952,49988,50005,17,N
14926,48037,50005,1968,S
15959,50002,50010,8,N
14932,48046,50010,1964,S
14936,48055,50015,1960,S
15966,50016,50020,4,N
14941,48064,50020,1956,S
14946,48073,50025,1952,S
15974,50030,50030,0,N
14950,48082,50030,1948,S
14955,48091,50035,1944,S
11600,41178,50040,8862,E
9759,37202,50040,12838,W
11604,41185,50045,8860,E
9762,37208,50045,12837,W
11606,41192,50050,8858,E
9766,37214,50050,12836,W
11610,41199,50055,8856,E
9768,37220,50055,12835,W
11614,41206,50060,8854,E
9771,37226,50060,12834,W
11616,41213,50065,8852,E
9773,37232,50065,12833,W
11620,41220,50070,8850,E
9776,37238,50070,12832,W
11623,41227,50075,8848,E
9780,37244,50075,12831,W
11627,41234,50080,8846,E
9781,37250,50080,12830,W
11630,41241,50085,8844,E
9784,37256,50085,12829,W
11634,41248,50090,8842,E
9787,37262,50090,12828,W
11637,41255,50095,8840,E
9790,37268,50095,12827,W
15981,50044,50100,56,N
14960,48100,50100,2000,S
15989,50058,50105,47,N
14965,48109,50105,1996,S
15996,50072,50110,38,N
14970,48118,50110,1992,S
16003,50086,50115,29,N
14974,48127,50115,1988,S
16011,50100,50120,20,N
14978,48136,50120,1984,S
16018,50114,50125,11,N
14984,48145,50125,1980,S
16026,50128,50130,2,N
14989,48154,50130,1976,S
14993,48163,50135,1972,S
14998,48172,50140,1968,S
16032,50142,50145,3,N
15002,48181,50145,1964,S
15007,48190,50150,1960,S
15012,48199,50155,1956,S
11640,41262,50160,8898,E
9793,37274,50160,12886,W
11643,41269,50165,8896,E
9795,37280,50165,12885,W
11647,41276,50170,8894,E
9798,37286,50170,12884,W
11650,41283,50175,8892,E
9801,37292,50175,12883,W
11654,41290,50180,8890,E
9803,37298,50180,12882,W
11657,41297,50185,8888,E
9806,37304,50185,12881,W
11660,41304,50190,8886,E
9809,37310,50190,12880,W
11663,41311,50195,8884,E
9812,37316,50195,12879,W
11666,41318,50200,8882,E
9814,37322,50200,12878,W
11671,41325,50205,8880,E
9817,37328,50205,12877,W
11673,41332,50210,8878,E
9820,37334,50210,12876,W
11677,41339,50215,8876,E
9823,37340,50215,12875,W
16040,50156,50220,64,N
15017,48208,50220,2012,S
16047,50170,50225,55,N
15021,48217,50225,2008,S
16055,50184,50230,46,N
15026,48226,50230,2004,S
16063,50198,50235,37,N
15031,48235,50235,2000,S
16069,50212,50240,28,N
15036,48244,50240,1996,S
16077,50226,50245,19,N
15041,48253,50245,1992,S
16084,50240,50250,10,N
15044,48262,50250,1988,S
16092,50254,50255,1,N
15050,48271,50255,1984,S
15055,48280,50260,1980,S
15059,48289,50265,1976,S
16099,50268,50270,2,N
15065,48298,50270,1972,S
15068,48307,50275,1968,S
11680,41346,50280,8934,E
9825,37346,50280,12934,W
11683,41353,50285,8932,E
9827,37352,50285,12933,W
11686,41360,50290,8930,E
9831,37358,50290,12932,W
11691,41367,50295,8928,E
9834,37364,50295,12931,W
11694,41374,50300,8926,E
9836,37370,50300,12930,W
11697,41381,50305,8924,E
9839,37376,50305,12929,W
11700,41388,50310,8922,E
9841,37382,50310,12928,W
11704,41395,50315,8920,E
9845,37388,50315,12927,W
11706,41402,50320,8918,E
9847,37394,50320,12926,W
11710,41409,50325,8916,E
9849,37400,50325,12925,W
11714,41416,50330,8914,E
9853,37406,50330,12924,W
11716,41423,50335,8912,E
9855,37412,50335,12923,W
16106,50282,50340,58,N
15073,48316,50340,2024,S
16113,50296,50345,49,N
15078,48325,50345,2020,S
16121,50310,50350,40,N
15083,48334,50350,2016,S
16129,50324,50355,31,N
15088,48343,50355,2012,S
16136,50338,50360,22,N
15092,48352,50360,2008,S
16143,50352,50365,13,N
15097,48361,50365,2004,S
16150,50366,50370,4,N
15102,48370,50370,2000,S
15107,48379,50375,1996,S
16158,50380,50380,0,N
15111,48388,50380,1992,S
15116,48397,50385,1988,S
15121,48406,50390,1984,S
16165,50394,50395,1,N
15125,48415,50395,1980,S
11720,41430,50400,8970,E
9858,37418,50400,12982,W
11723,41437,50405,8968,E
9861,37424,50405,12981,W
11727,41444,50410,8966,E
9863,37430,50410,12980,W
11730,41451,50415,8964,E
9867,37436,50415,12979,W
11734,41458,50420,8962,E
9868,37442,50420,12978,W
11737,41465,50425,8960,E
9871,37448,50425,12977,W
11740,41472,50430,8958,E
9875,37454,50430,12976,W
11743,41479,50435,8956,E
9877,37460,50435,12975,W
11747,41486,50440,8954,E
9880,37466,50440,12974,W
11750,41493,50445,8952,E
9882,37472,50445,12973,W
11754,41500,50450,8950,E
9885,37478,50450,12972,W
11757,41507,50455,8948,E
9889,37484,50455,12971,W
16173,50408,50460,52,N
15131,48424,50460,2036,S
16180,50421,50465,44,N
15135,48433,50465,2032,S
16187,50434,50470,36,N
15139,48442,50470,2028,S
16195,50447,50475,28,N
15144,48451,50475,2024,S
16202,50460,50480,20,N
15149,48460,50480,2020,S
16210,50473,50485,12,N
15154,48469,50485,2016,S
16217,50486,50490,4,N
15159,48478,50490,2012,S
15163,48487,50495,2008,S
16224,50499,50500,1,N
15168,48496,50500,2004,S
15173,48505,50505,2000,S
15177,48514,50510,1996,S
16231,50512,50515,3,N
15183,48523,50515,1992,S
11760,41514,50520,9006,E
9890,37490,50520,13030,W
11763,41521,50525,9004,E
9893,37496,50525,13029,W
11766,41528,50530,9002,E
9896,37502,50530,13028,W
11771,41535,50535,9000,E
9899,37508,50535,13027,W
11773,41542,50540,8998,E
9902,37514,50540,13026,W
11777,41549,50545,8996,E
9904,37520,50545,13025,W
11780,41556,50550,8994,E
9907,37526,50550,13024,W
11783,41563,50555,8992,E
9910,37532,50555,13023,W
11786,41570,50560,8990,E
9912,37538,50560,13022,W
11791,41577,50565,8988,E
9915,37544,50565,13021,W
11794,41584,50570,8986,E
9918,37550,50570,13020,W
11797,41591,50575,8984,E
9921,37556,50575,13019,W
16240,50525,50580,55,N
15187,48532,50580,2048,S
16247,50538,50585,47,N
15191,48541,50585,2044,S
16254,50551,50590,39,N
15197,48550,50590,2040,S
16261,50564,50595,31,N
15201,48559,50595,2036,S
16268,50577,50600,23,N
15206,48568,50600,2032,S
16276,50590,50605,15,N
15210,48577,50605,2028,S
16284,50603,50610,7,N
15215,48586,50610,2024,S
15220,48595,50615,2020,S
16291,50616,50620,4,N
15225,48604,50620,2016,S
15230,48613,50625,2012,S
16299,50629,50630,1,N
15234,48622,50630,2008,S
15239,48631,50635,2004,S
11800,41598,50640,9042,E
9923,37562,50640,13078,W
11804,41605,50645,9040,E
9926,37568,50645,13077,W
11806,41612,50650,9038,E
9929,37574,50650,13076,W
11810,41619,50655,9036,E
9932,37580,50655,13075,W
11814,41626,50660,9034,E
9934,37586,50660,13074,W
11816,41633,50665,9032,E
9936,37592,50665,13073,W
11820,41640,50670,9030,E
9940,37598,50670,13072,W
11823,41647,50675,9028,E
9943,37604,50675,13071,W
11827,41654,50680,9026,E
9945,37610,50680,13070,W
11830,41661,50685,9024,E
9948,37616,50685,13069,W
11834,41668,50690,9022,E
9950,37622,50690,13068,W
11837,41675,50695,9020,E
9954,37628,50695,13067,W
16305,50642,50700,58,N
15243,48640,50700,2060,S
16313,50655,50705,50,N
15249,48649,50705,2056,S
16320,50668,50710,42,N
15254,48658,50710,2052,S
16328,50681,50715,34,N
15257,48667,50715,2048,S
16336,50694,50720,26,N
15263,48676,50720,2044,S
16342,50707,50725,18,N
15267,48685,50725,2040,S
16350,50720,50730,10,N
15272,48694,50730,2036,S
16358,50733,50735,2,N
15277,48703,50735,2032,S
15281,48712,50740,2028,S
15286,48721,50745,2024,S
16364,50746,50750,4,N
15291,48730,50750,2020,S
15296,48739,50755,2016,S
11840,41682,50760,9078,E
9956,37634,50760,13126,W
11843,41689,50765,9076,E
9958,37640,50765,13125,W
11847,41696,50770,9074,E
9962,37646,50770,13124,W
11850,41703,50775,9072,E
9964,37652,50775,13123,W
11854,41710,50780,9070,E
9967,37658,50780,13122,W
11857,41717,50785,9068,E
9970,37664,50785,13121,W
11860,41724,50790,9066,E
9972,37670,50790,13120,W
11863,41731,50795,9064,E
9976,37676,50795,13119,W
11866,41738,50800,9062,E
9977,37682,50800,13118,W
11871,41745,50805,9060,E
9980,37688,50805,13117,W
11873,41752,50810,9058,E
9984,37694,50810,13116,W
11877,41759,50815,9056,E
9986,37700,50815,13115,W
16373,50759,50820,61,N
15301,48748,50820,2072,S
16379,50772,50825,53,N
15305,48757,50825,2068,S
16387,50785,50830,45,N
15309,48766,50830,2064,S
16395,50798,50835,37,N
15315,48775,50835,2060,S
16401,50811,50840,29,N
15320,48784,50840,2056,S
16409,50824,50845,21,N
15324,48793,50845,2052,S
16417,50837,50850,13,N
15329,48802,50850,2048,S
16424,50850,50855,5,N
15333,48811,50855,2044,S
15338,48820,50860,2040,S
16432,50863,50865,2,N
15343,48829,50865,2036,S
15348,48838,50870,2032,S
15352,48847,50875,2028,S
11880,41766,50880,9114,E
9989,37706,50880,13174,W
11883,41773,50885,9112,E
9991,37712,50885,13173,W
11886,41780,50890,9110,E
9994,37718,50890,13172,W
11891,41787,50895,9108,E
9998,37724,50895,13171,W
11894,41794,50900,9106,E
9999,37730,50900,13170,W
11897,41801,50905,9104,E
10002,37736,50905,13169,W
11900,41808,50910,9102,E
10005,37742,50910,13168,W
11904,41815,50915,9100,E
10008,37748,50915,13167,W
11906,41822,50920,9098,E
10011,37754,50920,13166,W
11910,41829,50925,9096,E
10013,37760,50925,13165,W
11914,41836,50930,9094,E
10016,37766,50930,13164,W
11916,41843,50935,9092,E
10019,37772,50935,13163,W
16438,50876,50940,64,N
15357,48856,50940,2084,S
16446,50889,50945,56,N
15362,48865,50945,2080,S
16453,50902,50950,48,N
15367,48874,50950,2076,S
16461,50915,50955,40,N
15372,48883,50955,2072,S
16469,50928,50960,32,N
15375,48892,50960,2068,S
16476,50941,50965,24,N
15381,48901,50965,2064,S
16483,50954,50970,16,N
15386,48910,50970,2060,S
16490,50967,50975,8,N
15390,48919,50975,2056,S
16497,50980,50980,0,N
15396,48928,50980,2052,S
15399,48937,50985,2048,S
15404,48946,50990,2044,S
16506,50993,50995,2,N
15409,48955,50995,2040,S
11920,41850,51000,9150,E
10021,37778,51000,13222,W
11923,41857,51005,9148,E
10024,37784,51005,13221,W
11927,41864,51010,9146,E
10027,37790,51010,13220,W
11930,41871,51015,9144,E
10030,37796,51015,13219,W
11934,41878,51020,9142,E
10032,37802,51020,13218,W
11937,41885,51025,9140,E
10035,37808,51025,13217,W
11940,41892,51030,9138,E
10038,37814,51030,13216,W
11943,41899,51035,9136,E
10041,37820,51035,13215,W
11947,41906,51040,9134,E
10043,37826,51040,13214,W
11950,41913,51045,9132,E
10045,37832,51045,13213,W
11954,41920,51050,9130,E
10049,37838,51050,13212,W
11957,41927,51055,9128,E
10052,37844,51055,13211,W
16513,51006,51060,54,N
15414,48964,51060,2096,S
16520,51019,51065,46,N
15419,48973,51065,2092,S
16527,51032,51070,38,N
15423,48982,51070,2088,S
16535,51045,51075,30,N
15428,48991,51075,2084,S
16542,51058,51080,22,N
15433,49000,51080,2080,S
16550,51071,51085,14,N
15438,49009,51085,2076,S
16557,51084,51090,6,N
15442,49018,51090,2072,S
15447,49027,51095,2068,S
16564,51097,51100,3,N
15452,49036,51100,2064,S
15456,49045,51105,2060,S
16572,51110,51110,0,N
15462,49054,51110,2056,S
15466,49063,51115,2052,S
11960,41934,51120,9186,E
10054,37850,51120,13270,W
11963,41941,51125,9184,E
10057,37856,51125,13269,W
11966,41948,51130,9182,E
10059,37862,51130,13268,W
11971,41955,51135,9180,E
10063,37868,51135,13267,W
11973,41962,51140,9178,E
10065,37874,51140,13266,W
11977,41969,51145,9176,E
10067,37880,51145,13265,W
11980,41976,51150,9174,E
10071,37886,51150,13264,W
11983,41983,51155,9172,E
10073,37892,51155,13263,W
11986,41990,51160,9170,E
10076,37898,51160,13262,W
11991,41997,51165,9168,E
10079,37904,51165,13261,W
11994,42004,51170,9166,E
10081,37910,51170,13260,W
11997,42011,51175,9164,E
10085,37916,51175,13259,W
16579,51123,51180,57,N
15470,49072,51180,2108,S
16586,51136,51185,49,N
15475,49081,51185,2104,S
16595,51149,51190,41,N
15480,49090,51190,2100,S
16601,51162,51195,33,N
15485,49099,51195,2096,S
16609,51175,51200,25,N
15490,49108,51200,2092,S
16616,51188,51205,17,N
15494,49117,51205,2088,S
16623,51201,51210,9,N
15499,49126,51210,2084,S
16631,51214,51215,1,N
15504,49135,51215,2080,S
15508,49144,51220,2076,S
15514,49153,51225,2072,S
16638,51227,51230,3,N
15518,49162,51230,2068,S
15522,49171,51235,2064,S
12000,42018,51240,9222,E
10086,37922,51240,13318,W
12004,42025,51245,9220,E
10089,37928,51245,13317,W
12006,42032,51250,9218,E
10093,37934,51250,13316,W
12010,42039,51255,9216,E
10095,37940,51255,13315,W
12014,42046,51260,9214,E
10098,37946,51260,13314,W
12016,42053,51265,9212,E
10100,37952,51265,13313,W
12020,42060,51270,9210,E
10103,37958,51270,13312,W
12023,42067,51275,9208,E
10107,37964,51275,13311,W
12027,42074,51280,9206,E
10108,37970,51280,13310,W
12030,42081,51285,9204,E
10111,37976,51285,13309,W
12034,42088,51290,9202,E
10114,37982,51290,13308,W
12037,42095,51295,9200,E
10117,37988,51295,13307,W
16646,51240,51300,60,N
15528,49180,51300,2120,S
16654,51253,51305,52,N
15532,49189,51305,2116,S
16660,51266,51310,44,N
15537,49198,51310,2112,S
16668,51279,51315,36,N
15541,49207,51315,2108,S
16674,51292,51320,28,N
15546,49216,51320,2104,S
16683,51305,51325,20,N
15551,49225,51325,2100,S
16691,51318,51330,12,N
15556,49234,51330,2096,S
16697,51331,51335,4,N
15561,49243,51335,2092,S
15565,49252,51340,2088,S
16705,51344,51345,1,N
15570,49261,51345,2084,S
15574,49270,51350,2080,S
15580,49279,51355,2076,S
12040,42102,51360,9258,E
10120,37994,51360,13366,W
12043,42109,51365,9256,E
10122,38000,51365,13365,W
12047,42116,51370,9254,E
10125,38006,51370,13364,W
12050,42123,51375,9252,E
10128,38012,51375,13363,W
12054,42130,51380,9250,E
10130,38018,51380,13362,W
12057,42137,51385,9248,E
10133,38024,51385,13361,W
12060,42144,51390,9246,E
10136,38030,51390,13360,W
12063,42151,51395,9244,E
10139,38036,51395,13359,W
12066,42158,51400,9242,E
10141,38042,51400,13358,W
12071,42165,51405,9240,E
10144,38048,51405,13357,W
12073,42172,51410,9238,E
10147,38054,51410,13356,W
12077,42179,51415,9236,E
10150,38060,51415,13355,W
16712,51357,51420,63,N
15585,49288,51420,2132,S
16719,51370,51425,55,N
15588,49297,51425,2128,S
16728,51383,51430,47,N
15594,49306,51430,2124,S
16734,51396,51435,39,N
15598,49315,51435,2120,S
16742,51409,51440,31,N
15603,49324,51440,2116,S
16749,51422,51445,23,N
15608,49333,51445,2112,S
16756,51435,51450,15,N
15612,49342,51450,2108,S
16764,51448,51455,7,N
15617,49351,51455,2104,S
15622,49360,51460,2100,S
16772,51461,51465,4,N
15627,49369,51465,2096,S
15632,49378,51470,2092,S
16779,51474,51475,1,N
15636,49387,51475,2088,S
12080,42186,51480,9294,E
10152,38066,51480,13414,W
12083,42193,51485,9292,E
10154,38072,51485,13413,W
12086,42200,51490,9290,E
10158,38078,51490,13412,W
12091,42207,51495,9288,E
10161,38084,51495,13411,W
12094,42214,51500,9286,E
10163,38090,51500,13410,W
12097,42221,51505,9284,E
10166,38096,51505,13409,W
12100,42228,51510,9282,E
10168,38102,51510,13408,W
12104,42235,51515,9280,E
10172,38108,51515,13407,W
12106,42242,51520,9278,E
10174,38114,51520,13406,W
12110,42249,51525,9276,E
10176,38120,51525,13405,W
12114,42256,51530,9274,E
10180,38126,51530,13404,W
12116,42263,51535,9272,E
10182,38132,51535,13403,W
16786,51487,51540,53,N
15640,49396,51540,2144,S
16793,51500,51545,45,N
15646,49405,51545,2140,S
16801,51513,51550,37,N
15651,49414,51550,2136,S
16808,51526,51555,29,N
15655,49423,51555,2132,S
16816,51539,51560,21,N
15660,49432,51560,2128,S
16823,51552,51565,13,N
15664,49441,51565,2124,S
16831,51565,51570,5,N
15669,49450,51570,2120,S
15674,49459,51575,2116,S
16838,51578,51580,2,N
15679,49468,51580,2112,S
15683,49477,51585,2108,S
15688,49486,51590,2104,S
16845,51591,51595,4,N
15693,49495,51595,2100,S
12120,42270,51600,9330,E
10185,38138,51600,13462,W
12123,42277,51605,9328,E
10188,38144,51605,13461,W
12127,42284,51610,9326,E
10190,38150,51610,13460,W
12130,42291,51615,9324,E
10194,38156,51615,13459,W
12134,42298,51620,9322,E
10195,38162,51620,13458,W
12137,42305,51625,9320,E
10198,38168,51625,13457,W
12140,42312,51630,9318,E
10202,38174,51630,13456,W
12143,42319,51635,9316,E
10204,38180,51635,13455,W
12147,42326,51640,9314,E
10207,38186,51640,13454,W
12150,42333,51645,9312,E
10209,38192,51645,13453,W
12154,42340,51650,9310,E
10212,38198,51650,13452,W
12157,42347,51655,9308,E
10216,38204,51655,13451,W
16852,51604,51660,56,N
15698,49504,51660,2156,S
16860,51617,51665,48,N
15703,49513,51665,2152,S
16868,51630,51670,40,N
15706,49522,51670,2148,S
16875,51643,51675,32,N
15712,49531,51675,2144,S
16882,51656,51680,24,N
15717,49540,51680,2140,S
16890,51669,51685,16,N
15721,49549,51685,2136,S
16896,51682,51690,8,N
15727,49558,51690,2132,S
16905,51695,51695,0,N
15730,49567,51695,2128,S
15735,49576,51700,2124,S
15740,49585,51705,2120,S
16912,51708,51710,2,N
15745,49594,51710,2116,S
15750,49603,51715,2112,S
12160,42354,51720,9366,E
10217,38210,51720,13510,W
12163,42361,51725,9364,E
10220,38216,51725,13509,W
12166,42368,51730,9362,E
10223,38222,51730,13508,W
12171,42375,51735,9360,E
10226,38228,51735,13507,W
12173,42382,51740,9358,E
10229,38234,51740,13506,W
12177,42389,51745,9356,E
10231,38240,51745,13505,W
12180,42396,51750,9354,E
10234,38246,51750,13504,W
12183,42403,51755,9352,E
10237,38252,51755,13503,W
12186,42410,51760,9350,E
10239,38258,51760,13502,W
12191,42417,51765,9348,E
10242,38264,51765,13501,W
12194,42424,51770,9346,E
10245,38270,51770,13500,W
12197,42431,51775,9344,E
10248,38276,51775,13499,W
16919,51721,51780,59,N
15754,49612,51780,2168,S
16927,51734,51785,51,N
15759,49621,51785,2164,S
16933,51747,51790,43,N
15764,49630,51790,2160,S
16941,51760,51795,35,N
15769,49639,51795,2156,S
16950,51773,51800,27,N
15773,49648,51800,2152,S
16956,51786,51805,19,N
15778,49657,51805,2148,S
16964,51799,51810,11,N
15783,49666,51810,2144,S
16970,51812,51815,3,N
15787,49675,51815,2140,S
15793,49684,51820,2136,S
16978,51825,51825,0,N
15797,49693,51825,2132,S
15801,49702,51830,2128,S
15806,49711,51835,2124,S
12200,42438,51840,9402,E
10250,38282,51840,13558,W
12204,42445,51845,9400,E
10253,38288,51845,13557,W
12206,42452,51850,9398,E
10256,38294,51850,13556,W
12210,42459,51855,9396,E
10259,38300,51855,13555,W
12214,42466,51860,9394,E
10261,38306,51860,13554,W
12216,42473,51865,9392,E
10263,38312,51865,13553,W
12220,42480,51870,9390,E
10267,38318,51870,13552,W
12223,42487,51875,9388,E
10270,38324,51875,13551,W
12227,42494,51880,9386,E
10272,38330,51880,13550,W
12230,42501,51885,9384,E
10275,38336,51885,13549,W
12234,42508,51890,9382,E
10277,38342,51890,13548,W
12237,42515,51895,9380,E
10281,38348,51895,13547,W
16986,51838,51900,62,N
15811,49720,51900,2180,S
16993,51851,51905,54,N
15816,49729,51905,2176,S
17001,51864,51910,46,N
15821,49738,51910,2172,S
17008,51877,51915,38,N
15825,49747,51915,2168,S
17015,51890,51920,30,N
15830,49756,51920,2164,S
17023,51903,51925,22,N
15835,49765,51925,2160,S
17029,51916,51930,14,N
15839,49774,51930,2156,S
17038,51929,51935,6,N
15845,49783,51935,2152,S
15849,49792,51940,2148,S
17045,51942,51945,3,N
15853,49801,51945,2144,S
15859,49810,51950,2140,S
17052,51955,51955,0,N
15863,49819,51955,2136,S
12240,42522,51960,9438,E
10283,38354,51960,13606,W
12243,42529,51965,9436,E
10285,38360,51965,13605,W
12247,42536,51970,9434,E
10289,38366,51970,13604,W
12250,42543,51975,9432,E
10291,38372,51975,13603,W
12254,42550,51980,9430,E
10294,38378,51980,13602,W
12257,42557,51985,9428,E
10297,38384,51985,13601,W
12260,42564,51990,9426,E
10299,38390,51990,13600,W
12263,42571,51995,9424,E
10303,38396,51995,13599,W
12266,42578,52000,9422,E
10304,38402,52000,13598,W
12271,42585,52005,9420,E
10307,38408,52005,13597,W
12273,42592,52010,9418,E
10311,38414,52010,13596,W
12277,42599,52015,9416,E
10313,38420,52015,13595,W
17060,51968,52020,52,N
15868,49828,52020,2192,S
17067,51981,52025,44,N
15872,49837,52025,2188,S
17074,51994,52030,36,N
15877,49846,52030,2184,S
17082,52007,52035,28,N
15882,49855,52035,2180,S
17089,52020,52040,20,N
15887,49864,52040,2176,S
17097,52033,52045,12,N
15892,49873,52045,2172,S
17104,52046,52050,4,N
15896,49882,52050,2168,S
15901,49891,52055,2164,S
17111,52059,52060,1,N
15905,49900,52060,2160,S
15911,49909,52065,2156,S
15916,49918,52070,2152,S
17118,52072,52075,3,N
15919,49927,52075,2148,S
12280,42606,52080,9474,E
10316,38426,52080,13654,W
12283,42613,52085,9472,E
10318,38432,52085,13653,W
12286,42620,52090,9470,E
10321,38438,52090,13652,W
12291,42627,52095,9468,E
10325,38444,52095,13651,W
12294,42634,52100,9466,E
10326,38450,52100,13650,W
12297,42641,52105,9464,E
10329,38456,52105,13649,W
12300,42648,52110,9462,E
10332,38462,52110,13648,W
12304,42655,52115,9460,E
10335,38468,52115,13647,W
12306,42662,52120,9458,E
10338,38474,52120,13646,W
12310,42669,52125,9456,E
10340,38480,52125,13645,W
12314,42676,52130,9454,E
10343,38486,52130,13644,W
12316,42683,52135,9452,E
10346,38492,52135,13643,W
17127,52085,52140,55,N
15925,49936,52140,2204,S
17134,52098,52145,47,N
15929,49945,52145,2200,S
17141,52111,52150,39,N
15934,49954,52150,2196,S
17148,52124,52155,31,N
15939,49963,52155,2192,S
17155,52137,52160,23,N
15943,49972,52160,2188,S
17163,52150,52165,15,N
15948,49981,52165,2184,S
17171,52163,52170,7,N
15953,49990,52170,2180,S
15958,49999,52175,2176,S
17178,52176,52180,4,N
15963,50008,52180,2172,S
15967,50017,52185,2168,S
17186,52189,52190,1,N
15971,50026,52190,2164,S
15977,50035,52195,2160,S
12320,42690,52200,9510,E
10348,38498,52200,13702,W
12323,42697,52205,9508,E
10351,38504,52205,13701,W
12327,42704,52210,9506,E
10354,38510,52210,13700,W
12330,42711,52215,9504,E
10357,38516,52215,13699,W
12334,42718,52220,9502,E
10359,38522,52220,13698,W
12337,42725,52225,9500,E
10362,38528,52225,13697,W
12340,42732,52230,9498,E
10365,38534,52230,13696,W
12343,42739,52235,9496,E
10368,38540,52235,13695,W
12347,42746,52240,9494,E
10370,38546,52240,13694,W
12350,42753,52245,9492,E
10372,38552,52245,13693,W
12354,42760,52250,9490,E
10376,38558,52250,13692,W
12357,42767,52255,9488,E
10379,38564,52255,13691,W
17192,52202,52260,58,N
15982,50044,52260,2216,S
17200,52215,52265,50,N
15986,50053,52265,2212,S
17207,52228,52270,42,N
15991,50062,52270,2208,S
17215,52241,52275,34,N
15995,50071,52275,2204,S
17223,52254,52280,26,N
16000,50080,52280,2200,S
17229,52267,52285,18,N
16005,50089,52285,2196,S
17237,52280,52290,10,N
16010,50098,52290,2192,S
17245,52293,52295,2,N
16014,50107,52295,2188,S
16019,50116,52300,2184,S
16024,50125,52305,2180,S
17251,52306,52310,4,N
16029,50134,52310,2176,S
16034,50143,52315,2172,S
12360,42774,52320,9546,E
10381,38570,52320,13750,W
12363,42781,52325,9544,E
10384,38576,52325,13749,W
12366,42788,52330,9542,E
10386,38582,52330,13748,W
12371,42795,52335,9540,E
10390,38588,52335,13747,W
12373,42802,52340,9538,E
10392,38594,52340,13746,W
12377,42809,52345,9536,E
10394,38600,52345,13745,W
12380,42816,52350,9534,E
10398,38606,52350,13744,W
12383,42823,52355,9532,E
10400,38612,52355,13743,W
12386,42830,52360,9530,E
10403,38618,52360,13742,W
12391,42837,52365,9528,E
10406,38624,52365,13741,W
12394,42844,52370,9526,E
10408,38630,52370,13740,W
12397,42851,52375,9524,E
10412,38636,52375,13739,W
17260,52319,52380,61,N
16037,50152,52380,2228,S
17266,52332,52385,53,N
16043,50161,52385,2224,S
17274,52345,52390,45,N
16048,50170,52390,2220,S
17282,52358,52395,37,N
16052,50179,52395,2216,S
17288,52371,52400,29,N
16058,50188,52400,2212,S
17296,52384,52405,21,N
16061,50197,52405,2208,S
17304,52397,52410,13,N
16066,50206,52410,2204,S
17311,52410,52415,5,N
16071,50215,52415,2200,S
16076,50224,52420,2196,S
17319,52423,52425,2,N
16081,50233,52425,2192,S
16085,50242,52430,2188,S
16090,50251,52435,2184,S
12400,42858,52440,9582,E
10413,38642,52440,13798,W
12404,42865,52445,9580,E
10416,38648,52445,13797,W
12406,42872,52450,9578,E
10420,38654,52450,13796,W
12410,42879,52455,9576,E
10422,38660,52455,13795,W
12414,42886,52460,9574,E
10425,38666,52460,13794,W
12416,42893,52465,9572,E
10427,38672,52465,13793,W
12420,42900,52470,9570,E
10430,38678,52470,13792,W
12423,42907,52475,9568,E
10434,38684,52475,13791,W
12427,42914,52480,9566,E
10435,38690,52480,13790,W
12430,42921,52485,9564,E
10438,38696,52485,13789,W
12434,42928,52490,9562,E
10441,38702,52490,13788,W
12437,42935,52495,9560,E
10444,38708,52495,13787,W
17325,52436,52500,64,N
16095,50260,52500,2240,S
17333,52449,52505,56,N
16100,50269,52505,2236,S
17340,52462,52510,48,N
16104,50278,52510,2232,S
17348,52475,52515,40,N
16109,50287,52515,2228,S
17356,52488,52520,32,N
16114,50296,52520,2224,S
17363,52501,52525,24,N
16118,50305,52525,2220,S
17370,52514,52530,16,N
16124,50314,52530,2216,S
17377,52527,52535,8,N
16128,50323,52535,2212,S
17384,52540,52540,0,N
16132,50332,52540,2208,S
16137,50341,52545,2204,S
16142,50350,52550,2200,S
17393,52553,52555,2,N
16147,50359,52555,2196,S
12440,42942,52560,9618,E
10447,38714,52560,13846,W
12443,42949,52565,9616,E
10449,38720,52565,13845,W
12447,42956,52570,9614,E
10452,38726,52570,13844,W
12450,42963,52575,9612,E
10455,38732,52575,13843,W
12454,42970,52580,9610,E
10457,38738,52580,13842,W
12457,42977,52585,9608,E
10460,38744,52585,13841,W
12460,42984,52590,9606,E
10463,38750,52590,13840,W
12463,42991,52595,9604,E
10466,38756,52595,13839,W
12466,42998,52600,9602,E
10468,38762,52600,13838,W
12471,43005,52605,9600,E
10471,38768,52605,13837,W
12473,43012,52610,9598,E
10474,38774,52610,13836,W
12477,43019,52615,9596,E
10477,38780,52615,13835,W
17400,52566,52620,54,N
16152,50368,52620,2252,S
17407,52579,52625,46,N
16156,50377,52625,2248,S
17414,52592,52630,38,N
16161,50386,52630,2244,S
17422,52605,52635,30,N
16166,50395,52635,2240,S
17429,52618,52640,22,N
16170,50404,52640,2236,S
17437,52631,52645,14,N
16175,50412,52645,2233,S
17444,52644,52650,6,N
16179,50420,52650,2230,S
16184,50428,52655,2227,S
17451,52657,52660,3,N
16189,50436,52660,2224,S
16193,50444,52665,2221,S
17459,52670,52670,0,N
16197,50452,52670,2218,S
16203,50460,52675,2215,S
12480,43026,52680,9654,E
10479,38786,52680,13894,W
12483,43033,52685,9652,E
10481,38792,52685,13893,W
12486,43040,52690,9650,E
10485,38798,52690,13892,W
12491,43047,52695,9648,E
10488,38804,52695,13891,W
12494,43054,52700,9646,E
10490,38810,52700,13890,W
12497,43061,52705,9644,E
10493,38816,52705,13889,W
12500,43068,52710,9642,E
10495,38822,52710,13888,W
12504,43075,52715,9640,E
10499,38828,52715,13887,W
12506,43082,52720,9638,E
10501,38834,52720,13886,W
12510,43089,52725,9636,E
10503,38840,52725,13885,W
12514,43096,52730,9634,E
10507,38846,52730,13884,W
12516,43103,52735,9632,E
10509,38852,52735,13883,W
17466,52683,52740,57,N
16207,50468,52740,2272,S
17473,52696,52745,49,N
16211,50476,52745,2269,S
17482,52709,52750,41,N
16216,50484,52750,2266,S
17488,52722,52755,33,N
16220,50492,52755,2263,S
17496,52735,52760,25,N
16225,50500,52760,2260,S
17503,52748,52765,17,N
16230,50508,52765,2257,S
17510,52761,52770,9,N
16234,50516,52770,2254,S
17518,52774,52775,1,N
16238,50524,52775,2251,S
16243,50532,52780,2248,S
16248,50540,52785,2245,S
17525,52787,52790,3,N
16252,50548,52790,2242,S
16257,50556,52795,2239,S
12520,43110,52800,9690,E
10512,38858,52800,13942,W
12523,43117,52805,9688,E
10515,38864,52805,13941,W
12527,43124,52810,9686,E
10517,38870,52810,13940,W
12530,43131,52815,9684,E
10521,38876,52815,13939,W
12534,43138,52820,9682,E
10522,38882,52820,13938,W
12537,43145,52825,9680,E
10525,38888,52825,13937,W
12540,43152,52830,9678,E
10529,38894,52830,13936,W
12543,43159,52835,9676,E
10531,38900,52835,13935,W
12547,43166,52840,9674,E
10534,38906,52840,13934,W
12550,43173,52845,9672,E
10536,38912,52845,13933,W
12554,43180,52850,9670,E
10539,38918,52850,13932,W
12557,43187,52855,9668,E
10543,38924,52855,13931,W
17533,52800,52860,60,N
16262,50564,52860,2296,S
17541,52813,52865,52,N
16265,50572,52865,2293,S
17547,52826,52870,44,N
16271,50580,52870,2290,S
17555,52839,52875,36,N
16275,50588,52875,2287,S
17561,52852,52880,28,N
16279,50596,52880,2284,S
17570,52865,52885,20,N
16285,50604,52885,2281,S
17578,52878,52890,12,N
16288,50612,52890,2278,S
17584,52891,52895,4,N
16293,50620,52895,2275,S
16298,50628,52900,2272,S
17592,52904,52905,1,N
16302,50636,52905,2269,S
16307,50644,52910,2266,S
16311,50652,52915,2263,S
12560,43194,52920,9726,E
10544,38930,52920,13990,W
12563,43201,52925,9724,E
10547,38936,52925,13989,W
12566,43208,52930,9722,E
10550,38942,52930,13988,W
12571,43215,52935,9720,E
10553,38948,52935,13987,W
12573,43222,52940,9718,E
10556,38954,52940,13986,W
12577,43229,52945,9716,E
10558,38960,52945,13985,W
12580,43236,52950,9714,E
10561,38966,52950,13984,W
12583,43243,52955,9712,E
10564,38972,52955,13983,W
12586,43250,52960,9710,E
10566,38978,52960,13982,W
12591,43257,52965,9708,E
10569,38984,52965,13981,W
12594,43264,52970,9706,E
10572,38990,52970,13980,W
12597,43271,52975,9704,E
10575,38996,52975,13979,W
17599,52917,52980,63,N
16316,50660,52980,2320,S
17606,52930,52985,55,N
16321,50668,52985,2317,S
17615,52943,52990,47,N
16325,50676,52990,2314,S
17621,52956,52995,39,N
16330,50684,52995,2311,S
17629,52969,53000,31,N
16333,50692,53000,2308,S
17636,52982,53005,23,N
16339,50700,53005,2305,S
17643,52995,53010,15,N
16344,50708,53010,2302,S
17651,53008,53015,7,N
16347,50716,53015,2299,S
16353,50724,53020,2296,S
17659,53021,53025,4,N
16356,50732,53025,2293,S
16361,50740,53030,2290,S
17666,53034,53035,1,N
16367,50748,53035,2287,S
12600,43278,53040,9762,E
10577,39002,53040,14038,W
12604,43285,53045,9760,E
10580,39008,53045,14037,W
12606,43292,53050,9758,E
10583,39014,53050,14036,W
12610,43299,53055,9756,E
10586,39020,53055,14035,W
12614,43306,53060,9754,E
10588,39026,53060,14034,W
12616,43313,53065,9752,E
10590,39032,53065,14033,W
12620,43320,53070,9750,E
10594,39038,53070,14032,W
12623,43327,53075,9748,E
10597,39044,53075,14031,W
12627,43334,53080,9746,E
10599,39050,53080,14030,W
12630,43341,53085,9744,E
10602,39056,53085,14029,W
12634,43348,53090,9742,E
10604,39062,53090,14028,W
12637,43355,53095,9740,E
10608,39068,53095,14027,W
17673,53047,53100,53,N
16370,50756,53100,2344,S
17680,53060,53105,45,N
16375,50764,53105,2341,S
17688,53073,53110,37,N
16380,50772,53110,2338,S
17695,53086,53115,29,N
16384,50780,53115,2335,S
17703,53099,53120,21,N
16389,50788,53120,2332,S
17710,53112,53125,13,N
16393,50796,53125,2329,S
17718,53125,53130,5,N
16398,50804,53130,2326,S
16402,50812,53135,2323,S
17725,53138,53140,2,N
16407,50820,53140,2320,S
16412,50828,53145,2317,S
16415,50836,53150,2314,S
17732,53151,53155,4,N
16421,50844,53155,2311,S
12640,43362,53160,9798,E
10610,39074,53160,14086,W
12643,43369,53165,9796,E
10612,39080,53165,14085,W
12647,43376,53170,9794,E
10616,39086,53170,14084,W
12650,43383,53175,9792,E
10618,39092,53175,14083,W
12654,43390,53180,9790,E
10621,39098,53180,14082,W
12657,43397,53185,9788,E
10624,39104,53185,14081,W
12660,43404,53190,9786,E
10626,39110,53190,14080,W
12663,43411,53195,9784,E
10630,39116,53195,14079,W
12666,43418,53200,9782,E
10631,39122,53200,14078,W
12671,43425,53205,9780,E
10634,39128,53205,14077,W
12673,43432,53210,9778,E
10638,39134,53210,14076,W
12677,43439,53215,9776,E
10640,39140,53215,14075,W
17739,53164,53220,56,N
16425,50852,53220,2368,S
17747,53177,53225,48,N
16429,50860,53225,2365,S
17755,53190,53230,40,N
16435,50868,53230,2362,S
17762,53203,53235,32,N
16439,50876,53235,2359,S
17769,53216,53240,24,N
16443,50884,53240,2356,S
17777,53229,53245,16,N
16448,50892,53245,2353,S
17783,53242,53250,8,N
16452,50900,53250,2350,S
17792,53255,53255,0,N
16457,50908,53255,2347,S
16462,50916,53260,2344,S
16466,50924,53265,2341,S
17799,53268,53270,2,N
16470,50932,53270,2338,S
16475,50940,53275,2335,S
12680,43446,53280,9834,E
10643,39146,53280,14134,W
12683,43453,53285,9832,E
10645,39152,53285,14133,W
12686,43460,53290,9830,E
10648,39158,53290,14132,W
12691,43467,53295,9828,E
10652,39164,53295,14131,W
12694,43474,53300,9826,E
10653,39170,53300,14130,W
12697,43481,53305,9824,E
10656,39176,53305,14129,W
12700,43488,53310,9822,E
10659,39182,53310,14128,W
12704,43495,53315,9820,E
10662,39188,53315,14127,W
12706,43502,53320,9818,E
10665,39194,53320,14126,W
12710,43509,53325,9816,E
10667,39200,53325,14125,W
12714,43516,53330,9814,E
10670,39206,53330,14124,W
12716,43523,53335,9812,E
10673,39212,53335,14123,W
17806,53281,53340,59,N
16480,50948,53340,2392,S
17814,53294,53345,51,N
16484,50956,53345,2389,S
17820,53307,53350,43,N
16489,50964,53350,2386,S
17828,53320,53355,35,N
16493,50972,53355,2383,S
17837,53333,53360,27,N
16498,50980,53360,2380,S
17843,53346,53365,19,N
16503,50988,53365,2377,S
17851,53359,53370,11,N
16507,50996,53370,2374,S
17857,53372,53375,3,N
16511,51004,53375,2371,S
16516,51012,53380,2368,S
17865,53385,53385,0,N
16521,51020,53385,2365,S
16525,51028,53390,2362,S
16530,51036,53395,2359,S
12720,43530,53400,9870,E
10675,39218,53400,14182,W
12723,43537,53405,9868,E
10678,39224,53405,14181,W
12727,43544,53410,9866,E
10681,39230,53410,14180,W
12730,43551,53415,9864,E
10684,39236,53415,14179,W
12734,43558,53420,9862,E
10686,39242,53420,14178,W
12737,43565,53425,9860,E
10689,39248,53425,14177,W
12740,43572,53430,9858,E
10692,39254,53430,14176,W
12743,43579,53435,9856,E
10695,39260,53435,14175,W
12747,43586,53440,9854,E
10697,39266,53440,14174,W
12750,43593,53445,9852,E
10699,39272,53445,14173,W
12754,43600,53450,9850,E
10703,39278,53450,14172,W
12757,43607,53455,9848,E
10706,39284,53455,14171,W
17873,53398,53460,62,N
16534,51044,53460,2416,S
17880,53411,53465,54,N
16538,51052,53465,2413,S
17888,53424,53470,46,N
16544,51060,53470,2410,S
17895,53437,53475,38,N
16548,51068,53475,2407,S
17902,53450,53480,30,N
16552,51076,53480,2404,S
17910,53463,53485,22,N
16558,51084,53485,2401,S
17916,53476,53490,14,N
16561,51092,53490,2398,S
17925,53489,53495,6,N
16566,51100,53495,2395,S
16571,51108,53500,2392,S
17932,53502,53505,3,N
16575,51116,53505,2389,S
16580,51124,53510,2386,S
17939,53515,53515,0,N
16584,51132,53515,2383,S
12760,43614,53520,9906,E
10708,39290,53520,14230,W
12763,43621,53525,9904,E
10711,39296,53525,14229,W
12766,43628,53530,9902,E
10713,39302,53530,14228,W
12771,43635,53535,9900,E
10717,39308,53535,14227,W
12773,43642,53540,9898,E
10719,39314,53540,14226,W
12777,43649,53545,9896,E
10721,39320,53545,14225,W
12780,43656,53550,9894,E
10725,39326,53550,14224,W
12783,43663,53555,9892,E
10727,39332,53555,14223,W
12786,43670,53560,9890,E
10730,39338,53560,14222,W
12791,43677,53565,9888,E
10733,39344,53565,14221,W
12794,43684,53570,9886,E
10735,39350,53570,14220,W
12797,43691,53575,9884,E
10739,39356,53575,14219,W
17947,53528,53580,52,N
16589,51140,53580,2440,S
17954,53541,53585,44,N
16593,51148,53585,2437,S
17961,53554,53590,36,N
16598,51156,53590,2434,S
17969,53567,53595,28,N
16603,51164,53595,2431,S
17976,53580,53600,20,N
16606,51172,53600,2428,S
17984,53593,53605,12,N
16612,51180,53605,2425,S
17991,53606,53610,4,N
16617,51188,53610,2422,S
16620,51196,53615,2419,S
17998,53619,53620,1,N
16626,51204,53620,2416,S
16629,51212,53625,2413,S
16634,51220,53630,2410,S
18005,53632,53635,3,N
16640,51228,53635,2407,S
12800,43698,53640,9942,E
10740,39362,53640,14278,W
12804,43705,53645,9940,E
10743,39368,53645,14277,W
12806,43712,53650,9938,E
10747,39374,53650,14276,W
12810,43719,53655,9936,E
10749,39380,53655,14275,W
12814,43726,53660,9934,E
10752,39386,53660,14274,W
12816,43733,53665,9932,E
10754,39392,53665,14273,W
12820,43740,53670,9930,E
10757,39398,53670,14272,W
12823,43747,53675,9928,E
10761,39404,53675,14271,W
12827,43754,53680,9926,E
10762,39410,53680,14270,W
12830,43761,53685,9924,E
10765,39416,53685,14269,W
12834,43768,53690,9922,E
10768,39422,53690,14268,W
12837,43775,53695,9920,E
10771,39428,53695,14267,W
18014,53645,53700,55,N
16643,51236,53700,2464,S
18021,53658,53705,47,N
16648,51244,53705,2461,S
18028,53671,53710,39,N
16652,51252,53710,2458,S
18035,53684,53715,31,N
16657,51260,53715,2455,S
18042,53697,53720,23,N
16662,51268,53720,2452,S
18050,53710,53725,15,N
16666,51276,53725,2449,S
18058,53723,53730,7,N
16671,51284,53730,2446,S
16675,51292,53735,2443,S
18065,53736,53740,4,N
16680,51300,53740,2440,S
16685,51308,53745,2437,S
18073,53749,53750,1,N
16688,51316,53750,2434,S
16694,51324,53755,2431,S
12840,43782,53760,9978,E
10774,39434,53760,14326,W
12843,43789,53765,9976,E
10776,39440,53765,14325,W
12847,43796,53770,9974,E
10779,39446,53770,14324,W
12850,43803,53775,9972,E
10782,39452,53775,14323,W
12854,43810,53780,9970,E
10784,39458,53780,14322,W
12857,43817,53785,9968,E
10787,39464,53785,14321,W
12860,43824,53790,9966,E
10790,39470,53790,14320,W
12863,43831,53795,9964,E
10793,39476,53795,14319,W
12866,43838,53800,9962,E
10795,39482,53800,14318,W
12871,43845,53805,9960,E
10798,39488,53805,14317,W
12873,43852,53810,9958,E
10801,39494,53810,14316,W
12877,43859,53815,9956,E
10804,39500,53815,14315,W
18079,53762,53820,58,N
16698,51332,53820,2488,S
18087,53775,53825,50,N
16702,51340,53825,2485,S
18094,53788,53830,42,N
16708,51348,53830,2482,S
18102,53801,53835,34,N
16711,51356,53835,2479,S
18110,53814,53840,26,N
16716,51364,53840,2476,S
18116,53827,53845,18,N
16721,51372,53845,2473,S
18124,53840,53850,10,N
16725,51380,53850,2470,S
18132,53853,53855,2,N
16730,51388,53855,2467,S
16735,51396,53860,2464,S
16739,51404,53865,2461,S
18138,53866,53870,4,N
16743,51412,53870,2458,S
16748,51420,53875,2455,S
12880,43866,53880,10014,E
10806,39506,53880,14374,W
12883,43873,53885,10012,E
10808,39512,53885,14373,W
12886,43880,53890,10010,E
10812,39518,53890,14372,W
12891,43887,53895,10008,E
10815,39524,53895,14371,W
12894,43894,53900,10006,E
10817,39530,53900,14370,W
12897,43901,53905,10004,E
10820,39536,53905,14369,W
12900,43908,53910,10002,E
10822,39542,53910,14368,W
12904,43915,53915,10000,E
10826,39548,53915,14367,W
12906,43922,53920,9998,E
10828,39554,53920,14366,W
12910,43929,53925,9996,E
10830,39560,53925,14365,W
12914,43936,53930,9994,E
10834,39566,53930,14364,W
12916,43943,53935,9992,E
10836,39572,53935,14363,W
18147,53879,53940,61,N
16753,51428,53940,2512,S
18153,53892,53945,53,N
16757,51436,53945,2509,S
18161,53905,53950,45,N
16762,51444,53950,2506,S
18169,53918,53955,37,N
16766,51452,53955,2503,S
18175,53931,53960,29,N
16770,51460,53960,2500,S
18183,53944,53965,21,N
16776,51468,53965,2497,S
18191,53957,53970,13,N
16780,51476,53970,2494,S
18198,53970,53975,5,N
16784,51484,53975,2491,S
16789,51492,53980,2488,S
18206,53983,53985,2,N
16794,51500,53985,2485,S
16798,51508,53990,2482,S
16803,51516,53995,2479,S
12920,43950,54000,10050,E
10839,39578,54000,14422,W
12923,43957,54005,10048,E
10842,39584,54005,14421,W
12927,43964,54010,10046,E
10844,39590,54010,14420,W
12930,43971,54015,10044,E
10848,39596,54015,14419,W
12934,43978,54020,10042,E
10849,39602,54020,14418,W
12937,43985,54025,10040,E
10852,39608,54025,14417,W
12940,43992,54030,10038,E
10856,39614,54030,14416,W
12943,43999,54035,10036,E
10858,39620,54035,14415,W
12947,44006,54040,10034,E
10862,39626,54040,14414,W
12950,44013,54045,10032,E
10864,39632,54045,14413,W
12954,44020,54050,10030,E
10867,39638,54050,14412,W
12957,44027,54055,10028,E
10870,39644,54055,14411,W
18212,53996,54060,64,N
16807,51524,54060,2536,S
18220,54009,54065,56,N
16811,51532,54065,2533,S
18229,54020,54070,50,N
16817,51540,54070,2530,S
18236,54031,54075,44,N
16821,51548,54075,2527,S
18243,54042,54080,38,N
16825,51556,54080,2524,S
18250,54053,54085,32,N
16830,51564,54085,2521,S
18258,54064,54090,26,N
16834,51572,54090,2518,S
18267,54075,54095,20,N
16839,51580,54095,2515,S
18273,54086,54100,14,N
16844,51588,54100,2512,S
18281,54097,54105,8,N
16848,51596,54105,2509,S
18288,54108,54110,2,N
16853,51604,54110,2506,S
16857,51612,54115,2503,S
12960,44034,54120,10086,E
10872,39650,54120,14470,W
12963,44041,54125,10084,E
10876,39656,54125,14469,W
12966,44048,54130,10082,E
10878,39662,54130,14468,W
12971,44055,54135,10080,E
10881,39668,54135,14467,W
12973,44062,54140,10078,E
10885,39674,54140,14466,W
12977,44069,54145,10076,E
10887,39680,54145,14465,W
12980,44076,54150,10074,E
10890,39686,54150,14464,W
12983,44083,54155,10072,E
10892,39692,54155,14463,W
12986,44090,54160,10070,E
10895,39698,54160,14462,W
12991,44097,54165,10068,E
10899,39704,54165,14461,W
12994,44104,54170,10066,E
10901,39710,54170,14460,W
12997,44111,54175,10064,E
10905,39716,54175,14459,W
18296,54119,54180,61,N
16862,51620,54180,2560,S
18303,54130,54185,55,N
16866,51628,54185,2557,S
18311,54141,54190,49,N
16871,51636,54190,2554,S
18319,54152,54195,43,N
16876,51644,54195,2551,S
18326,54163,54200,37,N
16879,51652,54200,2548,S
18333,54174,54205,31,N
16885,51660,54205,2545,S
18341,54185,54210,25,N
16889,51668,54210,2542,S
18349,54196,54215,19,N
16893,51676,54215,2539,S
18356,54207,54220,13,N
16899,51684,54220,2536,S
18363,54218,54225,7,N
16902,51692,54225,2533,S
18371,54229,54230,1,N
16907,51700,54230,2530,S
16913,51708,54235,2527,S
13000,44118,54240,10122,E
10907,39722,54240,14518,W
13004,44125,54245,10120,E
10909,39728,54245,14517,W
13006,44132,54250,10118,E
10913,39734,54250,14516,W
13010,44139,54255,10116,E
10915,39740,54255,14515,W
13014,44146,54260,10114,E
10919,39746,54260,14514,W
13016,44153,54265,10112,E
10921,39752,54265,14513,W
13020,44160,54270,10110,E
10924,39758,54270,14512,W
13023,44167,54275,10108,E
10928,39764,54275,14511,W
13027,44174,54280,10106,E
10929,39770,54280,14510,W
13030,44181,54285,10104,E
10933,39776,54285,14509,W
13034,44188,54290,10102,E
10935,39782,54290,14508,W
13037,44195,54295,10100,E
10938,39788,54295,14507,W
18379,54240,54300,60,N
16916,51716,54300,2584,S
18387,54251,54305,54,N
16921,51724,54305,2581,S
18393,54262,54310,48,N
16925,51732,54310,2578,S
18401,54273,54315,42,N
16930,51740,54315,2575,S
18408,54284,54320,36,N
16935,51748,54320,2572,S
18417,54295,54325,30,N
16939,51756,54325,2569,S
18424,54306,54330,24,N
16944,51764,54330,2566,S
18431,54317,54335,18,N
16947,51772,54335,2563,S
18439,54328,54340,12,N
16953,51780,54340,2560,S
18446,54339,54345,6,N
16958,51788,54345,2557,S
18454,54350,54350,0,N
16961,51796,54350,2554,S
16967,51804,54355,2551,S
13040,44202,54360,10158,E
10942,39794,54360,14566,W
13043,44209,54365,10156,E
10944,39800,54365,14565,W
13047,44216,54370,10154,E
10948,39806,54370,14564,W
13050,44223,54375,10152,E
10949,39812,54375,14563,W
13054,44230,54380,10150,E
10952,39818,54380,14562,W
13057,44237,54385,10148,E
10956,39824,54385,14561,W
13060,44244,54390,10146,E
10958,39830,54390,14560,W
13063,44251,54395,10144,E
10962,39836,54395,14559,W
13066,44258,54400,10142,E
10964,39842,54400,14558,W
13071,44265,54405,10140,E
10967,39848,54405,14557,W
13073,44272,54410,10138,E
10970,39854,54410,14556,W
13077,44279,54415,10136,E
10972,39860,54415,14555,W
18461,54361,54420,59,N
16971,51812,54420,2608,S
18469,54372,54425,53,N
16975,51820,54425,2605,S
18477,54383,54430,47,N
16981,51828,54430,2602,S
18483,54394,54435,41,N
16984,51836,54435,2599,S
18492,54405,54440,35,N
16989,51844,54440,2596,S
18499,54416,54445,29,N
16994,51852,54445,2593,S
18507,54427,54450,23,N
16998,51860,54450,2590,S
18513,54438,54455,17,N
17003,51868,54455,2587,S
18521,54449,54460,11,N
17007,51876,54460,2584,S
18530,54460,54465,5,N
17012,51884,54465,2581,S
17016,51892,54470,2578,S
18537,54471,54475,4,N
17021,51900,54475,2575,S
13080,44286,54480,10194,E
10976,39866,54480,14614,W
13083,44293,54485,10192,E
10978,39872,54485,14613,W
13086,44300,54490,10190,E
10981,39878,54490,14612,W
13091,44307,54495,10188,E
10985,39884,54495,14611,W
13094,44314,54500,10186,E
10987,39890,54500,14610,W
13097,44321,54505,10184,E
10990,39896,54505,14609,W
13100,44328,54510,10182,E
10992,39902,54510,14608,W
13104,44335,54515,10180,E
10995,39908,54515,14607,W
13106,44342,54520,10178,E
10999,39914,54520,14606,W
13110,44349,54525,10176,E
11001,39920,54525,14605,W
13114,44356,54530,10174,E
11005,39926,54530,14604,W
13116,44363,54535,10172,E
11007,39932,54535,14603,W
18544,54482,54540,58,N
17026,51908,54540,2632,S
18551,54493,54545,52,N
17030,51916,54545,2629,S
18559,54504,54550,46,N
17035,51924,54550,2626,S
18567,54515,54555,40,N
17039,51932,54555,2623,S
18574,54526,54560,34,N
17043,51940,54560,2620,S
18582,54537,54565,28,N
17049,51948,54565,2617,S
18589,54548,54570,22,N
17053,51956,54570,2614,S
18597,54559,54575,16,N
17057,51964,54575,2611,S
18604,54570,54580,10,N
17062,51972,54580,2608,S
18612,54581,54585,4,N
17066,51980,54585,2605,S
17071,51988,54590,2602,S
18619,54592,54595,3,N
17076,51996,54595,2599,S
13120,44370,54600,10230,E
11009,39938,54600,14662,W
13123,44377,54605,10228,E
11013,39944,54605,14661,W
13127,44384,54610,10226,E
11015,39950,54610,14660,W
13130,44391,54615,10224,E
11019,39956,54615,14659,W
13134,44398,54620,10222,E
11021,39962,54620,14658,W
13137,44405,54625,10220,E
11024,39968,54625,14657,W
13140,44412,54630,10218,E
11028,39974,54630,14656,W
13143,44419,54635,10216,E
11029,39980,54635,14655,W
13147,44426,54640,10214,E
11033,39986,54640,14654,W
13150,44433,54645,10212,E
11035,39992,54645,14653,W
13154,44440,54650,10210,E
11038,39998,54650,14652,W
13157,44447,54655,10208,E
11042,40004,54655,14651,W
18627,54603,54660,57,N
17080,52004,54660,2656,S
18634,54614,54665,51,N
17084,52012,54665,2653,S
18642,54625,54670,45,N
17090,52020,54670,2650,S
18650,54636,54675,39,N
17094,52028,54675,2647,S
18657,54647,54680,33,N
17098,52036,54680,2644,S
18664,54658,54685,27,N
17103,52044,54685,2641,S
18671,54669,54690,21,N
17107,52052,54690,2638,S
18680,54680,54695,15,N
17112,52060,54695,2635,S
18688,54691,54700,9,N
17117,52068,54700,2632,S
18694,54702,54705,3,N
17121,52076,54705,2629,S
17125,52084,54710,2626,S
18702,54713,54715,2,N
17130,52092,54715,2623,S
13160,44454,54720,10266,E
11044,40010,54720,14710,W
13163,44461,54725,10264,E
11048,40016,54725,14709,W
13166,44468,54730,10262,E
11049,40022,54730,14708,W
13171,44475,54735,10260,E
11052,40028,54735,14707,W
13173,44482,54740,10258,E
11056,40034,54740,14706,W
13177,44489,54745,10256,E
11058,40040,54745,14705,W
13180,44496,54750,10254,E
11062,40046,54750,14704,W
13183,44503,54755,10252,E
11064,40052,54755,14703,W
13186,44510,54760,10250,E
11067,40058,54760,14702,W
13191,44517,54765,10248,E
11070,40064,54765,14701,W
13194,44524,54770,10246,E
11072,40070,54770,14700,W
13197,44531,54775,10244,E
11076,40076,54775,14699,W
18709,54724,54780,56,N
17135,52100,54780,2680,S
18718,54735,54785,50,N
17139,52108,54785,2677,S
18724,54746,54790,44,N
17144,52116,54790,2674,S
18732,54757,54795,38,N
17149,52124,54795,2671,S
18740,54768,54800,32,N
17152,52132,54800,2668,S
18747,54779,54805,26,N
17158,52140,54805,2665,S
18755,54790,54810,20,N
17162,52148,54810,2662,S
18762,54801,54815,14,N
17166,52156,54815,2659,S
18770,54812,54820,8,N
17172,52164,54820,2656,S
18777,54823,54825,2,N
17175,52172,54825,2653,S
17180,52180,54830,2650,S
18784,54834,54835,1,N
17185,52188,54835,2647,S
13200,44538,54840,10302,E
11078,40082,54840,14758,W
13204,44545,54845,10300,E
11081,40088,54845,14757,W
13206,44552,54850,10298,E
11085,40094,54850,14756,W
13210,44559,54855,10296,E
11087,40100,54855,14755,W
13214,44566,54860,10294,E
11090,40106,54860,14754,W
13216,44573,54865,10292,E
11092,40112,54865,14753,W
13220,44580,54870,10290,E
11095,40118,54870,14752,W
13223,44587,54875,10288,E
11099,40124,54875,14751,W
13227,44594,54880,10286,E
11101,40130,54880,14750,W
13230,44601,54885,10284,E
11105,40136,54885,14749,W
13234,44608,54890,10282,E
11107,40142,54890,14748,W
13237,44615,54895,10280,E
11109,40148,54895,14747,W
18793,54845,54900,55,N
17189,52196,54900,2704,S
18800,54856,54905,49,N
17194,52204,54905,2701,S
18808,54867,54910,43,N
17198,52212,54910,2698,S
18814,54878,54915,37,N
17203,52220,54915,2695,S
18822,54889,54920,31,N
17208,52228,54920,2692,S
18830,54900,54925,25,N
17212,52236,54925,2689,S
18838,54911,54930,19,N
17217,52244,54930,2686,S
18845,54922,54935,13,N
17220,52252,54935,2683,S
18852,54933,54940,7,N
17226,52260,54940,2680,S
18860,54944,54945,1,N
17231,52268,54945,2677,S
17234,52276,54950,2674,S
18868,54955,54955,0,N
17240,52284,54955,2671,S
13240,44622,54960,10338,E
11113,40154,54960,14806,W
13243,44629,54965,10336,E
11115,40160,54965,14805,W
13247,44636,54970,10334,E
11119,40166,54970,14804,W
13250,44643,54975,10332,E
11121,40172,54975,14803,W
13254,44650,54980,10330,E
11124,40178,54980,14802,W
13257,44657,54985,10328,E
11128,40184,54985,14801,W
13260,44664,54990,10326,E
11129,40190,54990,14800,W
13263,44671,54995,10324,E
11133,40196,54995,14799,W
13266,44678,55000,10322,E
11135,40202,55000,14798,W
13271,44685,55005,10320,E
11138,40208,55005,14797,W
13273,44692,55010,10318,E
11142,40214,55010,14796,W
13277,44699,55015,10316,E
11144,40220,55015,14795,W
18875,54966,55020,54,N
17243,52292,55020,2728,S
18882,54977,55025,48,N
17248,52300,55025,2725,S
18890,54988,55030,42,N
17254,52308,55030,2722,S
18898,54999,55035,36,N
17257,52316,55035,2719,S
18905,55010,55040,30,N
17262,52324,55040,2716,S
18913,55021,55045,24,N
17267,52332,55045,2713,S
18920,55032,55050,18,N
17271,52340,55050,2710,S
18928,55043,55055,12,N
17276,52348,55055,2707,S
18934,55054,55060,6,N
17280,52356,55060,2704,S
18943,55065,55065,0,N
17285,52364,55065,2701,S
17289,52372,55070,2698,S
17294,52380,55075,2695,S
13280,44706,55080,10374,E
11148,40226,55080,14854,W
13283,44713,55085,10372,E
11149,40232,55085,14853,W
13286,44720,55090,10370,E
11152,40238,55090,14852,W
13291,44727,55095,10368,E
11156,40244,55095,14851,W
13294,44734,55100,10366,E
11158,40250,55100,14850,W
13297,44741,55105,10364,E
11162,40256,55105,14849,W
13300,44748,55110,10362,E
11164,40262,55110,14848,W
13304,44755,55115,10360,E
11167,40268,55115,14847,W
13306,44762,55120,10358,E
11170,40274,55120,14846,W
13310,44769,55125,10356,E
11172,40280,55125,14845,W
13314,44776,55130,10354,E
11176,40286,55130,14844,W
13316,44783,55135,10352,E
11178,40292,55135,14843,W
18951,55076,55140,64,N
17299,52388,55140,2752,S
18958,55087,55145,58,N
17302,52396,55145,2749,S
18965,55098,55150,52,N
17308,52404,55150,2746,S
18972,55109,55155,46,N
17312,52412,55155,2743,S
18981,55120,55160,40,N
17316,52420,55160,2740,S
18988,55131,55165,34,N
17322,52428,55165,2737,S
18995,55142,55170,28,N
17326,52436,55170,2734,S
19003,55153,55175,22,N
17330,52444,55175,2731,S
19010,55164,55180,16,N
17335,52452,55180,2728,S
19019,55175,55185,10,N
17339,52460,55185,2725,S
19025,55186,55190,4,N
17344,52468,55190,2722,S
17349,52476,55195,2719,S
13320,44790,55200,10410,E
11181,40298,55200,14902,W
13323,44797,55205,10408,E
11185,40304,55205,14901,W
13327,44804,55210,10406,E
11187,40310,55210,14900,W
13330,44811,55215,10404,E
11190,40316,55215,14899,W
13334,44818,55220,10402,E
11192,40322,55220,14898,W
13337,44825,55225,10400,E
11195,40328,55225,14897,W
13340,44832,55230,10398,E
11199,40334,55230,14896,W
13343,44839,55235,10396,E
11201,40340,55235,14895,W
13347,44846,55240,10394,E
11205,40346,55240,14894,W
13350,44853,55245,10392,E
11207,40352,55245,14893,W
13354,44860,55250,10390,E
11209,40358,55250,14892,W
13357,44867,55255,10388,E
11213,40364,55255,14891,W
19033,55197,55260,63,N
17353,52484,55260,2776,S
19040,55208,55265,57,N
17357,52492,55265,2773,S
19048,55219,55270,51,N
17362,52500,55270,2770,S
19056,55230,55275,45,N
17367,52508,55275,2767,S
19063,55241,55280,39,N
17371,52516,55280,2764,S
19071,55252,55285,33,N
17376,52524,55285,2761,S
19078,55263,55290,27,N
17380,52532,55290,2758,S
19085,55274,55295,21,N
17385,52540,55295,2755,S
19093,55285,55300,15,N
17390,52548,55300,2752,S
19101,55296,55305,9,N
17394,52556,55305,2749,S
19109,55307,55310,3,N
17398,52564,55310,2746,S
17403,52572,55315,2743,S
13360,44874,55320,10446,E
11215,40370,55320,14950,W
13363,44881,55325,10444,E
11219,40376,55325,14949,W
13366,44888,55330,10442,E
11221,40382,55330,14948,W
13371,44895,55335,10440,E
11224,40388,55335,14947,W
13373,44902,55340,10438,E
11228,40394,55340,14946,W
13377,44909,55345,10436,E
11229,40400,55345,14945,W
13380,44916,55350,10434,E
11233,40406,55350,14944,W
13383,44923,55355,10432,E
11235,40412,55355,14943,W
13386,44930,55360,10430,E
11238,40418,55360,14942,W
13391,44937,55365,10428,E
11242,40424,55365,14941,W
13394,44944,55370,10426,E
11244,40430,55370,14940,W
13397,44951,55375,10424,E
11248,40436,55375,14939,W
19115,55318,55380,62,N
17408,52580,55380,2800,S
19123,55329,55385,56,N
17412,52588,55385,2797,S
19131,55340,55390,50,N
17417,52596,55390,2794,S
19139,55351,55395,44,N
17421,52604,55395,2791,S
19145,55362,55400,38,N
17425,52612,55400,2788,S
19153,55373,55405,32,N
17431,52620,55405,2785,S
19161,55384,55410,26,N
17435,52628,55410,2782,S
19169,55395,55415,20,N
17439,52636,55415,2779,S
19176,55406,55420,14,N
17445,52644,55420,2776,S
19183,55417,55425,8,N
17448,52652,55425,2773,S
19191,55428,55430,2,N
17453,52660,55430,2770,S
17458,52668,55435,2767,S
13400,44958,55440,10482,E
11249,40442,55440,14998,W
13404,44965,55445,10480,E
11252,40448,55445,14997,W
13406,44972,55450,10478,E
11256,40454,55450,14996,W
13410,44979,55455,10476,E
11258,40460,55455,14995,W
13414,44986,55460,10474,E
11262,40466,55460,14994,W
13416,44993,55465,10472,E
11264,40472,55465,14993,W
13420,45000,55470,10470,E
11267,40478,55470,14992,W
13423,45007,55475,10468,E
11270,40484,55475,14991,W
13427,45014,55480,10466,E
11272,40490,55480,14990,W
13430,45021,55485,10464,E
11276,40496,55485,14989,W
13434,45028,55490,10462,E
11278,40502,55490,14988,W
13437,45035,55495,10460,E
11281,40508,55495,14987,W
19198,55439,55500,61,N
17462,52676,55500,2824,S
19206,55450,55505,55,N
17467,52684,55505,2821,S
19214,55461,55510,49,N
17471,52692,55510,2818,S
19221,55472,55515,43,N
17476,52700,55515,2815,S
19229,55483,55520,37,N
17480,52708,55520,2812,S
19235,55494,55525,31,N
17485,52716,55525,2809,S
19244,55505,55530,25,N
17490,52724,55530,2806,S
19251,55516,55535,19,N
17493,52732,55535,2803,S
19259,55527,55540,13,N
17499,52740,55540,2800,S
19266,55538,55545,7,N
17504,52748,55545,2797,S
19273,55549,55550,1,N
17507,52756,55550,2794,S
17513,52764,55555,2791,S
13440,45042,55560,10518,E
11285,40514,55560,15046,W
13443,45049,55565,10516,E
11287,40520,55565,15045,W
13447,45056,55570,10514,E
11290,40526,55570,15044,W
13450,45063,55575,10512,E
11292,40532,55575,15043,W
13454,45070,55580,10510,E
11295,40538,55580,15042,W
13457,45077,55585,10508,E
11299,40544,55585,15041,W
13460,45084,55590,10506,E
11301,40550,55590,15040,W
13463,45091,55595,10504,E
11305,40556,55595,15039,W
13466,45098,55600,10502,E
11307,40562,55600,15038,W
13471,45105,55605,10500,E
11309,40568,55605,15037,W
13473,45112,55610,10498,E
11313,40574,55610,15036,W
13477,45119,55615,10496,E
11315,40580,55615,15035,W
19282,55560,55620,60,N
17516,52772,55620,2848,S
19289,55571,55625,54,N
17521,52780,55625,2845,S
19296,55582,55630,48,N
17527,52788,55630,2842,S
19303,55593,55635,42,N
17530,52796,55635,2839,S
19311,55604,55640,36,N
17535,52804,55640,2836,S
19320,55615,55645,30,N
17539,52812,55645,2833,S
19326,55626,55650,24,N
17544,52820,55650,2830,S
19334,55637,55655,18,N
17549,52828,55655,2827,S
19341,55648,55660,12,N
17553,52836,55660,2824,S
19349,55659,55665,6,N
17558,52844,55665,2821,S
19356,55670,55670,0,N
17562,52852,55670,2818,S
17567,52860,55675,2815,S
13480,45126,55680,10554,E
11319,40586,55680,15094,W
13483,45133,55685,10552,E
11321,40592,55685,15093,W
13486,45140,55690,10550,E
11324,40598,55690,15092,W
13491,45147,55695,10548,E
11328,40604,55695,15091,W
13494,45154,55700,10546,E
11329,40610,55700,15090,W
13497,45161,55705,10544,E
11333,40616,55705,15089,W
13500,45168,55710,10542,E
11335,40622,55710,15088,W
13504,45175,55715,10540,E
11338,40628,55715,15087,W
13506,45182,55720,10538,E
11342,40634,55720,15086,W
13510,45189,55725,10536,E
11344,40640,55725,15085,W
13514,45196,55730,10534,E
11348,40646,55730,15084,W
13516,45203,55735,10532,E
11349,40652,55735,15083,W
19364,55681,55740,59,N
17572,52868,55740,2872,S
19372,55692,55745,53,N
17575,52876,55745,2869,S
19379,55703,55750,47,N
17581,52884,55750,2866,S
19386,55714,55755,41,N
17585,52892,55755,2863,S
19394,55725,55760,35,N
17589,52900,55760,2860,S
19402,55736,55765,29,N
17595,52908,55765,2857,S
19409,55747,55770,23,N
17598,52916,55770,2854,S
19416,55758,55775,17,N
17603,52924,55775,2851,S
19424,55769,55780,11,N
17608,52932,55780,2848,S
19432,55780,55785,5,N
17612,52940,55785,2845,S
17617,52948,55790,2842,S
19440,55791,55795,4,N
17622,52956,55795,2839,S
13520,45210,55800,10590,E
11352,40658,55800,15142,W
13523,45217,55805,10588,E
11356,40664,55805,15141,W
13527,45224,55810,10586,E
11358,40670,55810,15140,W
13530,45231,55815,10584,E
11362,40676,55815,15139,W
13534,45238,55820,10582,E
11364,40682,55820,15138,W
13537,45245,55825,10580,E
11367,40688,55825,15137,W
13540,45252,55830,10578,E
11370,40694,55830,15136,W
13543,45259,55835,10576,E
11372,40700,55835,15135,W
13547,45266,55840,10574,E
11376,40706,55840,15134,W
13550,45273,55845,10572,E
11378,40712,55845,15133,W
13554,45280,55850,10570,E
11381,40718,55850,15132,W
13557,45287,55855,10568,E
11385,40724,55855,15131,W
19446,55802,55860,58,N
17626,52964,55860,2896,S
19454,55813,55865,52,N
17630,52972,55865,2893,S
19461,55824,55870,46,N
17635,52980,55870,2890,S
19470,55835,55875,40,N
17640,52988,55875,2887,S
19477,55846,55880,34,N
17644,52996,55880,2884,S
19484,55857,55885,28,N
17649,53004,55885,2881,S
19492,55868,55890,22,N
17653,53012,55890,2878,S
19499,55879,55895,16,N
17657,53020,55895,2875,S
19507,55890,55900,10,N
17663,53028,55900,2872,S
19514,55901,55905,4,N
17667,53036,55905,2869,S
17671,53044,55910,2866,S
19522,55912,55915,3,N
17676,53052,55915,2863,S
13560,45294,55920,10626,E
11387,40730,55920,15190,W
13563,45301,55925,10624,E
11390,40736,55925,15189,W
13566,45308,55930,10622,E
11392,40742,55930,15188,W
13571,45315,55935,10620,E
11395,40748,55935,15187,W
13573,45322,55940,10618,E
11399,40754,55940,15186,W
13577,45329,55945,10616,E
11401,40760,55945,15185,W
13580,45336,55950,10614,E
11405,40766,55950,15184,W
13583,45343,55955,10612,E
11407,40772,55955,15183,W
13586,45350,55960,10610,E
11409,40778,55960,15182,W
13591,45357,55965,10608,E
11413,40784,55965,15181,W
13594,45364,55970,10606,E
11415,40790,55970,15180,W
13597,45371,55975,10604,E
11419,40796,55975,15179,W
19530,55923,55980,57,N
17681,53060,55980,2920,S
19536,55934,55985,51,N
17685,53068,55985,2917,S
19545,55945,55990,45,N
17690,53076,55990,2914,S
19552,55956,55995,39,N
17694,53084,55995,2911,S
19560,55967,56000,33,N
17698,53092,56000,2908,S
19566,55978,56005,27,N
17704,53100,56005,2905,S
19574,55989,56010,21,N
17708,53108,56010,2902,S
19583,56000,56015,15,N
17712,53116,56015,2899,S
19590,56011,56020,9,N
17717,53124,56020,2896,S
19597,56022,56025,3,N
17721,53132,56025,2893,S
17726,53140,56030,2890,S
19604,56033,56035,2,N
17731,53148,56035,2887,S
13600,45378,56040,10662,E
11421,40802,56040,15238,W
13604,45385,56045,10660,E
11424,40808,56045,15237,W
13606,45392,56050,10658,E
11428,40814,56050,15236,W
13610,45399,56055,10656,E
11429,40820,56055,15235,W
13614,45406,56060,10654,E
11433,40826,56060,15234,W
13616,45413,56065,10652,E
11435,40832,56065,15233,W
13620,45420,56070,10650,E
11438,40838,56070,15232,W
13623,45427,56075,10648,E
11442,40844,56075,15231,W
13627,45434,56080,10646,E
11444,40850,56080,15230,W
13630,45441,56085,10644,E
11448,40856,56085,15229,W
13634,45448,56090,10642,E
11449,40862,56090,15228,W
13637,45455,56095,10640,E
11452,40868,56095,15227,W
19612,56044,56100,56,N
17735,53156,56100,2944,S
19620,56055,56105,50,N
17740,53164,56105,2941,S
19627,56066,56110,44,N
17744,53172,56110,2938,S
19635,56077,56115,38,N
17749,53180,56115,2935,S
19642,56088,56120,32,N
17753,53188,56120,2932,S
19650,56099,56125,26,N
17758,53196,56125,2929,S
19657,56110,56130,20,N
17763,53204,56130,2926,S
19665,56121,56135,14,N
17766,53212,56135,2923,S
19672,56132,56140,8,N
17772,53220,56140,2920,S
19680,56143,56145,2,N
17776,53228,56145,2917,S
17780,53236,56150,2914,S
19687,56154,56155,1,N
17786,53244,56155,2911,S
13640,45462,56160,10698,E
11456,40874,56160,15286,W
13643,45469,56165,10696,E
11458,40880,56165,15285,W
13647,45476,56170,10694,E
11462,40886,56170,15284,W
13650,45483,56175,10692,E
11464,40892,56175,15283,W
13654,45490,56180,10690,E
11467,40898,56180,15282,W
13657,45497,56185,10688,E
11470,40904,56185,15281,W
13660,45504,56190,10686,E
11472,40910,56190,15280,W
13663,45511,56195,10684,E
11476,40916,56195,15279,W
13666,45518,56200,10682,E
11478,40922,56200,15278,W
13671,45525,56205,10680,E
11481,40928,56205,15277,W
13673,45532,56210,10678,E
11485,40934,56210,15276,W
13677,45539,56215,10676,E
11487,40940,56215,15275,W
19695,56165,56220,55,N
17789,53252,56220,2968,S
19703,56176,56225,49,N
17794,53260,56225,2965,S
19710,56187,56230,43,N
17800,53268,56230,2962,S
19717,56198,56235,37,N
17803,53276,56235,2959,S
19724,56209,56240,31,N
17808,53284,56240,2956,S
19733,56220,56245,25,N
17812,53292,56245,2953,S
19741,56231,56250,19,N
17817,53300,56250,2950,S
19747,56242,56255,13,N
17822,53308,56255,2947,S
19755,56253,56260,7,N
17826,53316,56260,2944,S
19762,56264,56265,1,N
17831,53324,56265,2941,S
17834,53332,56270,2938,S
19771,56275,56275,0,N
17840,53340,56275,2935,S
13680,45546,56280,10734,E
11490,40946,56280,15334,W
13683,45553,56285,10732,E
11492,40952,56285,15333,W
13686,45560,56290,10730,E
11495,40958,56290,15332,W
13691,45567,56295,10728,E
11499,40964,56295,15331,W
13694,45574,56300,10726,E
11501,40970,56300,15330,W
13697,45581,56305,10724,E
11505,40976,56305,15329,W
13700,45588,56310,10722,E
11507,40982,56310,15328,W
13704,45595,56315,10720,E
11509,40988,56315,15327,W
13706,45602,56320,10718,E
11513,40994,56320,15326,W
13710,45609,56325,10716,E
11515,41000,56325,15325,W
13714,45616,56330,10714,E
11519,41006,56330,15324,W
13716,45623,56335,10712,E
11521,41012,56335,15323,W
19777,56286,56340,54,N
17845,53348,56340,2992,S
19785,56297,56345,48,N
17848,53356,56345,2989,S
19793,56308,56350,42,N
17854,53364,56350,2986,S
19800,56319,56355,36,N
17858,53372,56355,2983,S
19808,56330,56360,30,N
17862,53380,56360,2980,S
19815,56341,56365,24,N
17868,53388,56365,2977,S
19823,56352,56370,18,N
17871,53396,56370,2974,S
19830,56363,56375,12,N
17876,53404,56375,2971,S
19837,56374,56380,6,N
17881,53412,56380,2968,S
19846,56385,56385,0,N
17885,53420,56385,2965,S
17890,53428,56390,2962,S
17894,53436,56395,2959,S
13720,45630,56400,10770,E
11524,41018,56400,15382,W
13723,45637,56405,10768,E
11528,41024,56405,15381,W
13727,45644,56410,10766,E
11529,41030,56410,15380,W
13730,45651,56415,10764,E
11533,41036,56415,15379,W
13734,45658,56420,10762,E
11535,41042,56420,15378,W
13737,45665,56425,10760,E
11538,41048,56425,15377,W
13740,45672,56430,10758,E
11542,41054,56430,15376,W
13743,45679,56435,10756,E
11544,41060,56435,15375,W
13747,45686,56440,10754,E
11548,41066,56440,15374,W
13750,45693,56445,10752,E
11549,41072,56445,15373,W
13754,45700,56450,10750,E
11552,41078,56450,15372,W
13757,45707,56455,10748,E
11556,41084,56455,15371,W
19853,56396,56460,64,N
17899,53444,56460,3016,S
19861,56407,56465,58,N
17903,53452,56465,3013,S
19867,56418,56470,52,N
17908,53460,56470,3010,S
19875,56429,56475,46,N
17913,53468,56475,3007,S
19883,56440,56480,40,N
17917,53476,56480,3004,S
19891,56451,56485,34,N
17922,53484,56485,3001,S
19898,56462,56490,28,N
17926,53492,56490,2998,S
19905,56473,56495,22,N
17930,53500,56495,2995,S
19913,56484,56500,16,N
17936,53508,56500,2992,S
19921,56495,56505,10,N
17940,53516,56505,2989,S
19928,56506,56510,4,N
17944,53524,56510,2986,S
17949,53532,56515,2983,S
13760,45714,56520,10806,E
11558,41090,56520,15430,W
13763,45721,56525,10804,E
11562,41096,56525,15429,W
13766,45728,56530,10802,E
11564,41102,56530,15428,W
13771,45735,56535,10800,E
11567,41108,56535,15427,W
13773,45742,56540,10798,E
11570,41114,56540,15426,W
13777,45749,56545,10796,E
11572,41120,56545,15425,W
13780,45756,56550,10794,E
11576,41126,56550,15424,W
13783,45763,56555,10792,E
11578,41132,56555,15423,W
13786,45770,56560,10790,E
11581,41138,56560,15422,W
13791,45777,56565,10788,E
11585,41144,56565,15421,W
13794,45784,56570,10786,E
11587,41150,56570,15420,W
13797,45791,56575,10784,E
11590,41156,56575,15419,W
19935,56517,56580,63,N
17953,53540,56580,3040,S
19943,56528,56585,57,N
17958,53548,56585,3037,S
19951,56539,56590,51,N
17963,53556,56590,3034,S
19958,56550,56595,45,N
17967,53564,56595,3031,S
19966,56561,56600,39,N
17971,53572,56600,3028,S
19973,56572,56605,33,N
17977,53580,56605,3025,S
19981,56583,56610,27,N
17981,53588,56610,3022,S
19987,56594,56615,21,N
17985,53596,56615,3019,S
19996,56605,56620,15,N
17990,53604,56620,3016,S
20004,56616,56625,9,N
17994,53612,56625,3013,S
20011,56627,56630,3,N
17999,53620,56630,3010,S
18004,53628,56635,3007,S
13800,45798,56640,10842,E
11592,41162,56640,15478,W
13804,45805,56645,10840,E
11595,41168,56645,15477,W
13806,45812,56650,10838,E
11599,41174,56650,15476,W
13810,45819,56655,10836,E
11601,41180,56655,15475,W
13814,45826,56660,10834,E
11605,41186,56660,15474,W
13816,45833,56665,10832,E
11607,41192,56665,15473,W
13820,45840,56670,10830,E
11609,41198,56670,15472,W
13823,45847,56675,10828,E
11613,41204,56675,15471,W
13827,45854,56680,10826,E
11615,41210,56680,15470,W
13830,45861,56685,10824,E
11619,41216,56685,15469,W
13834,45868,56690,10822,E
11621,41222,56690,15468,W
13837,45875,56695,10820,E
11624,41228,56695,15467,W
20018,56638,56700,62,N
18008,53636,56700,3064,S
20025,56649,56705,56,N
18012,53644,56705,3061,S
20034,56660,56710,50,N
18017,53652,56710,3058,S
20041,56671,56715,44,N
18022,53660,56715,3055,S
20048,56682,56720,38,N
18026,53668,56720,3052,S
20056,56693,56725,32,N
18031,53676,56725,3049,S
20063,56704,56730,26,N
18036,53684,56730,3046,S
20072,56715,56735,20,N
18039,53692,56735,3043,S
20078,56726,56740,14,N
18045,53700,56740,3040,S
20086,56737,56745,8,N
18049,53708,56745,3037,S
20093,56748,56750,2,N
18053,53716,56750,3034,S
18059,53724,56755,3031,S
13840,45882,56760,10878,E
11628,41234,56760,15526,W
13843,45889,56765,10876,E
11629,41240,56765,15525,W
13847,45896,56770,10874,E
11633,41246,56770,15524,W
13850,45903,56775,10872,E
11635,41252,56775,15523,W
13854,45910,56780,10870,E
11638,41258,56780,15522,W
13857,45917,56785,10868,E
11642,41264,56785,15521,W
13860,45924,56790,10866,E
11644,41270,56790,15520,W
13863,45931,56795,10864,E
11648,41276,56795,15519,W
13866,45938,56800,10862,E
11649,41282,56800,15518,W
13871,45945,56805,10860,E
11652,41288,56805,15517,W
13873,45952,56810,10858,E
11656,41294,56810,15516,W
13877,45959,56815,10856,E
11658,41300,56815,15515,W
20101,56759,56820,61,N
18062,53732,56820,3088,S
20109,56770,56825,55,N
18067,53740,56825,3085,S
20116,56781,56830,49,N
18072,53748,56830,3082,S
20124,56792,56835,43,N
18076,53756,56835,3079,S
20131,56803,56840,37,N
18081,53764,56840,3076,S
20138,56814,56845,31,N
18085,53772,56845,3073,S
20146,56825,56850,25,N
18090,53780,56850,3070,S
20154,56836,56855,19,N
18095,53788,56855,3067,S
20162,56847,56860,13,N
18099,53796,56860,3064,S
20168,56858,56865,7,N
18104,53804,56865,3061,S
20176,56869,56870,1,N
18107,53812,56870,3058,S
18113,53820,56875,3055,S
13880,45966,56880,10914,E
11662,41306,56880,15574,W
13883,45973,56885,10912,E
11664,41312,56885,15573,W
13886,45980,56890,10910,E
11667,41318,56890,15572,W
13891,45987,56895,10908,E
11670,41324,56895,15571,W
13894,45994,56900,10906,E
11672,41330,56900,15570,W
13897,46001,56905,10904,E
11676,41336,56905,15569,W
13900,46008,56910,10902,E
11678,41342,56910,15568,W
13904,46015,56915,10900,E
11681,41348,56915,15567,W
13906,46022,56920,10898,E
11685,41354,56920,15566,W
13910,46029,56925,10896,E
11687,41360,56925,15565,W
13914,46036,56930,10894,E
11690,41366,56930,15564,W
13916,46043,56935,10892,E
11692,41372,56935,15563,W
20184,56880,56940,60,N
18118,53828,56940,3112,S
20192,56891,56945,54,N
18121,53836,56945,3109,S
20198,56902,56950,48,N
18127,53844,56950,3106,S
20206,56913,56955,42,N
18130,53852,56955,3103,S
20214,56924,56960,36,N
18135,53860,56960,3100,S
20222,56935,56965,30,N
18141,53868,56965,3097,S
20229,56946,56970,24,N
18144,53876,56970,3094,S
20236,56957,56975,18,N
18149,53884,56975,3091,S
20244,56968,56980,12,N
18154,53892,56980,3088,S
20251,56979,56985,6,N
18158,53900,56985,3085,S
20259,56990,56990,0,N
18163,53908,56990,3082,S
18167,53916,56995,3079,S
13920,46050,57000,10950,E
11695,41378,57000,15622,W
13923,46057,57005,10948,E
11699,41384,57005,15621,W
13927,46064,57010,10946,E
11701,41390,57010,15620,W
13930,46071,57015,10944,E
11705,41396,57015,15619,W
13934,46078,57020,10942,E
11707,41402,57020,15618,W
13937,46085,57025,10940,E
11709,41408,57025,15617,W
13940,46092,57030,10938,E
11713,41414,57030,15616,W
13943,46099,57035,10936,E
11715,41420,57035,15615,W
13947,46106,57040,10934,E
11719,41426,57040,15614,W
13950,46113,57045,10932,E
11721,41432,57045,15613,W
13954,46120,57050,10930,E
11724,41438,57050,15612,W
13957,46127,57055,10928,E
11728,41444,57055,15611,W
20267,57001,57060,59,N
18172,53924,57060,3136,S
20274,57012,57065,53,N
18176,53932,57065,3133,S
20282,57023,57070,47,N
18181,53940,57070,3130,S
20288,57034,57075,41,N
18186,53948,57075,3127,S
20297,57045,57080,35,N
18189,53956,57080,3124,S
20304,57056,57085,29,N
18195,53964,57085,3121,S
20312,57067,57090,23,N
18199,53972,57090,3118,S
20319,57078,57095,17,N
18203,53980,57095,3115,S
20326,57089,57100,11,N
18209,53988,57100,3112,S
20335,57100,57105,5,N
18213,53996,57105,3109,S
18217,54004,57110,3106,S
20342,57111,57115,4,N
18223,54011,57115,3104,S
13960,46134,57120,10986,E
11729,41450,57120,15670,W
13963,46141,57125,10984,E
11733,41456,57125,15669,W
13966,46148,57130,10982,E
11735,41462,57130,15668,W
13971,46155,57135,10980,E
11738,41468,57135,15667,W
13973,46162,57140,10978,E
11742,41474,57140,15666,W
13977,46169,57145,10976,E
11744,41480,57145,15665,W
13980,46176,57150,10974,E
11748,41486,57150,15664,W
13983,46183,57155,10972,E
11749,41492,57155,15663,W
13986,46190,57160,10970,E
11752,41498,57160,15662,W
13991,46197,57165,10968,E
11756,41504,57165,15661,W
13994,46204,57170,10966,E
11758,41510,57170,15660,W
13997,46211,57175,10964,E
11762,41516,57175,15659,W
20349,57122,57180,58,N
18226,54018,57180,3162,S
20356,57133,57185,52,N
18232,54025,57185,3160,S
20364,57144,57190,46,N
18237,54032,57190,3158,S
20373,57155,57195,40,N
18241,54039,57195,3156,S
20379,57166,57200,34,N
18246,54046,57200,3154,S
20387,57177,57205,28,N
18251,54053,57205,3152,S
20394,57188,57210,22,N
18256,54060,57210,3150,S
20402,57199,57215,16,N
18261,54067,57215,3148,S
20409,57210,57220,10,N
18264,54074,57220,3146,S
20417,57221,57225,4,N
18270,54081,57225,3144,S
18275,54088,57230,3142,S
20425,57232,57235,3,N
18280,54095,57235,3140,S
14000,46218,57240,11022,E
11764,41522,57240,15718,W
14004,46225,57245,11020,E
11767,41528,57245,15717,W
14006,46232,57250,11018,E
11770,41534,57250,15716,W
14010,46239,57255,11016,E
11772,41540,57255,15715,W
14014,46246,57260,11014,E
11776,41546,57260,15714,W
14016,46253,57265,11012,E
11778,41552,57265,15713,W
14020,46260,57270,11010,E
11781,41558,57270,15712,W
14023,46267,57275,11008,E
11785,41564,57275,15711,W
14027,46274,57280,11006,E
11787,41570,57280,15710,W
14030,46281,57285,11004,E
11790,41576,57285,15709,W
14034,46288,57290,11002,E
11792,41582,57290,15708,W
14037,46295,57295,11000,E
11795,41588,57295,15707,W
20432,57243,57300,57,N
18284,54102,57300,3198,S
20439,57254,57305,51,N
18289,54109,57305,3196,S
20447,57265,57310,45,N
18294,54116,57310,3194,S
20455,57276,57315,39,N
18299,54123,57315,3192,S
20462,57287,57320,33,N
18304,54130,57320,3190,S
20469,57298,57325,27,N
18308,54137,57325,3188,S
20477,57309,57330,21,N
18313,54144,57330,3186,S
20485,57320,57335,15,N
18318,54151,57335,3184,S
20493,57331,57340,9,N
18322,54158,57340,3182,S
20499,57342,57345,3,N
18328,54165,57345,3180,S
18332,54172,57350,3178,S
20507,57353,57355,2,N
18337,54179,57355,3176,S
14040,46302,57360,11058,E
11799,41594,57360,15766,W
14043,46309,57365,11056,E
11801,41600,57365,15765,W
14047,46316,57370,11054,E
11805,41606,57370,15764,W
14050,46323,57375,11052,E
11807,41612,57375,15763,W
14054,46330,57380,11050,E
11809,41618,57380,15762,W
14057,46337,57385,11048,E
11813,41624,57385,15761,W
14060,46344,57390,11046,E
11815,41630,57390,15760,W
14063,46351,57395,11044,E
11819,41636,57395,15759,W
14066,46358,57400,11042,E
11821,41642,57400,15758,W
14071,46365,57405,11040,E
11824,41648,57405,15757,W
14073,46372,57410,11038,E
11828,41654,57410,15756,W
14077,46379,57415,11036,E
11829,41660,57415,15755,W
20514,57364,57420,56,N
18342,54186,57420,3234,S
20523,57375,57425,50,N
18346,54193,57425,3232,S
20530,57386,57430,44,N
18352,54200,57430,3230,S
20537,57397,57435,38,N
18357,54207,57435,3228,S
20545,57408,57440,32,N
18360,54214,57440,3226,S
20552,57419,57445,26,N
18366,54221,57445,3224,S
20560,57430,57450,20,N
18370,54228,57450,3222,S
20567,57441,57455,14,N
18376,54235,57455,3220,S
20575,57452,57460,8,N
18380,54242,57460,3218,S
20583,57463,57465,2,N
18384,54249,57465,3216,S
18390,54256,57470,3214,S
20589,57474,57475,1,N
18395,54263,57475,3212,S
14080,46386,57480,11094,E
11833,41666,57480,15814,W
14083,46393,57485,11092,E
11835,41672,57485,15813,W
14086,46400,57490,11090,E
11838,41678,57490,15812,W
14091,46407,57495,11088,E
11842,41684,57495,15811,W
14094,46414,57500,11086,E
11844,41690,57500,15810,W
14097,46421,57505,11084,E
11848,41696,57505,15809,W
14100,46428,57510,11082,E
11849,41702,57510,15808,W
14104,46435,57515,11080,E
11852,41708,57515,15807,W
14106,46442,57520,11078,E
11856,41714,57520,15806,W
14110,46449,57525,11076,E
11858,41720,57525,15805,W
14114,46456,57530,11074,E
11862,41726,57530,15804,W
14116,46463,57535,11072,E
11864,41732,57535,15803,W
20598,57485,57540,55,N
18399,54270,57540,3270,S
20605,57496,57545,49,N
18404,54277,57545,3268,S
20613,57507,57550,43,N
18409,54284,57550,3266,S
20619,57518,57555,37,N
18414,54291,57555,3264,S
20627,57529,57560,31,N
18418,54298,57560,3262,S
20636,57540,57565,25,N
18423,54305,57565,3260,S
20643,57551,57570,19,N
18428,54312,57570,3258,S
20650,57562,57575,13,N
18433,54319,57575,3256,S
20657,57573,57580,7,N
18437,54326,57580,3254,S
20665,57584,57585,1,N
18442,54333,57585,3252,S
18448,54340,57590,3250,S
20673,57595,57595,0,N
18452,54347,57595,3248,S
14120,46470,57600,11130,E
11867,41738,57600,15862,W
14123,46477,57605,11128,E
11870,41744,57605,15861,W
14127,46484,57610,11126,E
11872,41750,57610,15860,W
14130,46491,57615,11124,E
11876,41756,57615,15859,W
14134,46498,57620,11122,E
11878,41762,57620,15858,W
14137,46505,57625,11120,E
11881,41768,57625,15857,W
14140,46512,57630,11118,E
11885,41774,57630,15856,W
14143,46519,57635,11116,E
11887,41780,57635,15855,W
14147,46526,57640,11114,E
11890,41786,57640,15854,W
14150,46533,57645,11112,E
11892,41792,57645,15853,W
14154,46540,57650,11110,E
11895,41798,57650,15852,W
14157,46547,57655,11108,E
11899,41804,57655,15851,W
20680,57606,57660,54,N
18456,54354,57660,3306,S
20687,57616,57665,49,N
18462,54361,57665,3304,S
20694,57626,57670,44,N
18466,54368,57670,3302,S
20701,57636,57675,39,N
18472,54375,57675,3300,S
20708,57646,57680,34,N
18475,54382,57680,3298,S
20715,57656,57685,29,N
18480,54389,57685,3296,S
20722,57666,57690,24,N
18486,54396,57690,3294,S
20729,57676,57695,19,N
18490,54403,57695,3292,S
20735,57686,57700,14,N
18495,54410,57700,3290,S
20743,57696,57705,9,N
18500,54417,57705,3288,S
20749,57706,57710,4,N
18504,54424,57710,3286,S
18510,54431,57715,3284,S
14160,46554,57720,11166,E
11901,41810,57720,15910,W
14163,46561,57725,11164,E
11905,41816,57725,15909,W
14166,46568,57730,11162,E
11907,41822,57730,15908,W
14171,46575,57735,11160,E
11909,41828,57735,15907,W
14173,46582,57740,11158,E
11913,41834,57740,15906,W
14177,46589,57745,11156,E
11915,41840,57745,15905,W
14180,46596,57750,11154,E
11919,41846,57750,15904,W
14183,46603,57755,11152,E
11921,41852,57755,15903,W
14186,46610,57760,11150,E
11924,41858,57760,15902,W
14191,46617,57765,11148,E
11928,41864,57765,15901,W
14194,46624,57770,11146,E
11929,41870,57770,15900,W
14197,46631,57775,11144,E
11933,41876,57775,15899,W
20757,57716,57780,64,N
18514,54438,57780,3342,S
20763,57726,57785,59,N
18519,54445,57785,3340,S
20771,57736,57790,54,N
18524,54452,57790,3338,S
20777,57746,57795,49,N
18528,54459,57795,3336,S
20784,57756,57800,44,N
18533,54466,57800,3334,S
20791,57766,57805,39,N
18538,54473,57805,3332,S
20798,57776,57810,34,N
18543,54480,57810,3330,S
20805,57786,57815,29,N
18548,54487,57815,3328,S
20812,57796,57820,24,N
18552,54494,57820,3326,S
20819,57806,57825,19,N
18557,54501,57825,3324,S
20826,57816,57830,14,N
18562,54508,57830,3322,S
20832,57826,57835,9,N
18568,54515,57835,3320,S
14200,46638,57840,11202,E
11935,41882,57840,15958,W
14204,46645,57845,11200,E
11938,41888,57845,15957,W
14206,46652,57850,11198,E
11942,41894,57850,15956,W
14210,46659,57855,11196,E
11944,41900,57855,15955,W
14214,46666,57860,11194,E
11948,41906,57860,15954,W
14216,46673,57865,11192,E
11949,41912,57865,15953,W
14220,46680,57870,11190,E
11952,41918,57870,15952,W
14223,46687,57875,11188,E
11956,41924,57875,15951,W
14227,46694,57880,11186,E
11958,41930,57880,15950,W
14230,46701,57885,11184,E
11962,41936,57885,15949,W
14234,46708,57890,11182,E
11964,41942,57890,15948,W
14237,46715,57895,11180,E
11967,41948,57895,15947,W
20840,57836,57900,64,N
18571,54522,57900,3378,S
20846,57846,57905,59,N
18576,54529,57905,3376,S
20854,57856,57910,54,N
18581,54536,57910,3374,S
20860,57866,57915,49,N
18586,54543,57915,3372,S
20868,57876,57920,44,N
18591,54550,57920,3370,S
20874,57886,57925,39,N
18595,54557,57925,3368,S
20881,57896,57930,34,N
18600,54564,57930,3366,S
20888,57906,57935,29,N
18606,54571,57935,3364,S
20895,57916,57940,24,N
18609,54578,57940,3362,S
20902,57926,57945,19,N
18615,54585,57945,3360,S
20909,57936,57950,14,N
18620,54592,57950,3358,S
20916,57946,57955,9,N
18624,54599,57955,3356,S
14240,46722,57960,11238,E
11970,41954,57960,16006,W
14243,46729,57965,11236,E
11972,41960,57965,16005,W
14247,46736,57970,11234,E
11976,41966,57970,16004,W
14250,46743,57975,11232,E
11978,41972,57975,16003,W
14254,46750,57980,11230,E
11981,41978,57980,16002,W
14257,46757,57985,11228,E
11985,41984,57985,16001,W
14260,46764,57990,11226,E
11987,41990,57990,16000,W
14263,46771,57995,11224,E
11990,41996,57995,15999,W
14266,46778,58000,11222,E
11992,42002,58000,15998,W
14271,46785,58005,11220,E
11995,42008,58005,15997,W
14273,46792,58010,11218,E
11999,42014,58010,15996,W
14277,46799,58015,11216,E
12001,42020,58015,15995,W
20923,57956,58020,64,N
18629,54606,58020,3414,S
20929,57966,58025,59,N
18633,54613,58025,3412,S
20937,57976,58030,54,N
18639,54620,58030,3410,S
20943,57986,58035,49,N
18644,54627,58035,3408,S
20951,57996,58040,44,N
18647,54634,58040,3406,S
20957,58006,58045,39,N
18653,54641,58045,3404,S
20965,58016,58050,34,N
18658,54648,58050,3402,S
20971,58026,58055,29,N
18663,54655,58055,3400,S
20978,58036,58060,24,N
18667,54662,58060,3398,S
20985,58046,58065,19,N
18672,54669,58065,3396,S
20992,58056,58070,14,N
18677,54676,58070,3394,S
20999,58066,58075,9,N
18682,54683,58075,3392,S
14280,46806,58080,11274,E
12005,42026,58080,16054,W
14285,46813,58085,11272,E
12007,42032,58085,16053,W
14287,46820,58090,11270,E
12009,42038,58090,16052,W
14291,46827,58095,11268,E
12013,42044,58095,16051,W
14295,46834,58100,11266,E
12015,42050,58100,16050,W
14299,46841,58105,11264,E
12019,42056,58105,16049,W
14302,46848,58110,11262,E
12021,42062,58110,16048,W
14306,46855,58115,11260,E
12024,42068,58115,16047,W
14309,46862,58120,11258,E
12028,42074,58120,16046,W
14314,46869,58125,11256,E
12029,42080,58125,16045,W
14317,46876,58130,11254,E
12033,42086,58130,16044,W
14321,46883,58135,11252,E
12035,42092,58135,16043,W
21006,58076,58140,64,N
18686,54690,58140,3450,S
21013,58086,58145,59,N
18691,54697,58145,3448,S
21020,58096,58150,54,N
18696,54704,58150,3446,S
21026,58106,58155,49,N
18701,54711,58155,3444,S
21034,58116,58160,44,N
18705,54718,58160,3442,S
21040,58126,58165,39,N
18711,54725,58165,3440,S
21048,58136,58170,34,N
18715,54732,58170,3438,S
21054,58146,58175,29,N
18720,54739,58175,3436,S
21062,58156,58180,24,N
18725,54746,58180,3434,S
21068,58166,58185,19,N
18729,54753,58185,3432,S
21075,58176,58190,14,N
18735,54760,58190,3430,S
21082,58186,58195,9,N
18739,54767,58195,3428,S
14324,46890,58200,11310,E
12038,42098,58200,16102,W
14328,46897,58205,11308,E
12042,42104,58205,16101,W
14332,46904,58210,11306,E
12044,42110,58210,16100,W
14335,46911,58215,11304,E
12048,42116,58215,16099,W
14339,46918,58220,11302,E
12049,42122,58220,16098,W
14343,46925,58225,11300,E
12052,42128,58225,16097,W
14346,46932,58230,11298,E
12056,42134,58230,16096,W
14351,46939,58235,11296,E
12058,42140,58235,16095,W
14353,46946,58240,11294,E
12062,42146,58240,16094,W
14358,46953,58245,11292,E
12064,42152,58245,16093,W
14361,46960,58250,11290,E
12067,42158,58250,16092,W
14365,46967,58255,11288,E
12070,42164,58255,16091,W
21089,58196,58260,64,N
18743,54774,58260,3486,S
21096,58206,58265,59,N
18749,54781,58265,3484,S
21103,58216,58270,54,N
18753,54788,58270,3482,S
21110,58226,58275,49,N
18759,54795,58275,3480,S
21117,58236,58280,44,N
18763,54802,58280,3478,S
21123,58246,58285,39,N
18767,54809,58285,3476,S
21131,58256,58290,34,N
18773,54816,58290,3474,S
21137,58266,58295,29,N
18778,54823,58295,3472,S
21145,58276,58300,24,N
18782,54830,58300,3470,S
21151,58286,58305,19,N
18787,54837,58305,3468,S
21159,58296,58310,14,N
18791,54844,58310,3466,S
21165,58306,58315,9,N
18797,54851,58315,3464,S
14368,46974,58320,11346,E
12072,42170,58320,16150,W
14372,46981,58325,11344,E
12076,42176,58325,16149,W
14376,46988,58330,11342,E
12078,42182,58330,16148,W
14380,46995,58335,11340,E
12081,42188,58335,16147,W
14383,47002,58340,11338,E
12085,42194,58340,16146,W
14387,47009,58345,11336,E
12087,42200,58345,16145,W
14390,47016,58350,11334,E
12090,42206,58350,16144,W
14395,47023,58355,11332,E
12092,42212,58355,16143,W
14398,47030,58360,11330,E
12095,42218,58360,16142,W
14401,47037,58365,11328,E
12099,42224,58365,16141,W
14405,47044,58370,11326,E
12101,42230,58370,16140,W
14409,47051,58375,11324,E
12105,42236,58375,16139,W
21172,58316,58380,64,N
18801,54858,58380,3522,S
21179,58326,58385,59,N
18806,54865,58385,3520,S
21186,58336,58390,54,N
18811,54872,58390,3518,S
21193,58346,58395,49,N
18816,54879,58395,3516,S
21200,58356,58400,44,N
18820,54886,58400,3514,S
21207,58366,58405,39,N
18825,54893,58405,3512,S
21214,58376,58410,34,N
18831,54900,58410,3510,S
21220,58386,58415,29,N
18835,54907,58415,3508,S
21228,58396,58420,24,N
18839,54914,58420,3506,S
21234,58406,58425,19,N
18844,54921,58425,3504,S
21242,58416,58430,14,N
18849,54928,58430,3502,S
21248,58426,58435,9,N
18855,54935,58435,3500,S
14413,47058,58440,11382,E
12107,42242,58440,16198,W
14417,47065,58445,11380,E
12109,42248,58445,16197,W
14419,47072,58450,11378,E
12113,42254,58450,16196,W
14424,47079,58455,11376,E
12115,42260,58455,16195,W
14427,47086,58460,11374,E
12119,42266,58460,16194,W
14432,47093,58465,11372,E
12121,42272,58465,16193,W
14434,47100,58470,11370,E
12124,42278,58470,16192,W
14438,47107,58475,11368,E
12128,42284,58475,16191,W
14442,47114,58480,11366,E
12129,42290,58480,16190,W
14446,47121,58485,11364,E
12133,42296,58485,16189,W
14450,47128,58490,11362,E
12135,42302,58490,16188,W
14453,47135,58495,11360,E
12138,42308,58495,16187,W
21256,58436,58500,64,N
18858,54942,58500,3558,S
21262,58446,58505,59,N
18863,54949,58505,3556,S
21269,58456,58510,54,N
18869,54956,58510,3554,S
21276,58466,58515,49,N
18873,54963,58515,3552,S
21283,58476,58520,44,N
18878,54970,58520,3550,S
21290,58486,58525,39,N
18883,54977,58525,3548,S
21297,58496,58530,34,N
18887,54984,58530,3546,S
21304,58506,58535,29,N
18893,54991,58535,3544,S
21311,58516,58540,24,N
18896,54998,58540,3542,S
21317,58526,58545,19,N
18902,55005,58545,3540,S
21325,58536,58550,14,N
18907,55012,58550,3538,S
21331,58546,58555,9,N
18911,55019,58555,3536,S
14456,47142,58560,11418,E
12142,42314,58560,16246,W
14461,47149,58565,11416,E
12144,42320,58565,16245,W
14464,47156,58570,11414,E
12148,42326,58570,16244,W
14468,47163,58575,11412,E
12149,42332,58575,16243,W
14471,47170,58580,11410,E
12152,42338,58580,16242,W
14475,47177,58585,11408,E
12156,42344,58585,16241,W
14479,47184,58590,11406,E
12158,42350,58590,16240,W
14483,47191,58595,11404,E
12162,42356,58595,16239,W
14486,47198,58600,11402,E
12164,42362,58600,16238,W
14490,47205,58605,11400,E
12167,42368,58605,16237,W
14493,47212,58610,11398,E
12170,42374,58610,16236,W
14498,47219,58615,11396,E
12172,42380,58615,16235,W
21339,58556,58620,64,N
18916,55026,58620,3594,S
21345,58566,58625,59,N
18921,55033,58625,3592,S
21353,58576,58630,54,N
18926,55040,58630,3590,S
21359,58586,58635,49,N
18931,55047,58635,3588,S
21366,58596,58640,44,N
18935,55054,58640,3586,S
21373,58606,58645,39,N
18940,55061,58645,3584,S
21380,58616,58650,34,N
18945,55068,58650,3582,S
21387,58626,58655,29,N
18950,55075,58655,3580,S
21394,58636,58660,24,N
18954,55082,58660,3578,S
21401,58646,58665,19,N
18959,55089,58665,3576,S
21408,58656,58670,14,N
18964,55096,58670,3574,S
21414,58666,58675,9,N
18969,55103,58675,3572,S
14500,47226,58680,11454,E
12176,42386,58680,16294,W
14505,47233,58685,11452,E
12178,42392,58685,16293,W
14508,47240,58690,11450,E
12181,42398,58690,16292,W
14512,47247,58695,11448,E
12185,42404,58695,16291,W
14516,47254,58700,11446,E
12187,42410,58700,16290,W
14519,47261,58705,11444,E
12190,42416,58705,16289,W
14523,47268,58710,11442,E
12192,42422,58710,16288,W
14527,47275,58715,11440,E
12195,42428,58715,16287,W
14530,47282,58720,11438,E
12199,42434,58720,16286,W
14534,47289,58725,11436,E
12201,42440,58725,16285,W
14537,47296,58730,11434,E
12205,42446,58730,16284,W
14542,47303,58735,11432,E
12207,42452,58735,16283,W
21422,58676,58740,64,N
18974,55110,58740,3630,S
21428,58686,58745,59,N
18978,55117,58745,3628,S
21436,58696,58750,54,N
18983,55124,58750,3626,S
21442,58706,58755,49,N
18989,55131,58755,3624,S
21450,58716,58760,44,N
18992,55138,58760,3622,S
21456,58726,58765,39,N
18998,55145,58765,3620,S
21463,58736,58770,34,N
19002,55152,58770,3618,S
21470,58746,58775,29,N
19007,55159,58775,3616,S
21477,58756,58780,24,N
19012,55166,58780,3614,S
21484,58766,58785,19,N
19016,55173,58785,3612,S
21491,58776,58790,14,N
19022,55180,58790,3610,S
21498,58786,58795,9,N
19027,55187,58795,3608,S
14545,47310,58800,11490,E
12209,42458,58800,16342,W
14549,47317,58805,11488,E
12213,42464,58805,16341,W
14552,47324,58810,11486,E
12215,42470,58810,16340,W
14556,47331,58815,11484,E
12219,42476,58815,16339,W
14560,47338,58820,11482,E
12221,42482,58820,16338,W
14564,47345,58825,11480,E
12224,42488,58825,16337,W
14566,47352,58830,11478,E
12228,42494,58830,16336,W
14571,47359,58835,11476,E
12229,42500,58835,16335,W
14574,47366,58840,11474,E
12233,42506,58840,16334,W
14579,47373,58845,11472,E
12235,42512,58845,16333,W
14582,47380,58850,11470,E
12238,42518,58850,16332,W
14585,47387,58855,11468,E
12242,42524,58855,16331,W
21505,58796,58860,64,N
19030,55194,58860,3666,S
21511,58806,58865,59,N
19036,55201,58865,3664,S
21519,58816,58870,54,N
19041,55208,58870,3662,S
21525,58826,58875,49,N
19046,55215,58875,3660,S
21533,58836,58880,44,N
19050,55222,58880,3658,S
21539,58846,58885,39,N
19054,55229,58885,3656,S
21547,58856,58890,34,N
19060,55236,58890,3654,S
21553,58866,58895,29,N
19065,55243,58895,3652,S
21560,58876,58900,24,N
19069,55250,58900,3650,S
21567,58886,58905,19,N
19074,55257,58905,3648,S
21574,58896,58910,14,N
19079,55264,58910,3646,S
21581,58906,58915,9,N
19084,55271,58915,3644,S
14589,47394,58920,11526,E
12244,42530,58920,16390,W
14593,47401,58925,11524,E
12248,42536,58925,16389,W
14597,47408,58930,11522,E
12249,42542,58930,16388,W
14600,47415,58935,11520,E
12252,42548,58935,16387,W
14603,47422,58940,11518,E
12256,42554,58940,16386,W
14608,47429,58945,11516,E
12258,42560,58945,16385,W
14611,47436,58950,11514,E
12262,42566,58950,16384,W
14616,47443,58955,11512,E
12264,42572,58955,16383,W
14618,47450,58960,11510,E
12267,42578,58960,16382,W
14622,47457,58965,11508,E
12270,42584,58965,16381,W
14626,47464,58970,11506,E
12272,42590,58970,16380,W
14630,47471,58975,11504,E
12276,42596,58975,16379,W
21588,58916,58980,64,N
19088,55278,58980,3702,S
21595,58926,58985,59,N
19094,55285,58985,3700,S
21602,58936,58990,54,N
19098,55292,58990,3698,S
21608,58946,58995,49,N
19103,55299,58995,3696,S
21616,58956,59000,44,N
19107,55306,59000,3694,S
21622,58966,59005,39,N
19112,55313,59005,3692,S
21630,58976,59010,34,N
19118,55320,59010,3690,S
21636,58986,59015,29,N
19122,55327,59015,3688,S
21644,58996,59020,24,N
19126,55334,59020,3686,S
21650,59006,59025,19,N
19132,55341,59025,3684,S
21657,59016,59030,14,N
19136,55348,59030,3682,S
21664,59026,59035,9,N
19142,55355,59035,3680,S
14633,47478,59040,11562,E
12278,42602,59040,16438,W
14637,47485,59045,11560,E
12281,42608,59045,16437,W
14640,47492,59050,11558,E
12285,42614,59050,16436,W
14645,47499,59055,11556,E
12287,42620,59055,16435,W
14648,47506,59060,11554,E
12290,42626,59060,16434,W
14652,47513,59065,11552,E
12292,42632,59065,16433,W
14655,47520,59070,11550,E
12295,42638,59070,16432,W
14659,47527,59075,11548,E
12299,42644,59075,16431,W
14663,47534,59080,11546,E
12301,42650,59080,16430,W
14666,47541,59085,11544,E
12305,42656,59085,16429,W
14670,47548,59090,11542,E
12307,42662,59090,16428,W
14674,47555,59095,11540,E
12309,42668,59095,16427,W
21671,59036,59100,64,N
19146,55362,59100,3738,S
21678,59046,59105,59,N
19150,55369,59105,3736,S
21685,59056,59110,54,N
19156,55376,59110,3734,S
21692,59066,59115,49,N
19160,55383,59115,3732,S
21699,59076,59120,44,N
19165,55390,59120,3730,S
21705,59086,59125,39,N
19170,55397,59125,3728,S
21713,59096,59130,34,N
19174,55404,59130,3726,S
21719,59106,59135,29,N
19180,55411,59135,3724,S
21727,59116,59140,24,N
19184,55418,59140,3722,S
21733,59126,59145,19,N
19189,55425,59145,3720,S
21741,59136,59150,14,N
19194,55432,59150,3718,S
21747,59146,59155,9,N
19199,55439,59155,3716,S
14677,47562,59160,11598,E
12313,42674,59160,16486,W
14682,47569,59165,11596,E
12315,42680,59165,16485,W
14684,47576,59170,11594,E
12319,42686,59170,16484,W
14689,47583,59175,11592,E
12321,42692,59175,16483,W
14692,47590,59180,11590,E
12324,42698,59180,16482,W
14696,47597,59185,11588,E
12328,42704,59185,16481,W
14699,47604,59190,11586,E
12329,42710,59190,16480,W
14703,47611,59195,11584,E
12333,42716,59195,16479,W
14707,47618,59200,11582,E
12335,42722,59200,16478,W
14711,47625,59205,11580,E
12338,42728,59205,16477,W
14714,47632,59210,11578,E
12342,42734,59210,16476,W
14718,47639,59215,11576,E
12344,42740,59215,16475,W
21754,59156,59220,64,N
19203,55446,59220,3774,S
21761,59166,59225,59,N
19208,55453,59225,3772,S
21768,59176,59230,54,N
19213,55460,59230,3770,S
21775,59186,59235,49,N
19218,55467,59235,3768,S
21782,59196,59240,44,N
19222,55474,59240,3766,S
21789,59206,59245,39,N
19227,55481,59245,3764,S
21796,59216,59250,34,N
19232,55488,59250,3762,S
21802,59226,59255,29,N
19238,55495,59255,3760,S
21810,59236,59260,24,N
19241,55502,59260,3758,S
21816,59246,59265,19,N
19246,55509,59265,3756,S
21824,59256,59270,14,N
19252,55516,59270,3754,S
21830,59266,59275,9,N
19256,55523,59275,3752,S
14721,47646,59280,11634,E
12348,42746,59280,16534,W
14726,47653,59285,11632,E
12349,42752,59285,16533,W
14729,47660,59290,11630,E
12352,42758,59290,16532,W
14732,47667,59295,11628,E
12356,42764,59295,16531,W
14736,47674,59300,11626,E
12358,42770,59300,16530,W
14740,47681,59305,11624,E
12362,42776,59305,16529,W
14744,47688,59310,11622,E
12364,42782,59310,16528,W
14748,47695,59315,11620,E
12367,42788,59315,16527,W
14750,47702,59320,11618,E
12370,42794,59320,16526,W
14755,47709,59325,11616,E
12372,42800,59325,16525,W
14758,47716,59330,11614,E
12376,42806,59330,16524,W
14763,47723,59335,11612,E
12378,42812,59335,16523,W
21838,59276,59340,64,N
19261,55530,59340,3810,S
21844,59286,59345,59,N
19265,55537,59345,3808,S
21851,59296,59350,54,N
19270,55544,59350,3806,S
21858,59306,59355,49,N
19276,55551,59355,3804,S
21865,59316,59360,44,N
19279,55558,59360,3802,S
21872,59326,59365,39,N
19285,55565,59365,3800,S
21879,59336,59370,34,N
19290,55572,59370,3798,S
21886,59346,59375,29,N
19294,55579,59375,3796,S
21893,59356,59380,24,N
19299,55586,59380,3794,S
21899,59366,59385,19,N
19304,55593,59385,3792,S
21907,59376,59390,14,N
19309,55600,59390,3790,S
21913,59386,59395,9,N
19314,55607,59395,3788,S
14765,47730,59400,11670,E
12381,42818,59400,16582,W
14769,47737,59405,11668,E
12385,42824,59405,16581,W
14773,47744,59410,11666,E
12387,42830,59410,16580,W
14777,47751,59415,11664,E
12390,42836,59415,16579,W
14781,47758,59420,11662,E
12392,42842,59420,16578,W
14784,47765,59425,11660,E
12395,42848,59425,16577,W
14787,47772,59430,11658,E
12399,42854,59430,16576,W
14792,47779,59435,11656,E
12401,42860,59435,16575,W
14795,47786,59440,11654,E
12405,42866,59440,16574,W
14799,47793,59445,11652,E
12407,42872,59445,16573,W
14802,47800,59450,11650,E
12409,42878,59450,16572,W
14806,47807,59455,11648,E
12413,42884,59455,16571,W
21921,59396,59460,64,N
19317,55614,59460,3846,S
21927,59406,59465,59,N
19323,55621,59465,3844,S
21935,59416,59470,54,N
19328,55628,59470,3842,S
21941,59426,59475,49,N
19333,55635,59475,3840,S
21948,59436,59480,44,N
19337,55642,59480,3838,S
21955,59446,59485,39,N
19342,55649,59485,3836,S
21962,59456,59490,34,N
19347,55656,59490,3834,S
21969,59466,59495,29,N
19352,55663,59495,3832,S
21976,59476,59500,24,N
19357,55670,59500,3830,S
21983,59486,59505,19,N
19361,55677,59505,3828,S
21990,59496,59510,14,N
19366,55684,59510,3826,S
21996,59506,59515,9,N
19371,55691,59515,3824,S
14810,47814,59520,11706,E
12415,42890,59520,16630,W
14814,47821,59525,11704,E
12419,42896,59525,16629,W
14817,47828,59530,11702,E
12421,42902,59530,16628,W
14821,47835,59535,11700,E
12424,42908,59535,16627,W
14824,47842,59540,11698,E
12428,42914,59540,16626,W
14829,47849,59545,11696,E
12429,42920,59545,16625,W
14831,47856,59550,11694,E
12433,42926,59550,16624,W
14836,47863,59555,11692,E
12435,42932,59555,16623,W
14839,47870,59560,11690,E
12438,42938,59560,16622,W
14843,47877,59565,11688,E
12442,42944,59565,16621,W
14847,47884,59570,11686,E
12444,42950,59570,16620,W
14850,47891,59575,11684,E
12448,42956,59575,16619,W
22004,59516,59580,64,N
19375,55698,59580,3882,S
22010,59526,59585,59,N
19381,55705,59585,3880,S
22018,59536,59590,54,N
19385,55712,59590,3878,S
22024,59546,59595,49,N
19390,55719,59595,3876,S
22032,59556,59600,44,N
19395,55726,59600,3874,S
22038,59566,59605,39,N
19399,55733,59605,3872,S
22045,59576,59610,34,N
19405,55740,59610,3870,S
22052,59586,59615,29,N
19410,55747,59615,3868,S
22059,59596,59620,24,N
19413,55754,59620,3866,S
22066,59606,59625,19,N
19419,55761,59625,3864,S
22073,59616,59630,14,N
19423,55768,59630,3862,S
22080,59626,59635,9,N
19429,55775,59635,3860,S
14854,47898,59640,11742,E
12449,42962,59640,16678,W
14858,47905,59645,11740,E
12452,42968,59645,16677,W
14861,47912,59650,11738,E
12456,42974,59650,16676,W
14865,47919,59655,11736,E
12458,42980,59655,16675,W
14868,47926,59660,11734,E
12462,42986,59660,16674,W
14873,47933,59665,11732,E
12464,42992,59665,16673,W
14876,47940,59670,11730,E
12467,42998,59670,16672,W
14880,47947,59675,11728,E
12470,43004,59675,16671,W
14883,47954,59680,11726,E
12472,43010,59680,16670,W
14887,47961,59685,11724,E
12476,43016,59685,16669,W
14891,47968,59690,11722,E
12478,43022,59690,16668,W
14895,47975,59695,11720,E
12481,43028,59695,16667,W
22087,59636,59700,64,N
19433,55782,59700,3918,S
22093,59646,59705,59,N
19437,55789,59705,3916,S
22101,59656,59710,54,N
19443,55796,59710,3914,S
22107,59666,59715,49,N
19448,55803,59715,3912,S
22115,59676,59720,44,N
19452,55810,59720,3910,S
22121,59686,59725,39,N
19457,55817,59725,3908,S
22129,59696,59730,34,N
19462,55824,59730,3906,S
22135,59706,59735,29,N
19467,55831,59735,3904,S
22142,59716,59740,24,N
19471,55838,59740,3902,S
22149,59726,59745,19,N
19476,55845,59745,3900,S
22156,59736,59750,14,N
19481,55852,59750,3898,S
22163,59746,59755,9,N
19486,55859,59755,3896,S
14897,47982,59760,11778,E
12485,43034,59760,16726,W
14902,47989,59765,11776,E
12487,43040,59765,16725,W
14905,47996,59770,11774,E
12490,43046,59770,16724,W
14910,48003,59775,11772,E
12492,43052,59775,16723,W
14913,48010,59780,11770,E
12495,43058,59780,16722,W
14916,48017,59785,11768,E
12499,43064,59785,16721,W
14920,48024,59790,11766,E
12501,43070,59790,16720,W
14924,48031,59795,11764,E
12505,43076,59795,16719,W
14928,48038,59800,11762,E
12507,43082,59800,16718,W
14931,48045,59805,11760,E
12509,43088,59805,16717,W
14934,48052,59810,11758,E
12513,43094,59810,16716,W
14939,48059,59815,11756,E
12515,43100,59815,16715,W
22170,59756,59820,64,N
19490,55866,59820,3954,S
22177,59766,59825,59,N
19495,55873,59825,3952,S
22184,59776,59830,54,N
19501,55880,59830,3950,S
22190,59786,59835,49,N
19505,55887,59835,3948,S
22198,59796,59840,44,N
19509,55894,59840,3946,S
22204,59806,59845,39,N
19515,55901,59845,3944,S
22212,59816,59850,34,N
19519,55908,59850,3942,S
22218,59826,59855,29,N
19525,55915,59855,3940,S
22226,59836,59860,24,N
19528,55922,59860,3938,S
22232,59846,59865,19,N
19533,55929,59865,3936,S
22239,59856,59870,14,N
19539,55936,59870,3934,S
22246,59866,59875,9,N
19543,55943,59875,3932,S
14942,48066,59880,11814,E
12519,43106,59880,16774,W
14947,48073,59885,11812,E
12521,43112,59885,16773,W
14949,48080,59890,11810,E
12524,43118,59890,16772,W
14953,48087,59895,11808,E
12528,43124,59895,16771,W
14957,48094,59900,11806,E
12529,43130,59900,16770,W
14961,48101,59905,11804,E
12533,43136,59905,16769,W
14964,48108,59910,11802,E
12535,43142,59910,16768,W
14968,48115,59915,11800,E
12538,43148,59915,16767,W
14971,48122,59920,11798,E
12542,43154,59920,16766,W
14976,48129,59925,11796,E
12544,43160,59925,16765,W
14979,48136,59930,11794,E
12548,43166,59930,16764,W
14983,48143,59935,11792,E
12549,43172,59935,16763,W
22253,59876,59940,64,N
19548,55950,59940,3990,S
22260,59886,59945,59,N
19553,55957,59945,3988,S
22267,59896,59950,54,N
19557,55964,59950,3986,S
22274,59906,59955,49,N
19563,55971,59955,3984,S
22281,59916,59960,44,N
19567,55978,59960,3982,S
22287,59926,59965,39,N
19572,55985,59965,3980,S
22295,59936,59970,34,N
19577,55992,59970,3978,S
22301,59946,59975,29,N
19581,55999,59975,3976,S
22309,59956,59980,24,N
19586,56006,59980,3974,S
22315,59966,59985,19,N
19591,56013,59985,3972,S
22323,59976,59990,14,N
19596,56020,59990,3970,S
22329,59986,59995,9,N
19601,56027,59995,3968,S
14986,48150,60000,11850,E
12552,43178,60000,16822,W
14990,48157,60005,11848,E
12556,43184,60005,16821,W
14994,48164,60010,11846,E
12558,43190,60010,16820,W
14997,48171,60015,11844,E
12562,43196,60015,16819,W
15001,48178,60020,11842,E
12564,43202,60020,16818,W
15005,48185,60025,11840,E
12567,43208,60025,16817,W
15008,48192,60030,11838,E
12570,43214,60030,16816,W
15013,48199,60035,11836,E
12572,43220,60035,16815,W
15015,48206,60040,11834,E
12576,43226,60040,16814,W
15020,48213,60045,11832,E
12578,43232,60045,16813,W
15023,48220,60050,11830,E
12581,43238,60050,16812,W
15027,48227,60055,11828,E
12585,43244,60055,16811,W
22336,59996,60060,64,N
19605,56034,60060,4026,S
22343,60006,60065,59,N
19610,56041,60065,4024,S
22350,60016,60070,54,N
19615,56048,60070,4022,S
22357,60026,60075,49,N
19621,56055,60075,4020,S
22364,60036,60080,44,N
19624,56062,60080,4018,S
22371,60046,60085,39,N
19629,56069,60085,4016,S
22378,60056,60090,34,N
19634,56076,60090,4014,S
22384,60066,60095,29,N
19639,56083,60095,4012,S
22392,60076,60100,24,N
19644,56090,60100,4010,S
22398,60086,60105,19,N
19648,56097,60105,4008,S
22406,60096,60110,14,N
19653,56104,60110,4006,S
22412,60106,60115,9,N
19659,56111,60115,4004,S
15030,48234,60120,11886,E
12587,43250,60120,16870,W
15034,48241,60125,11884,E
12590,43256,60125,16869,W
15038,48248,60130,11882,E
12592,43262,60130,16868,W
15042,48255,60135,11880,E
12595,43268,60135,16867,W
15045,48262,60140,11878,E
12599,43274,60140,16866,W
15049,48269,60145,11876,E
12601,43280,60145,16865,W
15052,48276,60150,11874,E
12605,43286,60150,16864,W
15057,48283,60155,11872,E
12607,43292,60155,16863,W
15060,48290,60160,11870,E
12609,43298,60160,16862,W
15063,48297,60165,11868,E
12613,43304,60165,16861,W
15067,48304,60170,11866,E
12615,43310,60170,16860,W
15071,48311,60175,11864,E
12619,43316,60175,16859,W
22420,60116,60180,64,N
19662,56118,60180,4062,S
22426,60126,60185,59,N
19668,56125,60185,4060,S
22433,60136,60190,54,N
19673,56132,60190,4058,S
22440,60146,60195,49,N
19677,56139,60195,4056,S
22447,60156,60200,44,N
19682,56146,60200,4054,S
22454,60166,60205,39,N
19686,56153,60205,4052,S
22461,60176,60210,34,N
19692,56160,60210,4050,S
22468,60186,60215,29,N
19697,56167,60215,4048,S
22475,60196,60220,24,N
19700,56174,60220,4046,S
22481,60206,60225,19,N
19706,56181,60225,4044,S
22489,60216,60230,14,N
19711,56188,60230,4042,S
22495,60226,60235,9,N
19716,56195,60235,4040,S
15075,48318,60240,11922,E
12621,43322,60240,16918,W
15079,48325,60245,11920,E
12624,43328,60245,16917,W
15081,48332,60250,11918,E
12628,43334,60250,16916,W
15086,48339,60255,11916,E
12629,43340,60255,16915,W
15089,48346,60260,11914,E
12633,43346,60260,16914,W
15094,48353,60265,11912,E
12635,43352,60265,16913,W
15096,48360,60270,11910,E
12638,43358,60270,16912,W
15100,48367,60275,11908,E
12642,43364,60275,16911,W
15104,48374,60280,11906,E
12644,43370,60280,16910,W
15108,48381,60285,11904,E
12648,43376,60285,16909,W
15112,48388,60290,11902,E
12649,43382,60290,16908,W
15115,48395,60295,11900,E
12652,43388,60295,16907,W
22503,60236,60300,64,N
19720,56202,60300,4098,S
22509,60246,60305,59,N
19725,56209,60305,4096,S
22517,60256,60310,54,N
19730,56216,60310,4094,S
22523,60266,60315,49,N
19735,56223,60315,4092,S
22530,60276,60320,44,N
19739,56230,60320,4090,S
22537,60286,60325,39,N
19744,56237,60325,4088,S
22544,60296,60330,34,N
19749,56244,60330,4086,S
22551,60306,60335,29,N
19754,56251,60335,4084,S
22558,60316,60340,24,N
19758,56258,60340,4082,S
22565,60326,60345,19,N
19764,56265,60345,4080,S
22572,60336,60350,14,N
19768,56272,60350,4078,S
22578,60346,60355,9,N
19773,56279,60355,4076,S
15118,48402,60360,11958,E
12656,43394,60360,16966,W
15123,48409,60365,11956,E
12658,43400,60365,16965,W
15126,48416,60370,11954,E
12662,43406,60370,16964,W
15130,48423,60375,11952,E
12664,43412,60375,16963,W
15133,48430,60380,11950,E
12667,43418,60380,16962,W
15137,48437,60385,11948,E
12670,43424,60385,16961,W
15141,48444,60390,11946,E
12672,43430,60390,16960,W
15145,48451,60395,11944,E
12676,43436,60395,16959,W
15148,48458,60400,11942,E
12678,43442,60400,16958,W
15152,48465,60405,11940,E
12681,43448,60405,16957,W
15155,48472,60410,11938,E
12685,43454,60410,16956,W
15160,48479,60415,11936,E
12687,43460,60415,16955,W
22586,60356,60420,64,N
19778,56286,60420,4134,S
22592,60366,60425,59,N
19782,56293,60425,4132,S
22600,60376,60430,54,N
19788,56300,60430,4130,S
22606,60386,60435,49,N
19792,56307,60435,4128,S
22614,60396,60440,44,N
19796,56314,60440,4126,S
22620,60406,60445,39,N
19802,56321,60445,4124,S
22627,60416,60450,34,N
19806,56328,60450,4122,S
22634,60426,60455,29,N
19812,56335,60455,4120,S
22641,60436,60460,24,N
19816,56342,60460,4118,S
22648,60446,60465,19,N
19820,56349,60465,4116,S
22655,60456,60470,14,N
19826,56356,60470,4114,S
22662,60466,60475,9,N
19831,56363,60475,4112,S
15162,48486,60480,11994,E
12690,43466,60480,17014,W
15167,48493,60485,11992,E
12692,43472,60485,17013,W
15170,48500,60490,11990,E
12695,43478,60490,17012,W
15174,48507,60495,11988,E
12699,43484,60495,17011,W
15178,48514,60500,11986,E
12701,43490,60500,17010,W
15181,48521,60505,11984,E
12705,43496,60505,17009,W
15185,48528,60510,11982,E
12707,43502,60510,17008,W
15189,48535,60515,11980,E
12709,43508,60515,17007,W
15192,48542,60520,11978,E
12713,43514,60520,17006,W
15196,48549,60525,11976,E
12715,43520,60525,17005,W
15199,48556,60530,11974,E
12719,43526,60530,17004,W
15204,48563,60535,11972,E
12721,43532,60535,17003,W
22669,60476,60540,64,N
19835,56370,60540,4170,S
22675,60486,60545,59,N
19840,56377,60545,4168,S
22683,60496,60550,54,N
19844,56384,60550,4166,S
22689,60506,60555,49,N
19850,56391,60555,4164,S
22697,60516,60560,44,N
19854,56398,60560,4162,S
22703,60526,60565,39,N
19859,56405,60565,4160,S
22711,60536,60570,34,N
19864,56412,60570,4158,S
22717,60546,60575,29,N
19869,56419,60575,4156,S
22724,60556,60580,24,N
19873,56426,60580,4154,S
22731,60566,60585,19,N
19878,56433,60585,4152,S
22738,60576,60590,14,N
19884,56440,60590,4150,S
22745,60586,60595,9,N
19888,56447,60595,4148,S
15207,48570,60600,12030,E
12724,43538,60600,17062,W
15211,48577,60605,12028,E
12728,43544,60605,17061,W
15214,48584,60610,12026,E
12729,43550,60610,17060,W
15218,48591,60615,12024,E
12733,43556,60615,17059,W
15222,48598,60620,12022,E
12735,43562,60620,17058,W
15226,48605,60625,12020,E
12738,43568,60625,17057,W
15228,48612,60630,12018,E
12742,43574,60630,17056,W
15233,48619,60635,12016,E
12744,43580,60635,17055,W
15236,48626,60640,12014,E
12748,43586,60640,17054,W
15241,48633,60645,12012,E
12749,43592,60645,17053,W
15244,48640,60650,12010,E
12752,43598,60650,17052,W
15247,48647,60655,12008,E
12756,43604,60655,17051,W
22752,60596,60660,64,N
19892,56454,60660,4206,S
22759,60606,60665,59,N
19897,56461,60665,4204,S
22766,60616,60670,54,N
19902,56468,60670,4202,S
22772,60626,60675,49,N
19908,56475,60675,4200,S
22780,60636,60680,44,N
19911,56482,60680,4198,S
22786,60646,60685,39,N
19916,56489,60685,4196,S
22794,60656,60690,34,N
19922,56496,60690,4194,S
22800,60666,60695,29,N
19926,56503,60695,4192,S
22808,60676,60700,24,N
19931,56510,60700,4190,S
22814,60686,60705,19,N
19936,56517,60705,4188,S
22821,60696,60710,14,N
19940,56524,60710,4186,S
22828,60706,60715,9,N
19946,56531,60715,4184,S
15251,48654,60720,12066,E
12758,43610,60720,17110,W
15255,48661,60725,12064,E
12762,43616,60725,17109,W
15259,48668,60730,12062,E
12764,43622,60730,17108,W
15262,48675,60735,12060,E
12767,43628,60735,17107,W
15265,48682,60740,12058,E
12770,43634,60740,17106,W
15270,48689,60745,12056,E
12772,43640,60745,17105,W
15273,48696,60750,12054,E
12776,43646,60750,17104,W
15278,48703,60755,12052,E
12778,43652,60755,17103,W
15280,48710,60760,12050,E
12781,43658,60760,17102,W
15284,48717,60765,12048,E
12785,43664,60765,17101,W
15288,48724,60770,12046,E
12787,43670,60770,17100,W
15292,48731,60775,12044,E
12790,43676,60775,17099,W
22835,60716,60780,64,N
19949,56538,60780,4242,S
22842,60726,60785,59,N
19955,56545,60785,4240,S
22849,60736,60790,54,N
19960,56552,60790,4238,S
22856,60746,60795,49,N
19964,56559,60795,4236,S
22863,60756,60800,44,N
19969,56566,60800,4234,S
22869,60766,60805,39,N
19974,56573,60805,4232,S
22877,60776,60810,34,N
19979,56580,60810,4230,S
22883,60786,60815,29,N
19984,56587,60815,4228,S
22891,60796,60820,24,N
19988,56594,60820,4226,S
22897,60806,60825,19,N
19993,56601,60825,4224,S
22905,60816,60830,14,N
19998,56608,60830,4222,S
22911,60826,60835,9,N
20003,56615,60835,4220,S
15295,48738,60840,12102,E
12792,43682,60840,17158,W
15299,48745,60845,12100,E
12795,43688,60845,17157,W
15302,48752,60850,12098,E
12799,43694,60850,17156,W
15307,48759,60855,12096,E
12801,43700,60855,17155,W
15310,48766,60860,12094,E
12805,43706,60860,17154,W
15314,48773,60865,12092,E
12807,43712,60865,17153,W
15317,48780,60870,12090,E
12809,43718,60870,17152,W
15321,48787,60875,12088,E
12813,43724,60875,17151,W
15325,48794,60880,12086,E
12815,43730,60880,17150,W
15328,48801,60885,12084,E
12819,43736,60885,17149,W
15332,48808,60890,12082,E
12821,43742,60890,17148,W
15336,48815,60895,12080,E
12824,43748,60895,17147,W
22918,60836,60900,64,N
20007,56622,60900,4278,S
22925,60846,60905,59,N
20012,56629,60905,4276,S
22932,60856,60910,54,N
20017,56636,60910,4274,S
22939,60866,60915,49,N
20022,56643,60915,4272,S
22946,60876,60920,44,N
20027,56650,60920,4270,S
22953,60886,60925,39,N
20031,56657,60925,4268,S
22960,60896,60930,34,N
20036,56664,60930,4266,S
22966,60906,60935,29,N
20042,56671,60935,4264,S
22974,60916,60940,24,N
20045,56678,60940,4262,S
22980,60926,60945,19,N
20051,56685,60945,4260,S
22988,60936,60950,14,N
20055,56692,60950,4258,S
22994,60946,60955,9,N
20060,56699,60955,4256,S
15339,48822,60960,12138,E
12828,43754,60960,17206,W
15344,48829,60965,12136,E
12829,43760,60965,17205,W
15346,48836,60970,12134,E
12833,43766,60970,17204,W
15351,48843,60975,12132,E
12835,43772,60975,17203,W
15354,48850,60980,12130,E
12838,43778,60980,17202,W
15358,48857,60985,12128,E
12842,43784,60985,17201,W
15361,48864,60990,12126,E
12844,43790,60990,17200,W
15365,48871,60995,12124,E
12848,43796,60995,17199,W
15369,48878,61000,12122,E
12849,43802,61000,17198,W
15373,48885,61005,12120,E
12852,43808,61005,17197,W
15376,48892,61010,12118,E
12856,43814,61010,17196,W
15380,48899,61015,12116,E
12858,43820,61015,17195,W
23002,60956,61020,64,N
20065,56706,61020,4314,S
23008,60966,61025,59,N
20069,56713,61025,4312,S
23015,60976,61030,54,N
20075,56720,61030,4310,S
23022,60986,61035,49,N
20080,56727,61035,4308,S
23029,60996,61040,44,N
20083,56734,61040,4306,S
23036,61006,61045,39,N
20089,56741,61045,4304,S
23043,61016,61050,34,N
20094,56748,61050,4302,S
23050,61026,61055,29,N
20099,56755,61055,4300,S
23057,61036,61060,24,N
20103,56762,61060,4298,S
23063,61046,61065,19,N
20107,56769,61065,4296,S
23071,61056,61070,14,N
20113,56776,61070,4294,S
23077,61066,61075,9,N
20118,56783,61075,4292,S
15383,48906,61080,12174,E
12862,43826,61080,17254,W
15388,48913,61085,12172,E
12864,43832,61085,17253,W
15391,48920,61090,12170,E
12867,43838,61090,17252,W
15394,48927,61095,12168,E
12870,43844,61095,17251,W
15398,48934,61100,12166,E
12872,43850,61100,17250,W
15402,48941,61105,12164,E
12876,43856,61105,17249,W
15406,48948,61110,12162,E
12878,43862,61110,17248,W
15410,48955,61115,12160,E
12881,43868,61115,17247,W
15412,48962,61120,12158,E
12885,43874,61120,17246,W
15417,48969,61125,12156,E
12887,43880,61125,17245,W
15420,48976,61130,12154,E
12890,43886,61130,17244,W
15425,48983,61135,12152,E
12892,43892,61135,17243,W
23085,61076,61140,64,N
20122,56790,61140,4350,S
23091,61086,61145,59,N
20127,56797,61145,4348,S
23099,61096,61150,54,N
20132,56804,61150,4346,S
23105,61106,61155,49,N
20137,56811,61155,4344,S
23112,61116,61160,44,N
20141,56818,61160,4342,S
23119,61126,61165,39,N
20147,56825,61165,4340,S
23126,61136,61170,34,N
20151,56832,61170,4338,S
23133,61146,61175,29,N
20156,56839,61175,4336,S
23140,61156,61180,24,N
20160,56846,61180,4334,S
23147,61166,61185,19,N
20165,56853,61185,4332,S
23154,61176,61190,14,N
20171,56860,61190,4330,S
23160,61186,61195,9,N
20175,56867,61195,4328,S
15427,48990,61200,12210,E
12895,43898,61200,17302,W
15431,48997,61205,12208,E
12899,43904,61205,17301,W
15435,49004,61210,12206,E
12901,43910,61210,17300,W
15439,49011,61215,12204,E
12905,43916,61215,17299,W
15443,49018,61220,12202,E
12907,43922,61220,17298,W
15446,49025,61225,12200,E
12909,43928,61225,17297,W
15449,49032,61230,12198,E
12913,43934,61230,17296,W
15454,49039,61235,12196,E
12915,43940,61235,17295,W
15457,49046,61240,12194,E
12919,43946,61240,17294,W
15461,49053,61245,12192,E
12921,43952,61245,17293,W
15464,49060,61250,12190,E
12924,43958,61250,17292,W
15468,49067,61255,12188,E
12928,43964,61255,17291,W
23168,61196,61260,64,N
20179,56874,61260,4386,S
23174,61206,61265,59,N
20185,56881,61265,4384,S
23182,61217,61270,53,N
20189,56888,61270,4382,S
23189,61228,61275,47,N
20195,56895,61275,4380,S
23197,61239,61280,41,N
20199,56902,61280,4378,S
23205,61250,61285,35,N
20203,56909,61285,4376,S
23212,61261,61290,29,N
20209,56916,61290,4374,S
23220,61272,61295,23,N
20213,56923,61295,4372,S
23227,61283,61300,17,N
20218,56930,61300,4370,S
23234,61294,61305,11,N
20223,56937,61305,4368,S
23242,61305,61310,5,N
20227,56944,61310,4366,S
20233,56951,61315,4364,S
15472,49074,61320,12246,E
12929,43970,61320,17350,W
15476,49081,61325,12244,E
12933,43976,61325,17349,W
15479,49088,61330,12242,E
12935,43982,61330,17348,W
15483,49095,61335,12240,E
12938,43988,61335,17347,W
15486,49102,61340,12238,E
12942,43994,61340,17346,W
15491,49109,61345,12236,E
12944,44000,61345,17345,W
15493,49116,61350,12234,E
12948,44006,61350,17344,W
15498,49123,61355,12232,E
12949,44012,61355,17343,W
15501,49130,61360,12230,E
12952,44018,61360,17342,W
15505,49137,61365,12228,E
12956,44024,61365,17341,W
15509,49144,61370,12226,E
12958,44030,61370,17340,W
15512,49151,61375,12224,E
12962,44036,61375,17339,W
23250,61316,61380,64,N
20237,56958,61380,4422,S
23258,61327,61385,58,N
20242,56965,61385,4420,S
23264,61338,61390,52,N
20247,56972,61390,4418,S
23272,61349,61395,46,N
20252,56979,61395,4416,S
23280,61360,61400,40,N
20256,56986,61400,4414,S
23288,61371,61405,34,N
20261,56993,61405,4412,S
23294,61382,61410,28,N
20266,57000,61410,4410,S
23302,61393,61415,22,N
20271,57007,61415,4408,S
23310,61404,61420,16,N
20275,57014,61420,4406,S
23318,61415,61425,10,N
20280,57021,61425,4404,S
23325,61426,61430,4,N
20285,57028,61430,4402,S
20291,57035,61435,4400,S
15516,49158,61440,12282,E
12964,44042,61440,17398,W
15520,49165,61445,12280,E
12967,44048,61445,17397,W
15523,49172,61450,12278,E
12970,44054,61450,17396,W
15527,49179,61455,12276,E
12972,44060,61455,17395,W
15530,49186,61460,12274,E
12976,44066,61460,17394,W
15535,49193,61465,12272,E
12978,44072,61465,17393,W
15538,49200,61470,12270,E
12981,44078,61470,17392,W
15542,49207,61475,12268,E
12985,44084,61475,17391,W
15545,49214,61480,12266,E
12987,44090,61480,17390,W
15549,49221,61485,12264,E
12990,44096,61485,17389,W
15553,49228,61490,12262,E
12992,44102,61490,17388,W
15557,49235,61495,12260,E
12995,44108,61495,17387,W
23332,61437,61500,63,N
20294,57042,61500,4458,S
23340,61448,61505,57,N
20299,57049,61505,4456,S
23347,61459,61510,51,N
20305,57056,61510,4454,S
23355,61470,61515,45,N
20309,57063,61515,4452,S
23363,61481,61520,39,N
20314,57070,61520,4450,S
23370,61492,61525,33,N
20318,57077,61525,4448,S
23378,61503,61530,27,N
20323,57084,61530,4446,S
23384,61514,61535,21,N
20329,57091,61535,4444,S
23393,61525,61540,15,N
20332,57098,61540,4442,S
23400,61536,61545,9,N
20338,57105,61545,4440,S
23408,61547,61550,3,N
20343,57112,61550,4438,S
20347,57119,61555,4436,S
15559,49242,61560,12318,E
12999,44114,61560,17446,W
15564,49249,61565,12316,E
13001,44120,61565,17445,W
15567,49256,61570,12314,E
13005,44126,61570,17444,W
15572,49263,61575,12312,E
13007,44132,61575,17443,W
15575,49270,61580,12310,E
13009,44138,61580,17442,W
15578,49277,61585,12308,E
13013,44144,61585,17441,W
15582,49284,61590,12306,E
13015,44150,61590,17440,W
15586,49291,61595,12304,E
13019,44156,61595,17439,W
15590,49298,61600,12302,E
13021,44162,61600,17438,W
15593,49305,61605,12300,E
13024,44168,61605,17437,W
15596,49312,61610,12298,E
13028,44174,61610,17436,W
15601,49319,61615,12296,E
13029,44180,61615,17435,W
23415,61558,61620,62,N
20352,57126,61620,4494,S
23422,61569,61625,56,N
20357,57133,61625,4492,S
23431,61580,61630,50,N
20362,57140,61630,4490,S
23438,61591,61635,44,N
20367,57147,61635,4488,S
23445,61602,61640,38,N
20370,57154,61640,4486,S
23452,61613,61645,32,N
20376,57161,61645,4484,S
23460,61624,61650,26,N
20381,57168,61650,4482,S
23469,61635,61655,20,N
20386,57175,61655,4480,S
23475,61646,61660,14,N
20390,57182,61660,4478,S
23483,61657,61665,8,N
20395,57189,61665,4476,S
23490,61668,61670,2,N
20400,57196,61670,4474,S
20405,57203,61675,4472,S
15604,49326,61680,12354,E
13033,44186,61680,17494,W
15609,49333,61685,12352,E
13035,44192,61685,17493,W
15611,49340,61690,12350,E
13038,44198,61690,17492,W
15615,49347,61695,12348,E
13042,44204,61695,17491,W
15619,49354,61700,12346,E
13044,44210,61700,17490,W
15623,49361,61705,12344,E
13048,44216,61705,17489,W
15626,49368,61710,12342,E
13049,44222,61710,17488,W
15630,49375,61715,12340,E
13052,44228,61715,17487,W
15633,49382,61720,12338,E
13056,44234,61720,17486,W
15638,49389,61725,12336,E
13058,44240,61725,17485,W
15641,49396,61730,12334,E
13062,44246,61730,17484,W
15645,49403,61735,12332,E
13064,44252,61735,17483,W
23498,61679,61740,61,N
20410,57210,61740,4530,S
23505,61690,61745,55,N
20414,57217,61745,4528,S
23513,61701,61750,49,N
20419,57224,61750,4526,S
23521,61712,61755,43,N
20424,57231,61755,4524,S
23528,61723,61760,37,N
20428,57238,61760,4522,S
23535,61734,61765,31,N
20434,57245,61765,4520,S
23543,61745,61770,25,N
20438,57252,61770,4518,S
23551,61756,61775,19,N
20443,57259,61775,4516,S
23558,61767,61780,13,N
20448,57266,61780,4514,S
23565,61778,61785,7,N
20452,57273,61785,4512,S
23573,61789,61790,1,N
20458,57280,61790,4510,S
20463,57287,61795,4508,S
15648,49410,61800,12390,E
13067,44258,61800,17542,W
15652,49417,61805,12388,E
13070,44264,61805,17541,W
15656,49424,61810,12386,E
13072,44270,61810,17540,W
15659,49431,61815,12384,E
13076,44276,61815,17539,W
15663,49438,61820,12382,E
13078,44282,61820,17538,W
15667,49445,61825,12380,E
13081,44288,61825,17537,W
15670,49452,61830,12378,E
13085,44294,61830,17536,W
15675,49459,61835,12376,E
13087,44300,61835,17535,W
15677,49466,61840,12374,E
13090,44306,61840,17534,W
15682,49473,61845,12372,E
13092,44312,61845,17533,W
15685,49480,61850,12370,E
13095,44318,61850,17532,W
15689,49487,61855,12368,E
13099,44324,61855,17531,W
23581,61800,61860,60,N
20466,57294,61860,4566,S
23589,61811,61865,54,N
20472,57301,61865,4564,S
23595,61822,61870,48,N
20476,57308,61870,4562,S
23603,61833,61875,42,N
20482,57315,61875,4560,S
23610,61844,61880,36,N
20486,57322,61880,4558,S
23619,61855,61885,30,N
20490,57329,61885,4556,S
23626,61866,61890,24,N
20496,57336,61890,4554,S
23633,61877,61895,18,N
20501,57343,61895,4552,S
23641,61888,61900,12,N
20505,57350,61900,4550,S
23648,61899,61905,6,N
20510,57357,61905,4548,S
23656,61910,61910,0,N
20515,57364,61910,4546,S
20520,57371,61915,4544,S
15692,49494,61920,12426,E
13101,44330,61920,17590,W
15696,49501,61925,12424,E
13105,44336,61925,17589,W
15700,49508,61930,12422,E
13107,44342,61930,17588,W
15704,49515,61935,12420,E
13109,44348,61935,17587,W
15707,49522,61940,12418,E
13113,44354,61940,17586,W
15711,49529,61945,12416,E
13115,44360,61945,17585,W
15714,49536,61950,12414,E
13119,44366,61950,17584,W
15719,49543,61955,12412,E
13121,44372,61955,17583,W
15722,49550,61960,12410,E
13124,44378,61960,17582,W
15725,49557,61965,12408,E
13128,44384,61965,17581,W
15729,49564,61970,12406,E
13129,44390,61970,17580,W
15733,49571,61975,12404,E
13133,44396,61975,17579,W
23663,61921,61980,59,N
20524,57378,61980,4602,S
23671,61932,61985,53,N
20529,57385,61985,4600,S
23679,61943,61990,47,N
20534,57392,61990,4598,S
23685,61954,61995,41,N
20539,57399,61995,4596,S
23694,61965,62000,35,N
20543,57406,62000,4594,S
23701,61976,62005,29,N
20548,57413,62005,4592,S
23709,61987,62010,23,N
20554,57420,62010,4590,S
23715,61998,62015,17,N
20558,57427,62015,4588,S
23723,62009,62020,11,N
20562,57434,62020,4586,S
23732,62020,62025,5,N
20568,57441,62025,4584,S
20572,57448,62030,4582,S
23739,62031,62035,4,N
20578,57455,62035,4580,S
15737,49578,62040,12462,E
13135,44402,62040,17638,W
15741,49585,62045,12460,E
13138,44408,62045,17637,W
15743,49592,62050,12458,E
13142,44414,62050,17636,W
15748,49599,62055,12456,E
13144,44420,62055,17635,W
15751,49606,62060,12454,E
13148,44426,62060,17634,W
15756,49613,62065,12452,E
13149,44432,62065,17633,W
15758,49620,62070,12450,E
13152,44438,62070,17632,W
15762,49627,62075,12448,E
13156,44444,62075,17631,W
15766,49634,62080,12446,E
13158,44450,62080,17630,W
15770,49641,62085,12444,E
13162,44456,62085,17629,W
15774,49648,62090,12442,E
13164,44462,62090,17628,W
15777,49655,62095,12440,E
13167,44468,62095,17627,W
23746,62042,62100,58,N
20581,57462,62100,4638,S
23753,62053,62105,52,N
20586,57469,62105,4636,S
23761,62064,62110,46,N
20592,57476,62110,4634,S
23769,62075,62115,40,N
20596,57483,62115,4632,S
23776,62086,62120,34,N
20601,57490,62120,4630,S
23784,62097,62125,28,N
20606,57497,62125,4628,S
23791,62108,62130,22,N
20610,57504,62130,4626,S
23799,62119,62135,16,N
20616,57511,62135,4624,S
23806,62130,62140,10,N
20620,57518,62140,4622,S
23814,62141,62145,4,N
20625,57525,62145,4620,S
20630,57532,62150,4618,S
23821,62152,62155,3,N
20634,57539,62155,4616,S
15780,49662,62160,12498,E
13170,44474,62160,17686,W
15785,49669,62165,12496,E
13172,44480,62165,17685,W
15788,49676,62170,12494,E
13176,44486,62170,17684,W
15792,49683,62175,12492,E
13178,44492,62175,17683,W
15795,49690,62180,12490,E
13181,44498,62180,17682,W
15799,49697,62185,12488,E
13185,44504,62185,17681,W
15803,49704,62190,12486,E
13187,44510,62190,17680,W
15807,49711,62195,12484,E
13190,44516,62195,17679,W
15810,49718,62200,12482,E
13192,44522,62200,17678,W
15814,49725,62205,12480,E
13195,44528,62205,17677,W
15817,49732,62210,12478,E
13199,44534,62210,17676,W
15822,49739,62215,12476,E
13201,44540,62215,17675,W
23829,62163,62220,57,N
20639,57546,62220,4674,S
23836,62174,62225,51,N
20644,57553,62225,4672,S
23844,62185,62230,45,N
20649,57560,62230,4670,S
23852,62196,62235,39,N
20654,57567,62235,4668,S
23859,62207,62240,33,N
20658,57574,62240,4666,S
23866,62218,62245,27,N
20663,57581,62245,4664,S
23873,62229,62250,21,N
20668,57588,62250,4662,S
23882,62240,62255,15,N
20674,57595,62255,4660,S
23890,62251,62260,9,N
20677,57602,62260,4658,S
23896,62262,62265,3,N
20682,57609,62265,4656,S
20688,57616,62270,4654,S
23904,62273,62275,2,N
20692,57623,62275,4652,S
15824,49746,62280,12534,E
13205,44546,62280,17734,W
15829,49753,62285,12532,E
13207,44552,62285,17733,W
15832,49760,62290,12530,E
13209,44558,62290,17732,W
15836,49767,62295,12528,E
13213,44564,62295,17731,W
15840,49774,62300,12526,E
13215,44570,62300,17730,W
15843,49781,62305,12524,E
13219,44576,62305,17729,W
15847,49788,62310,12522,E
13221,44582,62310,17728,W
15851,49795,62315,12520,E
13224,44588,62315,17727,W
15854,49802,62320,12518,E
13228,44594,62320,17726,W
15858,49809,62325,12516,E
13229,44600,62325,17725,W
15861,49816,62330,12514,E
13233,44606,62330,17724,W
15866,49823,62335,12512,E
13235,44612,62335,17723,W
23911,62284,62340,56,N
20697,57630,62340,4710,S
23920,62295,62345,50,N
20702,57637,62345,4708,S
23926,62306,62350,44,N
20706,57644,62350,4706,S
23934,62317,62355,38,N
20712,57651,62355,4704,S
23942,62328,62360,32,N
20716,57658,62360,4702,S
23949,62339,62365,26,N
20721,57665,62365,4700,S
23957,62350,62370,20,N
20726,57672,62370,4698,S
23964,62361,62375,14,N
20731,57679,62375,4696,S
23972,62372,62380,8,N
20736,57686,62380,4694,S
23979,62383,62385,2,N
20740,57693,62385,4692,S
20746,57700,62390,4690,S
23986,62394,62395,1,N
20751,57707,62395,4688,S
15869,49830,62400,12570,E
13238,44618,62400,17782,W
15873,49837,62405,12568,E
13242,44624,62405,17781,W
15876,49844,62410,12566,E
13244,44630,62410,17780,W
15880,49851,62415,12564,E
13248,44636,62415,17779,W
15884,49858,62420,12562,E
13249,44642,62420,17778,W
15888,49865,62425,12560,E
13252,44648,62425,17777,W
15890,49872,62430,12558,E
13256,44654,62430,17776,W
15895,49879,62435,12556,E
13258,44660,62435,17775,W
15898,49886,62440,12554,E
13262,44666,62440,17774,W
15903,49893,62445,12552,E
13264,44672,62445,17773,W
15906,49900,62450,12550,E
13267,44678,62450,17772,W
15909,49907,62455,12548,E
13270,44684,62455,17771,W
23995,62405,62460,55,N
20754,57714,62460,4746,S
24002,62416,62465,49,N
20760,57721,62465,4744,S
24010,62427,62470,43,N
20765,57728,62470,4742,S
24016,62438,62475,37,N
20770,57735,62475,4740,S
24024,62449,62480,31,N
20774,57742,62480,4738,S
24032,62460,62485,25,N
20779,57749,62485,4736,S
24040,62471,62490,19,N
20785,57756,62490,4734,S
24047,62482,62495,13,N
20789,57763,62495,4732,S
24054,62493,62500,7,N
20794,57770,62500,4730,S
24062,62504,62505,1,N
20799,57777,62505,4728,S
20803,57784,62510,4726,S
24070,62515,62515,0,N
20809,57791,62515,4724,S
15913,49914,62520,12606,E
13272,44690,62520,17830,W
15917,49921,62525,12604,E
13276,44696,62525,17829,W
15921,49928,62530,12602,E
13278,44702,62530,17828,W
15924,49935,62535,12600,E
13281,44708,62535,17827,W
15927,49942,62540,12598,E
13285,44714,62540,17826,W
15932,49949,62545,12596,E
13287,44720,62545,17825,W
15935,49956,62550,12594,E
13290,44726,62550,17824,W
15940,49963,62555,12592,E
13292,44732,62555,17823,W
15942,49970,62560,12590,E
13295,44738,62560,17822,W
15946,49977,62565,12588,E
13299,44744,62565,17821,W
15950,49984,62570,12586,E
13301,44750,62570,17820,W
15954,49991,62575,12584,E
13305,44756,62575,17819,W
24077,62526,62580,54,N
20813,57798,62580,4782,S
24084,62537,62585,48,N
20818,57805,62585,4780,S
24092,62548,62590,42,N
20823,57812,62590,4778,S
24100,62559,62595,36,N
20828,57819,62595,4776,S
24107,62570,62600,30,N
20833,57826,62600,4774,S
24115,62581,62605,24,N
20837,57833,62605,4772,S
24122,62592,62610,18,N
20843,57840,62610,4770,S
24130,62603,62615,12,N
20848,57847,62615,4768,S
24136,62614,62620,6,N
20851,57854,62620,4766,S
24145,62625,62625,0,N
20857,57861,62625,4764,S
20862,57868,62630,4762,S
20867,57875,62635,4760,S
15957,49998,62640,12642,E
13307,44762,62640,17878,W
15961,50005,62645,12640,E
13309,44768,62645,17877,W
15964,50012,62650,12638,E
13313,44774,62650,17876,W
15969,50019,62655,12636,E
13315,44780,62655,17875,W
15972,50026,62660,12634,E
13319,44786,62660,17874,W
15976,50033,62665,12632,E
13321,44792,62665,17873,W
15979,50040,62670,12630,E
13324,44798,62670,17872,W
15983,50047,62675,12628,E
13328,44804,62675,17871,W
15987,50054,62680,12626,E
13329,44810,62680,17870,W
15990,50061,62685,12624,E
13333,44816,62685,17869,W
15994,50068,62690,12622,E
13335,44822,62690,17868,W
15998,50075,62695,12620,E
13338,44828,62695,17867,W
24153,62636,62700,64,N
20871,57882,62700,4818,S
24160,62647,62705,58,N
20876,57889,62705,4816,S
24167,62658,62710,52,N
20882,57896,62710,4814,S
24174,62669,62715,46,N
20886,57903,62715,4812,S
24183,62680,62720,40,N
20891,57910,62720,4810,S
24190,62691,62725,34,N
20896,57917,62725,4808,S
24197,62702,62730,28,N
20900,57924,62730,4806,S
24205,62713,62735,22,N
20906,57931,62735,4804,S
24212,62724,62740,16,N
20910,57938,62740,4802,S
24221,62735,62745,10,N
20915,57945,62745,4800,S
24227,62746,62750,4,N
20920,57952,62750,4798,S
20925,57959,62755,4796,S
16001,50082,62760,12678,E
13342,44834,62760,17926,W
16006,50089,62765,12676,E
13344,44840,62765,17925,W
16008,50096,62770,12674,E
13348,44846,62770,17924,W
16013,50103,62775,12672,E
13349,44852,62775,17923,W
16016,50110,62780,12670,E
13352,44858,62780,17922,W
16020,50117,62785,12668,E
13356,44864,62785,17921,W
16023,50124,62790,12666,E
13358,44870,62790,17920,W
16027,50131,62795,12664,E
13362,44876,62795,17919,W
16031,50138,62800,12662,E
13364,44882,62800,17918,W
16035,50145,62805,12660,E
13367,44888,62805,17917,W
16038,50152,62810,12658,E
13370,44894,62810,17916,W
16042,50159,62815,12656,E
13372,44900,62815,17915,W
24235,62757,62820,63,N
20930,57966,62820,4854,S
24242,62768,62825,57,N
20934,57973,62825,4852,S
24250,62779,62830,51,N
20940,57980,62830,4850,S
24258,62790,62835,45,N
20945,57987,62835,4848,S
24265,62801,62840,39,N
20948,57994,62840,4846,S
24273,62812,62845,33,N
20954,58001,62845,4844,S
24280,62823,62850,27,N
20959,58008,62850,4842,S
24287,62834,62855,21,N
20964,58015,62855,4840,S
24295,62845,62860,15,N
20968,58022,62860,4838,S
24303,62856,62865,9,N
20973,58029,62865,4836,S
24311,62867,62870,3,N
20979,58036,62870,4834,S
20983,58043,62875,4832,S
16045,50166,62880,12714,E
13376,44906,62880,17974,W
16050,50173,62885,12712,E
13378,44912,62885,17973,W
16053,50180,62890,12710,E
13381,44918,62890,17972,W
16056,50187,62895,12708,E
13385,44924,62895,17971,W
16060,50194,62900,12706,E
13387,44930,62900,17970,W
16064,50201,62905,12704,E
13390,44936,62905,17969,W
16068,50208,62910,12702,E
13392,44942,62910,17968,W
16072,50215,62915,12700,E
13395,44948,62915,17967,W
16074,50222,62920,12698,E
13399,44954,62920,17966,W
16079,50229,62925,12696,E
13401,44960,62925,17965,W
16082,50236,62930,12694,E
13405,44966,62930,17964,W
16087,50243,62935,12692,E
13407,44972,62935,17963,W
24317,62878,62940,62,N
20988,58050,62940,4890,S
24325,62889,62945,56,N
20993,58057,62945,4888,S
24333,62900,62950,50,N
20997,58064,62950,4886,S
24341,62911,62955,44,N
21003,58071,62955,4884,S
24347,62922,62960,38,N
21007,58078,62960,4882,S
24355,62933,62965,32,N
21012,58085,62965,4880,S
24363,62944,62970,26,N
21017,58092,62970,4878,S
24371,62955,62975,20,N
21022,58099,62975,4876,S
24378,62966,62980,14,N
21027,58106,62980,4874,S
24385,62977,62985,8,N
21031,58113,62985,4872,S
24393,62988,62990,2,N
21037,58120,62990,4870,S
21042,58127,62995,4868,S
16089,50250,63000,12750,E
13409,44978,63000,18022,W
16093,50257,63005,12748,E
13413,44984,63005,18021,W
16097,50264,63010,12746,E
13415,44990,63010,18020,W
16101,50271,63015,12744,E
13419,44996,63015,18019,W
16105,50278,63020,12742,E
13421,45002,63020,18018,W
16108,50285,63025,12740,E
13424,45008,63025,18017,W
16111,50292,63030,12738,E
13428,45014,63030,18016,W
16116,50299,63035,12736,E
13429,45020,63035,18015,W
16119,50306,63040,12734,E
13433,45026,63040,18014,W
16123,50313,63045,12732,E
13435,45032,63045,18013,W
16126,50320,63050,12730,E
13438,45038,63050,18012,W
16130,50327,63055,12728,E
13442,45044,63055,18011,W
24400,62999,63060,61,N
21045,58134,63060,4926,S
24408,63010,63065,55,N
21051,58141,63065,4924,S
24416,63021,63070,49,N
21056,58148,63070,4922,S
24423,63032,63075,43,N
21061,58155,63075,4920,S
24431,63043,63080,37,N
21065,58162,63080,4918,S
24437,63054,63085,31,N
21070,58169,63085,4916,S
24446,63065,63090,25,N
21076,58176,63090,4914,S
24453,63076,63095,19,N
21080,58183,63095,4912,S
24461,63087,63100,13,N
21085,58190,63100,4910,S
24468,63098,63105,7,N
21090,58197,63105,4908,S
24475,63109,63110,1,N
21094,58204,63110,4906,S
21100,58211,63115,4904,S
16134,50334,63120,12786,E
13444,45050,63120,18070,W
16138,50341,63125,12784,E
13448,45056,63125,18069,W
16141,50348,63130,12782,E
13449,45062,63130,18068,W
16145,50355,63135,12780,E
13452,45068,63135,18067,W
16148,50362,63140,12778,E
13456,45074,63140,18066,W
16153,50369,63145,12776,E
13458,45080,63145,18065,W
16155,50376,63150,12774,E
13462,45086,63150,18064,W
16160,50383,63155,12772,E
13464,45092,63155,18063,W
16163,50390,63160,12770,E
13467,45098,63160,18062,W
16167,50397,63165,12768,E
13470,45104,63165,18061,W
16171,50404,63170,12766,E
13472,45110,63170,18060,W
16174,50410,63175,12765,E
13476,45116,63175,18059,W
24484,63120,63180,60,N
21104,58218,63180,4962,S
24491,63131,63185,54,N
21109,58225,63185,4960,S
24498,63142,63190,48,N
21114,58232,63190,4958,S
24505,63153,63195,42,N
21119,58239,63195,4956,S
24513,63164,63200,36,N
21124,58246,63200,4954,S
24522,63175,63205,30,N
21128,58253,63205,4952,S
24528,63186,63210,24,N
21134,58260,63210,4950,S
24536,63197,63215,18,N
21139,58267,63215,4948,S
24543,63208,63220,12,N
21142,58274,63220,4946,S
24551,63219,63225,6,N
21148,58281,63225,4944,S
24558,63230,63230,0,N
21153,58288,63230,4942,S
21158,58295,63235,4940,S
16177,50416,63240,12824,E
13478,45122,63240,18118,W
16181,50422,63245,12823,E
13481,45128,63245,18117,W
16185,50428,63250,12822,E
13485,45134,63250,18116,W
16188,50434,63255,12821,E
13487,45140,63255,18115,W
16191,50440,63260,12820,E
13490,45146,63260,18114,W
16194,50446,63265,12819,E
13492,45152,63265,18113,W
16198,50452,63270,12818,E
13495,45158,63270,18112,W
16201,50458,63275,12817,E
13499,45164,63275,18111,W
16205,50464,63280,12816,E
13501,45170,63280,18110,W
16208,50470,63285,12815,E
13505,45176,63285,18109,W
16212,50476,63290,12814,E
13507,45182,63290,18108,W
16214,50482,63295,12813,E
13509,45188,63295,18107,W
24566,63241,63300,59,N
21162,58302,63300,4998,S
24574,63252,63305,53,N
21167,58309,63305,4996,S
24581,63263,63310,47,N
21173,58316,63310,4994,S
24588,63274,63315,41,N
21177,58323,63315,4992,S
24596,63285,63320,35,N
21182,58330,63320,4990,S
24604,63296,63325,29,N
21187,58337,63325,4988,S
24611,63307,63330,23,N
21191,58344,63330,4986,S
24618,63318,63335,17,N
21197,58351,63335,4984,S
24626,63329,63340,11,N
21201,58358,63340,4982,S
24634,63340,63345,5,N
21206,58365,63345,4980,S
21211,58372,63350,4978,S
24642,63351,63355,4,N
21216,58379,63355,4976,S
16219,50488,63360,12872,E
13513,45194,63360,18166,W
16222,50494,63365,12871,E
13515,45200,63365,18165,W
16226,50500,63370,12870,E
13519,45206,63370,18164,W
16228,50506,63375,12869,E
13521,45212,63375,18163,W
16232,50512,63380,12868,E
13524,45218,63380,18162,W
16236,50518,63385,12867,E
13528,45224,63385,18161,W
16239,50524,63390,12866,E
13529,45230,63390,18160,W
16242,50530,63395,12865,E
13533,45236,63395,18159,W
16245,50536,63400,12864,E
13535,45242,63400,18158,W
16249,50542,63405,12863,E
13538,45248,63405,18157,W
16253,50548,63410,12862,E
13542,45254,63410,18156,W
16256,50554,63415,12861,E
13544,45260,63415,18155,W
24648,63362,63420,58,N
21221,58386,63420,5034,S
24656,63373,63425,52,N
21225,58393,63425,5032,S
24663,63384,63430,46,N
21231,58400,63430,5030,S
24672,63395,63435,40,N
21236,58407,63435,5028,S
24679,63406,63440,34,N
21239,58414,63440,5026,S
24686,63417,63445,28,N
21245,58421,63445,5024,S
24694,63428,63450,22,N
21250,58428,63450,5022,S
24701,63439,63455,16,N
21255,58435,63455,5020,S
24709,63450,63460,10,N
21259,58442,63460,5018,S
24716,63461,63465,4,N
21264,58449,63465,5016,S
21270,58456,63470,5014,S
24724,63472,63475,3,N
21274,58463,63475,5012,S
16259,50560,63480,12920,E
13548,45266,63480,18214,W
16263,50566,63485,12919,E
13549,45272,63485,18213,W
16266,50572,63490,12918,E
13552,45278,63490,18212,W
16270,50578,63495,12917,E
13556,45284,63495,18211,W
16273,50584,63500,12916,E
13558,45290,63500,18210,W
16277,50590,63505,12915,E
13562,45296,63505,18209,W
16280,50596,63510,12914,E
13564,45302,63510,18208,W
16282,50602,63515,12913,E
13567,45308,63515,18207,W
16287,50608,63520,12912,E
13570,45314,63520,18206,W
16290,50614,63525,12911,E
13572,45320,63525,18205,W
16294,50620,63530,12910,E
13576,45326,63530,18204,W
16296,50626,63535,12909,E
13578,45332,63535,18203,W
24732,63483,63540,57,N
21279,58470,63540,5070,S
24738,63494,63545,51,N
21284,58477,63545,5068,S
24747,63505,63550,45,N
21288,58484,63550,5066,S
24754,63516,63555,39,N
21294,58491,63555,5064,S
24762,63527,63560,33,N
21298,58498,63560,5062,S
24768,63538,63565,27,N
21303,58505,63565,5060,S
24776,63549,63570,21,N
21308,58512,63570,5058,S
24785,63560,63575,15,N
21313,58519,63575,5056,S
24792,63571,63580,9,N
21318,58526,63580,5054,S
24799,63582,63585,3,N
21322,58533,63585,5052,S
21328,58540,63590,5050,S
24806,63593,63595,2,N
21333,58547,63595,5048,S
16300,50632,63600,12968,E
13581,45338,63600,18262,W
16304,50638,63605,12967,E
13585,45344,63605,18261,W
16308,50644,63610,12966,E
13587,45350,63610,18260,W
16310,50650,63615,12965,E
13590,45356,63615,18259,W
16314,50656,63620,12964,E
13592,45362,63620,18258,W
16317,50662,63625,12963,E
13595,45368,63625,18257,W
16322,50668,63630,12962,E
13599,45374,63630,18256,W
16324,50674,63635,12961,E
13601,45380,63635,18255,W
16327,50680,63640,12960,E
13605,45386,63640,18254,W
16331,50686,63645,12959,E
13607,45392,63645,18253,W
16334,50692,63650,12958,E
13609,45398,63650,18252,W
16338,50698,63655,12957,E
13613,45404,63655,18251,W
24814,63604,63660,56,N
21336,58554,63660,5106,S
24822,63615,63665,50,N
21342,58561,63665,5104,S
24829,63626,63670,44,N
21347,58568,63670,5102,S
24837,63637,63675,38,N
21352,58575,63675,5100,S
24844,63648,63680,32,N
21356,58582,63680,5098,S
24852,63659,63685,26,N
21361,58589,63685,5096,S
24859,63670,63690,20,N
21367,58596,63690,5094,S
24867,63681,63695,14,N
21371,58603,63695,5092,S
24874,63692,63700,8,N
21376,58610,63700,5090,S
24882,63703,63705,2,N
21381,58617,63705,5088,S
21385,58624,63710,5086,S
24889,63714,63715,1,N
21391,58631,63715,5084,S
16341,50704,63720,13016,E
13615,45410,63720,18310,W
16345,50710,63725,13015,E
13619,45416,63725,18309,W
16348,50716,63730,13014,E
13621,45422,63730,18308,W
16351,50722,63735,13013,E
13624,45428,63735,18307,W
16355,50728,63740,13012,E
13628,45434,63740,18306,W
16359,50734,63745,13011,E
13629,45440,63745,18305,W
16362,50740,63750,13010,E
13633,45446,63750,18304,W
16365,50746,63755,13009,E
13635,45452,63755,18303,W
16368,50752,63760,13008,E
13638,45458,63760,18302,W
16372,50758,63765,13007,E
13642,45464,63765,18301,W
16376,50764,63770,13006,E
13644,45470,63770,18300,W
16378,50770,63775,13005,E
13648,45476,63775,18299,W
24897,63725,63780,55,N
21395,58638,63780,5142,S
24905,63736,63785,49,N
21400,58645,63785,5140,S
24912,63747,63790,43,N
21405,58652,63790,5138,S
24919,63758,63795,37,N
21410,58659,63795,5136,S
24926,63769,63800,31,N
21415,58666,63800,5134,S
24935,63780,63805,25,N
21419,58673,63805,5132,S
24943,63791,63810,19,N
21425,58680,63810,5130,S
24949,63802,63815,13,N
21430,58687,63815,5128,S
24957,63813,63820,7,N
21433,58694,63820,5126,S
24964,63824,63825,1,N
21439,58701,63825,5124,S
21444,58708,63830,5122,S
24973,63835,63835,0,N
21449,58715,63835,5120,S
16382,50776,63840,13064,E
13649,45482,63840,18358,W
16385,50782,63845,13063,E
13652,45488,63845,18357,W
16390,50788,63850,13062,E
13656,45494,63850,18356,W
16392,50794,63855,13061,E
13658,45500,63855,18355,W
16396,50800,63860,13060,E
13662,45506,63860,18354,W
16399,50806,63865,13059,E
13664,45512,63865,18353,W
16403,50812,63870,13058,E
13667,45518,63870,18352,W
16406,50818,63875,13057,E
13670,45524,63875,18351,W
16410,50824,63880,13056,E
13672,45530,63880,18350,W
16413,50830,63885,13055,E
13676,45536,63885,18349,W
16416,50836,63890,13054,E
13678,45542,63890,18348,W
16419,50842,63895,13053,E
13681,45548,63895,18347,W
24979,63846,63900,54,N
21453,58722,63900,5178,S
24987,63857,63905,48,N
21458,58729,63905,5176,S
24995,63868,63910,42,N
21464,58736,63910,5174,S
25002,63879,63915,36,N
21468,58743,63915,5172,S
25010,63890,63920,30,N
21473,58750,63920,5170,S
25017,63901,63925,24,N
21478,58757,63925,5168,S
25025,63912,63930,18,N
21482,58764,63930,5166,S
25032,63923,63935,12,N
21488,58771,63935,5164,S
25039,63934,63940,6,N
21492,58778,63940,5162,S
25048,63945,63945,0,N
21497,58785,63945,5160,S
21502,58792,63950,5158,S
21507,58799,63955,5156,S
16423,50848,63960,13112,E
13685,45554,63960,18406,W
16427,50854,63965,13111,E
13687,45560,63965,18405,W
16430,50860,63970,13110,E
13690,45566,63970,18404,W
16433,50866,63975,13109,E
13692,45572,63975,18403,W
16436,50872,63980,13108,E
13695,45578,63980,18402,W
16441,50878,63985,13107,E
13699,45584,63985,18401,W
16444,50884,63990,13106,E
13701,45590,63990,18400,W
16447,50890,63995,13105,E
13705,45596,63995,18399,W
16450,50896,64000,13104,E
13707,45602,64000,18398,W
16454,50902,64005,13103,E
13709,45608,64005,18397,W
16458,50908,64010,13102,E
13713,45614,64010,18396,W
16460,50914,64015,13101,E
13715,45620,64015,18395,W
25055,63956,64020,64,N
21512,58806,64020,5214,S
25063,63967,64025,58,N
21516,58813,64025,5212,S
25069,63978,64030,52,N
21522,58820,64030,5210,S
25077,63989,64035,46,N
21527,58827,64035,5208,S
25085,64000,64040,40,N
21530,58834,64040,5206,S
25093,64011,64045,34,N
21536,58841,64045,5204,S
25100,64022,64050,28,N
21541,58848,64050,5202,S
25107,64033,64055,22,N
21546,58855,64055,5200,S
25115,64044,64060,16,N
21550,58862,64060,5198,S
25123,64055,64065,10,N
21555,58869,64065,5196,S
25130,64066,64070,4,N
21561,58876,64070,5194,S
21565,58883,64075,5192,S
16464,50920,64080,13160,E
13719,45626,64080,18454,W
16467,50926,64085,13159,E
13721,45632,64085,18453,W
16471,50932,64090,13158,E
13724,45638,64090,18452,W
16474,50938,64095,13157,E
13728,45644,64095,18451,W
16478,50944,64100,13156,E
13729,45650,64100,18450,W
16481,50950,64105,13155,E
13733,45656,64105,18449,W
16485,50956,64110,13154,E
13735,45662,64110,18448,W
16487,50962,64115,13153,E
13738,45668,64115,18447,W
16492,50968,64120,13152,E
13742,45674,64120,18446,W
16495,50974,64125,13151,E
13744,45680,64125,18445,W
16499,50980,64130,13150,E
13748,45686,64130,18444,W
16501,50986,64135,13149,E
13749,45692,64135,18443,W
25137,64077,64140,63,N
21570,58890,64140,5250,S
25145,64088,64145,57,N
21575,58897,64145,5248,S
25153,64099,64150,51,N
21579,58904,64150,5246,S
25160,64110,64155,45,N
21585,58911,64155,5244,S
25168,64121,64160,39,N
21589,58918,64160,5242,S
25175,64132,64165,33,N
21594,58925,64165,5240,S
25183,64143,64170,27,N
21599,58932,64170,5238,S
25189,64154,64175,21,N
21604,58939,64175,5236,S
25198,64165,64180,15,N
21609,58946,64180,5234,S
25206,64176,64185,9,N
21613,58953,64185,5232,S
25213,64187,64190,3,N
21619,58960,64190,5230,S
21624,58967,64195,5228,S
16504,50992,64200,13208,E
13752,45698,64200,18502,W
16509,50998,64205,13207,E
13756,45704,64205,18501,W
16512,51004,64210,13206,E
13758,45710,64210,18500,W
16515,51010,64215,13205,E
13762,45716,64215,18499,W
16518,51016,64220,13204,E
13764,45722,64220,18498,W
16522,51022,64225,13203,E
13767,45728,64225,18497,W
16526,51028,64230,13202,E
13770,45734,64230,18496,W
16529,51034,64235,13201,E
13772,45740,64235,18495,W
16532,51040,64240,13200,E
13776,45746,64240,18494,W
16536,51046,64245,13199,E
13778,45752,64245,18493,W
16539,51052,64250,13198,E
13781,45758,64250,18492,W
16543,51058,64255,13197,E
13785,45764,64255,18491,W
25220,64198,64260,62,N
21627,58974,64260,5286,S
25227,64209,64265,56,N
21633,58981,64265,5284,S
25236,64220,64270,50,N
21638,58988,64270,5282,S
25243,64231,64275,44,N
21643,58995,64275,5280,S
25250,64242,64280,38,N
21647,59002,64280,5278,S
25258,64253,64285,32,N
21652,59009,64285,5276,S
25265,64264,64290,26,N
21658,59016,64290,5274,S
25274,64275,64295,20,N
21662,59023,64295,5272,S
25280,64286,64300,14,N
21667,59030,64300,5270,S
25288,64297,64305,8,N
21672,59037,64305,5268,S
25295,64308,64310,2,N
21676,59044,64310,5266,S
21682,59051,64315,5264,S
16546,51064,64320,13256,E
13787,45770,64320,18550,W
16549,51070,64325,13255,E
13790,45776,64325,18549,W
16553,51076,64330,13254,E
13792,45782,64330,18548,W
16555,51082,64335,13253,E
13795,45788,64335,18547,W
16560,51088,64340,13252,E
13799,45794,64340,18546,W
16563,51094,64345,13251,E
13801,45800,64345,18545,W
16567,51100,64350,13250,E
13805,45806,64350,18544,W
16569,51106,64355,13249,E
13807,45812,64355,18543,W
16573,51112,64360,13248,E
13809,45818,64360,18542,W
16577,51118,64365,13247,E
13813,45824,64365,18541,W
16581,51124,64370,13246,E
13815,45830,64370,18540,W
16583,51130,64375,13245,E
13819,45836,64375,18539,W
25303,64319,64380,61,N
21686,59058,64380,5322,S
25311,64330,64385,55,N
21691,59065,64385,5320,S
25318,64341,64390,49,N
21696,59072,64390,5318,S
25326,64352,64395,43,N
21701,59079,64395,5316,S
25333,64363,64400,37,N
21706,59086,64400,5314,S
25340,64374,64405,31,N
21710,59093,64405,5312,S
25348,64385,64410,25,N
21716,59100,64410,5310,S
25356,64396,64415,19,N
21721,59107,64415,5308,S
25364,64407,64420,13,N
21724,59114,64420,5306,S
25370,64418,64425,7,N
21730,59121,64425,5304,S
25378,64429,64430,1,N
21735,59128,64430,5302,S
21740,59135,64435,5300,S
16587,51136,64440,13304,E
13821,45842,64440,18598,W
16590,51142,64445,13303,E
13824,45848,64445,18597,W
16594,51148,64450,13302,E
13828,45854,64450,18596,W
16597,51154,64455,13301,E
13829,45860,64455,18595,W
16600,51160,64460,13300,E
13833,45866,64460,18594,W
16604,51166,64465,13299,E
13835,45872,64465,18593,W
16607,51172,64470,13298,E
13838,45878,64470,18592,W
16611,51178,64475,13297,E
13842,45884,64475,18591,W
16614,51184,64480,13296,E
13844,45890,64480,18590,W
16618,51190,64485,13295,E
13848,45896,64485,18589,W
16621,51196,64490,13294,E
13849,45902,64490,18588,W
16624,51202,64495,13293,E
13852,45908,64495,18587,W
25386,64440,64500,60,N
21744,59142,64500,5358,S
25394,64451,64505,54,N
21749,59149,64505,5356,S
25400,64462,64510,48,N
21755,59156,64510,5354,S
25408,64473,64515,42,N
21759,59163,64515,5352,S
25416,64484,64520,36,N
21764,59170,64520,5350,S
25424,64495,64525,30,N
21769,59177,64525,5348,S
25431,64506,64530,24,N
21773,59184,64530,5346,S
25438,64517,64535,18,N
21779,59191,64535,5344,S
25446,64528,64540,12,N
21783,59198,64540,5342,S
25453,64539,64545,6,N
21788,59205,64545,5340,S
25461,64550,64550,0,N
21793,59212,64550,5338,S
21798,59219,64555,5336,S
16628,51208,64560,13352,E
13856,45914,64560,18646,W
16632,51214,64565,13351,E
13858,45920,64565,18645,W
16635,51220,64570,13350,E
13862,45926,64570,18644,W
16637,51226,64575,13349,E
13864,45932,64575,18643,W
16641,51232,64580,13348,E
13867,45938,64580,18642,W
16645,51238,64585,13347,E
13870,45944,64585,18641,W
16649,51244,64590,13346,E
13872,45950,64590,18640,W
16651,51250,64595,13345,E
13876,45956,64595,18639,W
16655,51256,64600,13344,E
13878,45962,64600,18638,W
16658,51262,64605,13343,E
13881,45968,64605,18637,W
16663,51268,64610,13342,E
13885,45974,64610,18636,W
16665,51274,64615,13341,E
13887,45980,64615,18635,W
25469,64561,64620,59,N
21803,59226,64620,5394,S
25476,64572,64625,53,N
21807,59233,64625,5392,S
25484,64583,64630,47,N
21813,59240,64630,5390,S
25490,64594,64635,41,N
21818,59247,64635,5388,S
25499,64605,64640,35,N
21821,59254,64640,5386,S
25506,64616,64645,29,N
21827,59261,64645,5384,S
25514,64627,64650,23,N
21832,59268,64650,5382,S
25521,64638,64655,17,N
21837,59275,64655,5380,S
25528,64649,64660,11,N
21841,59282,64660,5378,S
25537,64660,64665,5,N
21846,59289,64665,5376,S
21852,59296,64670,5374,S
25544,64671,64675,4,N
21856,59303,64675,5372,S
16669,51280,64680,13400,E
13890,45986,64680,18694,W
16672,51286,64685,13399,E
13892,45992,64685,18693,W
16676,51292,64690,13398,E
13895,45998,64690,18692,W
16679,51298,64695,13397,E
13899,46004,64695,18691,W
16682,51304,64700,13396,E
13901,46010,64700,18690,W
16686,51310,64705,13395,E
13905,46016,64705,18689,W
16689,51316,64710,13394,E
13907,46022,64710,18688,W
16692,51322,64715,13393,E
13909,46028,64715,18687,W
16696,51328,64720,13392,E
13913,46034,64720,18686,W
16700,51334,64725,13391,E
13915,46040,64725,18685,W
16703,51340,64730,13390,E
13919,46046,64730,18684,W
16706,51346,64735,13389,E
13921,46052,64735,18683,W
25551,64682,64740,58,N
21861,59310,64740,5430,S
25558,64693,64745,52,N
21866,59317,64745,5428,S
25566,64704,64750,46,N
21870,59324,64750,5426,S
25575,64715,64755,40,N
21876,59331,64755,5424,S
25581,64726,64760,34,N
21880,59338,64760,5422,S
25589,64737,64765,28,N
21885,59345,64765,5420,S
25596,64748,64770,22,N
21890,59352,64770,5418,S
25604,64759,64775,16,N
21895,59359,64775,5416,S
25611,64770,64780,10,N
21900,59366,64780,5414,S
25619,64781,64785,4,N
21904,59373,64785,5412,S
21910,59380,64790,5410,S
25627,64792,64795,3,N
21915,59387,64795,5408,S
16709,51352,64800,13448,E
13924,46058,64800,18742,W
16714,51358,64805,13447,E
13928,46064,64805,18741,W
16717,51364,64810,13446,E
13929,46070,64810,18740,W
16720,51370,64815,13445,E
13933,46076,64815,18739,W
16723,51376,64820,13444,E
13935,46082,64820,18738,W
16726,51382,64825,13443,E
13938,46088,64825,18737,W
16731,51388,64830,13442,E
13942,46094,64830,18736,W
16733,51394,64835,13441,E
13944,46100,64835,18735,W
16737,51400,64840,13440,E
13948,46106,64840,18734,W
16740,51406,64845,13439,E
13949,46112,64845,18733,W
16744,51412,64850,13438,E
13952,46118,64850,18732,W
16747,51418,64855,13437,E
13956,46124,64855,18731,W
25634,64803,64860,57,N
21918,59394,64860,5466,S
25641,64817,64865,48,N
21924,59401,64865,5464,S
25648,64831,64870,39,N
21929,59408,64870,5462,S
25656,64845,64875,30,N
21934,59415,64875,5460,S
25663,64859,64880,21,N
21938,59422,64880,5458,S
25671,64873,64885,12,N
21943,59429,64885,5456,S
25678,64887,64890,3,N
21949,59436,64890,5454,S
21953,59443,64895,5452,S
21958,59450,64900,5450,S
25685,64901,64905,4,N
21963,59457,64905,5448,S
21967,59464,64910,5446,S
25693,64915,64915,0,N
21973,59471,64915,5444,S
16751,51424,64920,13496,E
13958,46130,64920,18790,W
16754,51430,64925,13495,E
13962,46136,64925,18789,W
16758,51436,64930,13494,E
13964,46142,64930,18788,W
16760,51442,64935,13493,E
13967,46148,64935,18787,W
16765,51448,64940,13492,E
13970,46154,64940,18786,W
16768,51454,64945,13491,E
13972,46160,64945,18785,W
16771,51460,64950,13490,E
13976,46166,64950,18784,W
16774,51466,64955,13489,E
13978,46172,64955,18783,W
16777,51472,64960,13488,E
13981,46178,64960,18782,W
16782,51478,64965,13487,E
13985,46184,64965,18781,W
16785,51484,64970,13486,E
13987,46190,64970,18780,W
16788,51490,64975,13485,E
13990,46196,64975,18779,W
25700,64929,64980,51,N
21977,59478,64980,5502,S
25708,64943,64985,42,N
21982,59485,64985,5500,S
25714,64957,64990,33,N
21987,59492,64990,5498,S
25722,64971,64995,24,N
21992,59499,64995,5496,S
25729,64985,65000,15,N
21997,59506,65000,5494,S
25737,64999,65005,6,N
22001,59513,65005,5492,S
22007,59520,65010,5490,S
25745,65013,65015,2,N
22012,59527,65015,5488,S
22015,59534,65020,5486,S
22021,59541,65025,5484,S
25751,65027,65030,3,N
22026,59548,65030,5482,S
22031,59555,65035,5480,S
16791,51496,65040,13544,E
13992,46202,65040,18838,W
16795,51502,65045,13543,E
13995,46208,65045,18837,W
16799,51508,65050,13542,E
13999,46214,65050,18836,W
16802,51514,65055,13541,E
14001,46220,65055,18835,W
16805,51520,65060,13540,E
14005,46226,65060,18834,W
16809,51526,65065,13539,E
14007,46232,65065,18833,W
16812,51532,65070,13538,E
14009,46238,65070,18832,W
16815,51538,65075,13537,E
14013,46244,65075,18831,W
16819,51544,65080,13536,E
14015,46250,65080,18830,W
16822,51550,65085,13535,E
14019,46256,65085,18829,W
16826,51556,65090,13534,E
14021,46262,65090,18828,W
16828,51562,65095,13533,E
14024,46268,65095,18827,W
25759,65041,65100,59,N
22035,59562,65100,5538,S
25766,65055,65105,50,N
22040,59569,65105,5536,S
25774,65069,65110,41,N
22046,59576,65110,5534,S
25781,65083,65115,32,N
22050,59583,65115,5532,S
25788,65097,65120,23,N
22055,59590,65120,5530,S
25795,65111,65125,14,N
22060,59597,65125,5528,S
25803,65125,65130,5,N
22064,59604,65130,5526,S
22070,59611,65135,5524,S
25811,65139,65140,1,N
22074,59618,65140,5522,S
22079,59625,65145,5520,S
22084,59632,65150,5518,S
25818,65153,65155,2,N
22089,59639,65155,5516,S
16833,51568,65160,13592,E
14028,46274,65160,18886,W
16836,51574,65165,13591,E
14029,46280,65165,18885,W
16840,51580,65170,13590,E
14033,46286,65170,18884,W
16842,51586,65175,13589,E
14035,46292,65175,18883,W
16846,51592,65180,13588,E
14038,46298,65180,18882,W
16850,51598,65185,13587,E
14042,46304,65185,18881,W
16854,51604,65190,13586,E
14044,46310,65190,18880,W
16856,51610,65195,13585,E
14048,46316,65195,18879,W
16859,51616,65200,13584,E
14049,46322,65200,18878,W
16863,51622,65205,13583,E
14052,46328,65205,18877,W
16867,51628,65210,13582,E
14056,46334,65210,18876,W
16870,51634,65215,13581,E
14058,46340,65215,18875,W
25825,65167,65220,53,N
22094,59646,65220,5574,S
25832,65181,65225,44,N
22098,59653,65225,5572,S
25840,65195,65230,35,N
22104,59660,65230,5570,S
25847,65209,65235,26,N
22109,59667,65235,5568,S
25855,65223,65240,17,N
22112,59674,65240,5566,S
25861,65237,65245,8,N
22118,59681,65245,5564,S
22123,59688,65250,5562,S
25869,65251,65255,4,N
22128,59695,65255,5560,S
22132,59702,65260,5558,S
25877,65265,65265,0,N
22137,59709,65265,5556,S
22143,59716,65270,5554,S
22147,59723,65275,5552,S
16873,51640,65280,13640,E
14062,46346,65280,18934,W
16877,51646,65285,13639,E
14064,46352,65285,18933,W
16880,51652,65290,13638,E
14067,46358,65290,18932,W
16884,51658,65295,13637,E
14070,46364,65295,18931,W
16887,51664,65300,13636,E
14072,46370,65300,18930,W
16891,51670,65305,13635,E
14076,46376,65305,18929,W
16894,51676,65310,13634,E
14078,46382,65310,18928,W
16897,51682,65315,13633,E
14081,46388,65315,18927,W
16901,51688,65320,13632,E
14085,46394,65320,18926,W
16904,51694,65325,13631,E
14087,46400,65325,18925,W
16908,51700,65330,13630,E
14090,46406,65330,18924,W
16910,51706,65335,13629,E
14092,46412,65335,18923,W
25884,65279,65340,61,N
22152,59730,65340,5610,S
25892,65293,65345,52,N
22157,59737,65345,5608,S
25898,65307,65350,43,N
22161,59744,65350,5606,S
25906,65321,65355,34,N
22167,59751,65355,5604,S
25913,65335,65360,25,N
22171,59758,65360,5602,S
25921,65349,65365,16,N
22176,59765,65365,5600,S
25928,65363,65370,7,N
22181,59772,65370,5598,S
22186,59779,65375,5596,S
25935,65377,65380,3,N
22191,59786,65380,5594,S
22195,59793,65385,5592,S
22201,59800,65390,5590,S
25943,65391,65395,4,N
22206,59807,65395,5588,S
16914,51712,65400,13688,E
14095,46418,65400,18982,W
16918,51718,65405,13687,E
14099,46424,65405,18981,W
16922,51724,65410,13686,E
14101,46430,65410,18980,W
16924,51730,65415,13685,E
14105,46436,65415,18979,W
16928,51736,65420,13684,E
14107,46442,65420,18978,W
16931,51742,65425,13683,E
14109,46448,65425,18977,W
16936,51748,65430,13682,E
14113,46454,65430,18976,W
16938,51754,65435,13681,E
14115,46460,65435,18975,W
16942,51760,65440,13680,E
14119,46466,65440,18974,W
16945,51766,65445,13679,E
14121,46472,65445,18973,W
16948,51772,65450,13678,E
14124,46478,65450,18972,W
16952,51778,65455,13677,E
14128,46484,65455,18971,W
25950,65405,65460,55,N
22209,59814,65460,5646,S
25958,65419,65465,46,N
22215,59821,65465,5644,S
25965,65433,65470,37,N
22220,59828,65470,5642,S
25972,65447,65475,28,N
22225,59835,65475,5640,S
25979,65461,65480,19,N
22229,59842,65480,5638,S
25987,65475,65485,10,N
22234,59849,65485,5636,S
25994,65489,65490,1,N
22240,59856,65490,5634,S
22244,59863,65495,5632,S
22249,59870,65500,5630,S
26002,65503,65505,2,N
22254,59877,65505,5628,S
22258,59884,65510,5626,S
22264,59891,65515,5624,S
16955,51784,65520,13736,E
14129,46490,65520,19030,W
16959,51790,65525,13735,E
14133,46496,65525,19029,W
16962,51796,65530,13734,E
14135,46502,65530,19028,W
16965,51802,65535,13733,E
14138,46508,65535,19027,W
16969,51808,65540,13732,E
14142,46514,65540,19026,W
16973,51814,65545,13731,E
14144,46520,65545,19025,W
16976,51820,65550,13730,E
14148,46526,65550,19024,W
16979,51826,65555,13729,E
14149,46532,65555,19023,W
16982,51832,65560,13728,E
14152,46538,65560,19022,W
16987,51838,65565,13727,E
14156,46544,65565,19021,W
16990,51844,65570,13726,E
14158,46550,65570,19020,W
16992,51850,65575,13725,E
14162,46556,65575,19019,W
26009,65517,65580,63,N
22268,59898,65580,5682,S
26016,65531,65585,54,N
22273,59905,65585,5680,S
26024,65545,65590,45,N
22278,59912,65590,5678,S
26031,65559,65595,36,N
22283,59919,65595,5676,S
26039,65573,65600,27,N
22288,59926,65600,5674,S
26045,65587,65605,18,N
22292,59933,65605,5672,S
26053,65601,65610,9,N
22298,59940,65610,5670,S
26060,65615,65615,0,N
22303,59947,65615,5668,S
22306,59954,65620,5666,S
22312,59961,65625,5664,S
26068,65629,65630,1,N
22317,59968,65630,5662,S
22322,59975,65635,5660,S
16996,51856,65640,13784,E
14164,46562,65640,19078,W
16999,51862,65645,13783,E
14167,46568,65645,19077,W
17004,51868,65650,13782,E
14170,46574,65650,19076,W
17006,51874,65655,13781,E
14172,46580,65655,19075,W
17010,51880,65660,13780,E
14176,46586,65660,19074,W
17013,51886,65665,13779,E
14178,46592,65665,19073,W
17017,51892,65670,13778,E
14181,46598,65670,19072,W
17020,51898,65675,13777,E
14185,46604,65675,19071,W
17024,51904,65680,13776,E
14187,46610,65680,19070,W
17027,51910,65685,13775,E
14190,46616,65685,19069,W
17031,51916,65690,13774,E
14192,46622,65690,19068,W
17033,51922,65695,13773,E
14195,46628,65695,19067,W
26076,65643,65700,57,N
22326,59982,65700,5718,S
26082,65657,65705,48,N
22331,59989,65705,5716,S
26090,65671,65710,39,N
22337,59996,65710,5714,S
26097,65685,65715,30,N
22341,60003,65715,5712,S
26105,65699,65720,21,N
22346,60010,65720,5710,S
26112,65713,65725,12,N
22351,60017,65725,5708,S
26119,65727,65730,3,N
22355,60024,65730,5706,S
22361,60031,65735,5704,S
22365,60038,65740,5702,S
26126,65741,65745,4,N
22370,60045,65745,5700,S
22375,60052,65750,5698,S
26134,65755,65755,0,N
22380,60059,65755,5696,S
17037,51928,65760,13832,E
14199,46634,65760,19126,W
17041,51934,65765,13831,E
14201,46640,65765,19125,W
17044,51940,65770,13830,E
14205,46646,65770,19124,W
17047,51946,65775,13829,E
14207,46652,65775,19123,W
17050,51952,65780,13828,E
14209,46658,65780,19122,W
17055,51958,65785,13827,E
14213,46664,65785,19121,W
17058,51964,65790,13826,E
14215,46670,65790,19120,W
17061,51970,65795,13825,E
14219,46676,65795,19119,W
17064,51976,65800,13824,E
14221,46682,65800,19118,W
17068,51982,65805,13823,E
14224,46688,65805,19117,W
17072,51988,65810,13822,E
14228,46694,65810,19116,W
17075,51994,65815,13821,E
14229,46700,65815,19115,W
26142,65769,65820,51,N
22385,60066,65820,5754,S
26149,65783,65825,42,N
22389,60073,65825,5752,S
26156,65797,65830,33,N
22395,60080,65830,5750,S
26163,65811,65835,24,N
22400,60087,65835,5748,S
26171,65825,65840,15,N
22403,60094,65840,5746,S
26178,65839,65845,6,N
22409,60101,65845,5744,S
22414,60108,65850,5742,S
26186,65853,65855,2,N
22419,60115,65855,5740,S
22423,60122,65860,5738,S
22428,60129,65865,5736,S
26192,65867,65870,3,N
22434,60136,65870,5734,S
22438,60143,65875,5732,S
17078,52000,65880,13880,E
14233,46706,65880,19174,W
17081,52006,65885,13879,E
14235,46712,65885,19173,W
17085,52012,65890,13878,E
14238,46718,65890,19172,W
17088,52018,65895,13877,E
14242,46724,65895,19171,W
17092,52024,65900,13876,E
14244,46730,65900,19170,W
17095,52030,65905,13875,E
14248,46736,65905,19169,W
17099,52036,65910,13874,E
14249,46742,65910,19168,W
17101,52042,65915,13873,E
14252,46748,65915,19167,W
17106,52048,65920,13872,E
14256,46754,65920,19166,W
17109,52054,65925,13871,E
14258,46760,65925,19165,W
17113,52060,65930,13870,E
14262,46766,65930,19164,W
17115,52066,65935,13869,E
14264,46772,65935,19163,W
26200,65881,65940,59,N
22443,60150,65940,5790,S
26208,65895,65945,50,N
22448,60157,65945,5788,S
26215,65909,65950,41,N
22452,60164,65950,5786,S
26223,65923,65955,32,N
22458,60171,65955,5784,S
26229,65937,65960,23,N
22462,60178,65960,5782,S
26237,65951,65965,14,N
22467,60185,65965,5780,S
26244,65965,65970,5,N
22472,60192,65970,5778,S
22477,60199,65975,5776,S
26252,65979,65980,1,N
22482,60206,65980,5774,S
22486,60213,65985,5772,S
22492,60220,65990,5770,S
26259,65993,65995,2,N
22497,60227,65995,5768,S
17119,52072,66000,13928,E
14267,46778,66000,19222,W
17123,52078,66005,13927,E
14270,46784,66005,19221,W
17126,52084,66010,13926,E
14272,46790,66010,19220,W
17129,52090,66015,13925,E
14276,46796,66015,19219,W
17132,52096,66020,13924,E
14278,46802,66020,19218,W
17136,52102,66025,13923,E
14281,46807,66025,19218,W
17140,52108,66030,13922,E
14283,46812,66030,19218,W
17143,52114,66035,13921,E
14286,46817,66035,19218,W
17146,52120,66040,13920,E
14289,46822,66040,19218,W
17150,52126,66045,13919,E
14292,46827,66045,19218,W
17153,52132,66050,13918,E
14294,46832,66050,19218,W
17157,52138,66055,13917,E
14296,46837,66055,19218,W
26266,66007,66060,53,N
22500,60234,66060,5826,S
26274,66021,66065,44,N
22506,60241,66065,5824,S
26281,66035,66070,35,N
22511,60248,66070,5822,S
26289,66049,66075,26,N
22516,60255,66075,5820,S
26296,66063,66080,17,N
22520,60262,66080,5818,S
26303,66077,66085,8,N
22525,60269,66085,5816,S
22531,60276,66090,5814,S
26310,66091,66095,4,N
22535,60283,66095,5812,S
22540,60290,66100,5810,S
26318,66105,66105,0,N
22545,60297,66105,5808,S
22549,60304,66110,5806,S
22555,60311,66115,5804,S
17160,52144,66120,13976,E
14300,46842,66120,19278,W
17164,52150,66125,13975,E
14301,46847,66125,19278,W
17167,52156,66130,13974,E
14305,46852,66130,19278,W
17169,52162,66135,13973,E
14307,46857,66135,19278,W
17174,52168,66140,13972,E
14310,46862,66140,19278,W
17177,52174,66145,13971,E
14313,46867,66145,19278,W
17181,52180,66150,13970,E
14315,46872,66150,19278,W
17183,52186,66155,13969,E
14318,46877,66155,19278,W
17187,52192,66160,13968,E
14320,46882,66160,19278,W
17191,52198,66165,13967,E
14323,46887,66165,19278,W
17195,52204,66170,13966,E
14325,46892,66170,19278,W
17197,52210,66175,13965,E
14329,46897,66175,19278,W
26325,66119,66180,61,N
22559,60318,66180,5862,S
26333,66133,66185,52,N
22564,60325,66185,5860,S
26340,66147,66190,43,N
22569,60332,66190,5858,S
26347,66161,66195,34,N
22574,60339,66195,5856,S
26355,66175,66200,25,N
22579,60346,66200,5854,S
26362,66189,66205,16,N
22583,60353,66205,5852,S
26370,66203,66210,7,N
22589,60360,66210,5850,S
22594,60367,66215,5848,S
26376,66217,66220,3,N
22597,60374,66220,5846,S
22603,60381,66225,5844,S
22608,60388,66230,5842,S
26384,66231,66235,4,N
22613,60395,66235,5840,S
17201,52216,66240,14024,E
14330,46902,66240,19338,W
17204,52222,66245,14023,E
14333,46907,66245,19338,W
17209,52228,66250,14022,E
14337,46912,66250,19338,W
17211,52234,66255,14021,E
14338,46917,66255,19338,W
17214,52240,66260,14020,E
14342,46922,66260,19338,W
17218,52246,66265,14019,E
14344,46927,66265,19338,W
17221,52252,66270,14018,E
14347,46932,66270,19338,W
17225,52258,66275,14017,E
14349,46937,66275,19338,W
17228,52264,66280,14016,E
14352,46942,66280,19338,W
17232,52270,66285,14015,E
14354,46947,66285,19338,W
17235,52276,66290,14014,E
14357,46952,66290,19338,W
17238,52282,66295,14013,E
14360,46957,66295,19338,W
26391,66245,66300,55,N
22617,60402,66300,5898,S
26399,66259,66305,46,N
22622,60409,66305,5896,S
26407,66273,66310,37,N
22628,60416,66310,5894,S
26413,66287,66315,28,N
22632,60423,66315,5892,S
26421,66301,66320,19,N
22637,60430,66320,5890,S
26428,66315,66325,10,N
22642,60437,66325,5888,S
26436,66329,66330,1,N
22646,60444,66330,5886,S
22652,60451,66335,5884,S
22656,60458,66340,5882,S
26443,66343,66345,2,N
22661,60465,66345,5880,S
22666,60472,66350,5878,S
22671,60479,66355,5876,S
17242,52288,66360,14072,E
14362,46962,66360,19398,W
17246,52294,66365,14071,E
14366,46967,66365,19398,W
17249,52300,66370,14070,E
14367,46972,66370,19398,W
17252,52306,66375,14069,E
14370,46977,66375,19398,W
17255,52312,66380,14068,E
14373,46982,66380,19398,W
17259,52318,66385,14067,E
14375,46987,66385,19398,W
17263,52324,66390,14066,E
14378,46992,66390,19398,W
17265,52330,66395,14065,E
14381,46997,66395,19398,W
17269,52336,66400,14064,E
14384,47002,66400,19398,W
17272,52342,66405,14063,E
14386,47007,66405,19398,W
17277,52348,66410,14062,E
14389,47012,66410,19398,W
17279,52354,66415,14061,E
14391,47017,66415,19398,W
26450,66357,66420,63,N
22676,60486,66420,5934,S
26457,66371,66425,54,N
22680,60493,66425,5932,S
26465,66385,66430,45,N
22686,60500,66430,5930,S
26473,66399,66435,36,N
22691,60507,66435,5928,S
26480,66413,66440,27,N
22694,60514,66440,5926,S
26487,66427,66445,18,N
22700,60521,66445,5924,S
26494,66441,66450,9,N
22705,60528,66450,5922,S
26502,66455,66455,0,N
22710,60535,66455,5920,S
22714,60542,66460,5918,S
22719,60549,66465,5916,S
26509,66469,66470,1,N
22725,60556,66470,5914,S
22729,60563,66475,5912,S
17283,52360,66480,14120,E
14394,47022,66480,19458,W
17286,52366,66485,14119,E
14396,47027,66485,19458,W
17290,52372,66490,14118,E
14399,47032,66490,19458,W
17293,52378,66495,14117,E
14402,47037,66495,19458,W
17297,52384,66500,14116,E
14404,47042,66500,19458,W
17300,52390,66505,14115,E
14407,47047,66505,19458,W
17303,52396,66510,14114,E
14410,47052,66510,19458,W
17306,52402,66515,14113,E
14412,47057,66515,19458,W
17310,52408,66520,14112,E
14415,47062,66520,19458,W
17314,52414,66525,14111,E
14418,47067,66525,19458,W
17317,52420,66530,14110,E
14420,47072,66530,19458,W
17320,52426,66535,14109,E
14423,47077,66535,19458,W
26517,66483,66540,57,N
22734,60570,66540,5970,S
26523,66497,66545,48,N
22739,60577,66545,5968,S
26531,66511,66550,39,N
22743,60584,66550,5966,S
26539,66525,66555,30,N
22749,60591,66555,5964,S
26546,66539,66560,21,N
22753,60598,66560,5962,S
26554,66553,66565,12,N
22758,60605,66565,5960,S
26560,66567,66570,3,N
22763,60612,66570,5958,S
22768,60619,66575,5956,S
22773,60626,66580,5954,S
26568,66581,66585,4,N
22777,60633,66585,5952,S
22783,60640,66590,5950,S
26575,66595,66595,0,N
22788,60647,66595,5948,S
17323,52432,66600,14168,E
14425,47082,66600,19518,W
17328,52438,66605,14167,E
14428,47087,66605,19518,W
17331,52444,66610,14166,E
14431,47092,66610,19518,W
17334,52450,66615,14165,E
14433,47097,66615,19518,W
17337,52456,66620,14164,E
14436,47102,66620,19518,W
17341,52462,66625,14163,E
14439,47107,66625,19518,W
17345,52468,66630,14162,E
14441,47112,66630,19518,W
17347,52474,66635,14161,E
14443,47117,66635,19518,W
17351,52480,66640,14160,E
14447,47122,66640,19518,W
17354,52486,66645,14159,E
14448,47127,66645,19518,W
17358,52492,66650,14158,E
14452,47132,66650,19518,W
17361,52498,66655,14157,E
14455,47137,66655,19518,W
26583,66609,66660,51,N
22791,60654,66660,6006,S
26590,66623,66665,42,N
22797,60661,66665,6004,S
26597,66637,66670,33,N
22802,60668,66670,6002,S
26605,66651,66675,24,N
22807,60675,66675,6000,S
26612,66665,66680,15,N
22811,60682,66680,5998,S
26620,66679,66685,6,N
22816,60689,66685,5996,S
22822,60696,66690,5994,S
26627,66693,66695,2,N
22826,60703,66695,5992,S
22831,60710,66700,5990,S
22836,60717,66705,5988,S
26634,66707,66710,3,N
22840,60724,66710,5986,S
22846,60731,66715,5984,S
17365,52504,66720,14216,E
14457,47142,66720,19578,W
17368,52510,66725,14215,E
14460,47147,66725,19578,W
17372,52516,66730,14214,E
14462,47152,66730,19578,W
17374,52522,66735,14213,E
14465,47157,66735,19578,W
17379,52528,66740,14212,E
14467,47162,66740,19578,W
17382,52534,66745,14211,E
14470,47167,66745,19578,W
17386,52540,66750,14210,E
14472,47172,66750,19578,W
17388,52546,66755,14209,E
14476,47177,66755,19578,W
17391,52552,66760,14208,E
14478,47182,66760,19578,W
17396,52558,66765,14207,E
14480,47187,66765,19578,W
17399,52564,66770,14206,E
14484,47192,66770,19578,W
17402,52570,66775,14205,E
14485,47197,66775,19578,W
26641,66721,66780,59,N
22850,60738,66780,6042,S
26649,66735,66785,50,N
22855,60745,66785,6040,S
26656,66749,66790,41,N
22860,60752,66790,6038,S
26664,66763,66795,32,N
22865,60759,66795,6036,S
26671,66777,66800,23,N
22870,60766,66800,6034,S
26678,66791,66805,14,N
22874,60773,66805,6032,S
26686,66805,66810,5,N
22880,60780,66810,6030,S
22885,60787,66815,6028,S
26693,66819,66820,1,N
22888,60794,66820,6026,S
22894,60801,66825,6024,S
22899,60808,66830,6022,S
26701,66833,66835,2,N
22904,60815,66835,6020,S
17405,52576,66840,14264,E
14489,47202,66840,19638,W
17409,52582,66845,14263,E
14491,47207,66845,19638,W
17413,52588,66850,14262,E
14494,47212,66850,19638,W
17416,52594,66855,14261,E
14496,47217,66855,19638,W
17419,52600,66860,14260,E
14499,47222,66860,19638,W
17423,52606,66865,14259,E
14502,47227,66865,19638,W
17426,52612,66870,14258,E
14504,47232,66870,19638,W
17430,52618,66875,14257,E
14507,47237,66875,19638,W
17433,52624,66880,14256,E
14509,47242,66880,19638,W
17436,52630,66885,14255,E
14513,47247,66885,19638,W
17440,52636,66890,14254,E
14514,47252,66890,19638,W
17442,52642,66895,14253,E
14517,47257,66895,19638,W
26707,66847,66900,53,N
22908,60822,66900,6078,S
26715,66861,66905,44,N
22913,60829,66905,6076,S
26722,66875,66910,35,N
22919,60836,66910,6074,S
26730,66889,66915,26,N
22923,60843,66915,6072,S
26738,66903,66920,17,N
22928,60850,66920,6070,S
26744,66917,66925,8,N
22933,60857,66925,6068,S
22937,60864,66930,6066,S
26752,66931,66935,4,N
22943,60871,66935,6064,S
22947,60878,66940,6062,S
26759,66945,66945,0,N
22952,60885,66945,6060,S
22957,60892,66950,6058,S
22962,60899,66955,6056,S
17447,52648,66960,14312,E
14520,47262,66960,19698,W
17450,52654,66965,14311,E
14522,47267,66965,19698,W
17454,52660,66970,14310,E
14526,47272,66970,19698,W
17456,52666,66975,14309,E
14528,47277,66975,19698,W
17460,52672,66980,14308,E
14531,47282,66980,19698,W
17464,52678,66985,14307,E
14533,47287,66985,19698,W
17468,52684,66990,14306,E
14536,47292,66990,19698,W
17470,52690,66995,14305,E
14538,47297,66995,19698,W
17474,52696,67000,14304,E
14541,47302,67000,19698,W
17477,52702,67005,14303,E
14543,47307,67005,19698,W
17481,52708,67010,14302,E
14546,47312,67010,19698,W
17484,52714,67015,14301,E
14550,47317,67015,19698,W
26767,66959,67020,61,N
22967,60906,67020,6114,S
26774,66973,67025,52,N
22971,60913,67025,6112,S
26781,66987,67030,43,N
22977,60920,67030,6110,S
26788,67001,67035,34,N
22982,60927,67035,6108,S
26796,67015,67040,25,N
22985,60934,67040,6106,S
26804,67029,67045,16,N
22991,60941,67045,6104,S
26811,67043,67050,7,N
22996,60948,67050,6102,S
23001,60955,67055,6100,S
26818,67057,67060,3,N
23005,60962,67060,6098,S
23010,60969,67065,6096,S
23016,60976,67070,6094,S
26825,67071,67075,4,N
23020,60983,67075,6092,S
17487,52720,67080,14360,E
14551,47322,67080,19758,W
17491,52726,67085,14359,E
14554,47327,67085,19758,W
17494,52732,67090,14358,E
14557,47332,67090,19758,W
17498,52738,67095,14357,E
14559,47337,67095,19758,W
17501,52744,67100,14356,E
14562,47342,67100,19758,W
17505,52750,67105,14355,E
14565,47347,67105,19758,W
17508,52756,67110,14354,E
14567,47352,67110,19758,W
17511,52762,67115,14353,E
14570,47357,67115,19758,W
17515,52768,67120,14352,E
14573,47362,67120,19758,W
17519,52774,67125,14351,E
14575,47367,67125,19758,W
17522,52780,67130,14350,E
14578,47372,67130,19758,W
17524,52786,67135,14349,E
14580,47377,67135,19758,W
26833,67085,67140,55,N
23025,60990,67140,6150,S
26840,67099,67145,46,N
23030,60997,67145,6148,S
26848,67113,67150,37,N
23034,61004,67150,6146,S
26854,67127,67155,28,N
23040,61011,67155,6144,S
26862,67141,67160,19,N
23044,61018,67160,6142,S
26870,67155,67165,10,N
23049,61025,67165,6140,S
26877,67169,67170,1,N
23054,61032,67170,6138,S
23059,61039,67175,6136,S
23064,61046,67180,6134,S
26885,67183,67185,2,N
23068,61053,67185,6132,S
23074,61060,67190,6130,S
23079,61067,67195,6128,S
17528,52792,67200,14408,E
14583,47382,67200,19818,W
17532,52798,67205,14407,E
14586,47387,67205,19818,W
17536,52804,67210,14406,E
14588,47392,67210,19818,W
17538,52810,67215,14405,E
14590,47397,67215,19818,W
17542,52816,67220,14404,E
14594,47402,67220,19818,W
17545,52822,67225,14403,E
14596,47407,67225,19818,W
17550,52828,67230,14402,E
14599,47412,67230,19818,W
17552,52834,67235,14401,E
14602,47417,67235,19818,W
17556,52840,67240,14400,E
14604,47422,67240,19818,W
17559,52846,67245,14399,E
14607,47427,67245,19818,W
17563,52852,67250,14398,E
14609,47432,67250,19818,W
17566,52858,67255,14397,E
14612,47437,67255,19818,W
26891,67197,67260,63,N
23082,61074,67260,6186,S
26899,67211,67265,54,N
23088,61081,67265,6184,S
26906,67225,67270,45,N
23093,61088,67270,6182,S
26914,67239,67275,36,N
23098,61095,67275,6180,S
26921,67253,67280,27,N
23102,61102,67280,6178,S
26928,67267,67285,18,N
23107,61109,67285,6176,S
26936,67281,67290,9,N
23113,61116,67290,6174,S
26943,67295,67295,0,N
23117,61123,67295,6172,S
23122,61130,67300,6170,S
23127,61137,67305,6168,S
26951,67309,67310,1,N
23131,61144,67310,6166,S
23137,61151,67315,6164,S
17569,52864,67320,14456,E
14614,47442,67320,19878,W
17573,52870,67325,14455,E
14617,47447,67325,19878,W
17576,52876,67330,14454,E
14620,47452,67330,19878,W
17579,52882,67335,14453,E
14623,47457,67335,19878,W
17583,52888,67340,14452,E
14625,47462,67340,19878,W
17587,52894,67345,14451,E
14627,47467,67345,19878,W
17590,52900,67350,14450,E
14631,47472,67350,19878,W
17593,52906,67355,14449,E
14632,47477,67355,19878,W
17596,52912,67360,14448,E
14636,47482,67360,19878,W
17601,52918,67365,14447,E
14638,47487,67365,19878,W
17604,52924,67370,14446,E
14641,47492,67370,19878,W
17607,52930,67375,14445,E
14644,47497,67375,19878,W
26958,67323,67380,57,N
23141,61158,67380,6222,S
26965,67337,67385,48,N
23146,61165,67385,6220,S
26972,67351,67390,39,N
23151,61172,67390,6218,S
26980,67365,67395,30,N
23156,61179,67395,6216,S
26987,67379,67400,21,N
23161,61186,67400,6214,S
26995,67393,67405,12,N
23165,61193,67405,6212,S
27002,67407,67410,3,N
23171,61200,67410,6210,S
23176,61207,67415,6208,S
23179,61214,67420,6206,S
27009,67421,67425,4,N
23185,61221,67425,6204,S
23190,61228,67430,6202,S
27017,67435,67435,0,N
23195,61235,67435,6200,S
17610,52936,67440,14504,E
14646,47502,67440,19938,W
17613,52942,67445,14503,E
14649,47507,67445,19938,W
17618,52948,67450,14502,E
14651,47512,67450,19938,W
17620,52954,67455,14501,E
14654,47517,67455,19938,W
17624,52960,67460,14500,E
14656,47522,67460,19938,W
17627,52966,67465,14499,E
14660,47527,67465,19938,W
17631,52972,67470,14498,E
14661,47532,67470,19938,W
17634,52978,67475,14497,E
14664,47537,67475,19938,W
17638,52984,67480,14496,E
14668,47542,67480,19938,W
17641,52990,67485,14495,E
14669,47547,67485,19938,W
17645,52996,67490,14494,E
14673,47552,67490,19938,W
17647,53002,67495,14493,E
14675,47557,67495,19938,W
27024,67449,67500,51,N
23199,61242,67500,6258,S
27032,67463,67505,42,N
23203,61249,67505,6256,S
27038,67477,67510,33,N
23209,61256,67510,6254,S
27046,67491,67515,24,N
23214,61263,67515,6252,S
27053,67505,67520,15,N
23218,61270,67520,6250,S
27061,67519,67525,6,N
23223,61277,67525,6248,S
23228,61284,67530,6246,S
27069,67533,67535,2,N
23233,61291,67535,6244,S
23237,61298,67540,6242,S
23243,61305,67545,6240,S
27075,67547,67550,3,N
23247,61312,67550,6238,S
23252,61319,67555,6236,S
17652,53008,67560,14552,E
14678,47562,67560,19998,W
17655,53014,67565,14551,E
14680,47567,67565,19998,W
17658,53020,67570,14550,E
14683,47572,67570,19998,W
17661,53026,67575,14549,E
14685,47577,67575,19998,W
17664,53032,67580,14548,E
14688,47582,67580,19998,W
17669,53038,67585,14547,E
14691,47587,67585,19998,W
17672,53044,67590,14546,E
14693,47592,67590,19998,W
17675,53050,67595,14545,E
14697,47597,67595,19998,W
17678,53056,67600,14544,E
14698,47602,67600,19998,W
17682,53062,67605,14543,E
14701,47607,67605,19998,W
17686,53068,67610,14542,E
14704,47612,67610,19998,W
17689,53074,67615,14541,E
14706,47617,67615,19998,W
27083,67561,67620,59,N
23256,61326,67620,6294,S
27090,67575,67625,50,N
23261,61333,67625,6292,S
27098,67589,67630,41,N
23267,61340,67630,6290,S
27105,67603,67635,32,N
23271,61347,67635,6288,S
27112,67617,67640,23,N
23275,61354,67640,6286,S
27119,67631,67645,14,N
23281,61361,67645,6284,S
27127,67645,67650,5,N
23285,61368,67650,6282,S
23291,61375,67655,6280,S
27135,67659,67660,1,N
23295,61382,67660,6278,S
23299,61389,67665,6276,S
23305,61396,67670,6274,S
27142,67673,67675,2,N
23309,61403,67675,6272,S
17692,53080,67680,14600,E
14709,47622,67680,20058,W
17696,53086,67685,14599,E
14712,47627,67685,20058,W
17699,53092,67690,14598,E
14715,47632,67690,20058,W
17702,53098,67695,14597,E
14717,47637,67695,20058,W
17706,53104,67700,14596,E
14720,47642,67700,20058,W
17709,53110,67705,14595,E
14722,47647,67705,20058,W
17713,53116,67710,14594,E
14725,47652,67710,20058,W
17715,53122,67715,14593,E
14727,47657,67715,20058,W
17720,53128,67720,14592,E
14730,47662,67720,20058,W
17723,53134,67725,14591,E
14733,47667,67725,20058,W
17727,53140,67730,14590,E
14735,47672,67730,20058,W
17729,53146,67735,14589,E
14738,47677,67735,20058,W
27149,67687,67740,53,N
23314,61410,67740,6330,S
27156,67701,67745,44,N
23319,61417,67745,6328,S
27164,67715,67750,35,N
23323,61424,67750,6326,S
27171,67729,67755,26,N
23329,61431,67755,6324,S
27179,67743,67760,17,N
23333,61438,67760,6322,S
27185,67757,67765,8,N
23338,61445,67765,6320,S
23343,61452,67770,6318,S
27193,67771,67775,4,N
23348,61459,67775,6316,S
23352,61466,67780,6314,S
27201,67785,67785,0,N
23357,61473,67785,6312,S
23362,61480,67790,6310,S
23367,61487,67795,6308,S
17733,53152,67800,14648,E
14741,47682,67800,20118,W
17737,53158,67805,14647,E
14743,47687,67805,20118,W
17741,53164,67810,14646,E
14746,47692,67810,20118,W
17743,53170,67815,14645,E
14749,47697,67815,20118,W
17746,53176,67820,14644,E
14751,47702,67820,20118,W
17750,53182,67825,14643,E
14754,47707,67825,20118,W
17754,53188,67830,14642,E
14756,47712,67830,20118,W
17757,53194,67835,14641,E
14759,47717,67835,20118,W
17760,53200,67840,14640,E
14762,47722,67840,20118,W
17764,53206,67845,14639,E
14764,47727,67845,20118,W
17767,53212,67850,14638,E
14767,47732,67850,20118,W
17771,53218,67855,14637,E
14770,47737,67855,20118,W
27208,67799,67860,61,N
23371,61494,67860,6366,S
27216,67813,67865,52,N
23376,61501,67865,6364,S
27222,67827,67870,43,N
23381,61508,67870,6362,S
27230,67841,67875,34,N
23387,61515,67875,6360,S
27237,67855,67880,25,N
23390,61522,67880,6358,S
27245,67869,67885,16,N
23395,61529,67885,6356,S
27252,67883,67890,7,N
23401,61536,67890,6354,S
23405,61543,67895,6352,S
27259,67897,67900,3,N
23410,61550,67900,6350,S
23414,61557,67905,6348,S
23419,61564,67910,6346,S
27267,67911,67915,4,N
23425,61571,67915,6344,S
17774,53224,67920,14696,E
14772,47742,67920,20178,W
17778,53230,67925,14695,E
14774,47747,67925,20178,W
17781,53236,67930,14694,E
14778,47752,67930,20178,W
17784,53242,67935,14693,E
14779,47757,67935,20178,W
17788,53248,67940,14692,E
14783,47762,67940,20178,W
17791,53254,67945,14691,E
14786,47767,67945,20178,W
17795,53260,67950,14690,E
14788,47772,67950,20178,W
17797,53266,67955,14689,E
14791,47777,67955,20178,W
17801,53272,67960,14688,E
14793,47782,67960,20178,W
17805,53278,67965,14687,E
14796,47787,67965,20178,W
17809,53284,67970,14686,E
14798,47792,67970,20178,W
17811,53290,67975,14685,E
14801,47797,67975,20178,W
27274,67925,67980,55,N
23428,61578,67980,6402,S
27282,67939,67985,46,N
23434,61585,67985,6400,S
27289,67953,67990,37,N
23439,61592,67990,6398,S
27296,67967,67995,28,N
23443,61599,67995,6396,S
27303,67981,68000,19,N
23448,61606,68000,6394,S
27311,67995,68005,10,N
23453,61613,68005,6392,S
27318,68009,68010,1,N
23458,61620,68010,6390,S
23463,61627,68015,6388,S
23466,61634,68020,6386,S
27326,68023,68025,2,N
23472,61641,68025,6384,S
23477,61648,68030,6382,S
23482,61655,68035,6380,S
17815,53296,68040,14744,E
14803,47802,68040,20238,W
17818,53302,68045,14743,E
14807,47807,68045,20238,W
17823,53308,68050,14742,E
14809,47812,68050,20238,W
17825,53314,68055,14741,E
14811,47817,68055,20238,W
17829,53320,68060,14740,E
14815,47822,68060,20238,W
17832,53326,68065,14739,E
14816,47827,68065,20238,W
17835,53332,68070,14738,E
14820,47832,68070,20238,W
17839,53338,68075,14737,E
14822,47837,68075,20238,W
17842,53344,68080,14736,E
14825,47842,68080,20238,W
17846,53350,68085,14735,E
14827,47847,68085,20238,W
17849,53356,68090,14734,E
14830,47852,68090,20238,W
17852,53362,68095,14733,E
14833,47857,68095,20238,W
27333,68037,68100,63,N
23486,61662,68100,6438,S
27340,68051,68105,54,N
23491,61669,68105,6436,S
27348,68065,68110,45,N
23496,61676,68110,6434,S
27355,68079,68115,36,N
23501,61683,68115,6432,S
27363,68093,68120,27,N
23506,61690,68120,6430,S
27369,68107,68125,18,N
23510,61697,68125,6428,S
27377,68121,68130,9,N
23515,61704,68130,6426,S
27384,68135,68135,0,N
23520,61711,68135,6424,S
23524,61718,68140,6422,S
23530,61725,68145,6420,S
27392,68149,68150,1,N
23534,61732,68150,6418,S
23539,61739,68155,6416,S
17856,53368,68160,14792,E
14835,47862,68160,20298,W
17860,53374,68165,14791,E
14838,47867,68165,20298,W
17863,53380,68170,14790,E
14840,47872,68170,20298,W
17866,53386,68175,14789,E
14844,47877,68175,20298,W
17869,53392,68180,14788,E
14845,47882,68180,20298,W
17874,53398,68185,14787,E
14848,47887,68185,20298,W
17877,53404,68190,14786,E
14851,47892,68190,20298,W
17879,53410,68195,14785,E
14853,47897,68195,20298,W
17883,53416,68200,14784,E
14857,47902,68200,20298,W
17886,53422,68205,14783,E
14859,47907,68205,20298,W
17891,53428,68210,14782,E
14862,47912,68210,20298,W
17893,53434,68215,14781,E
14864,47917,68215,20298,W
27400,68163,68220,57,N
23544,61746,68220,6474,S
27406,68177,68225,48,N
23548,61753,68225,6472,S
27414,68191,68230,39,N
23554,61760,68230,6470,S
27421,68205,68235,30,N
23559,61767,68235,6468,S
27429,68219,68240,21,N
23562,61774,68240,6466,S
27436,68233,68245,12,N
23568,61781,68245,6464,S
27443,68247,68250,3,N
23572,61788,68250,6462,S
23578,61795,68255,6460,S
23582,61802,68260,6458,S
27450,68261,68265,4,N
23586,61809,68265,6456,S
23592,61816,68270,6454,S
27458,68275,68275,0,N
23597,61823,68275,6452,S
17897,53440,68280,14840,E
14867,47922,68280,20358,W
17900,53446,68285,14839,E
14869,47927,68285,20358,W
17904,53452,68290,14838,E
14872,47932,68290,20358,W
17907,53458,68295,14837,E
14874,47937,68295,20358,W
17911,53464,68300,14836,E
14877,47942,68300,20358,W
17914,53470,68305,14835,E
14881,47947,68305,20358,W
17918,53476,68310,14834,E
14882,47952,68310,20358,W
17920,53482,68315,14833,E
14885,47957,68315,20358,W
17924,53488,68320,14832,E
14888,47962,68320,20358,W
17928,53494,68325,14831,E
14890,47967,68325,20358,W
17931,53500,68330,14830,E
14893,47972,68330,20358,W
17934,53506,68335,14829,E
14896,47977,68335,20358,W
27466,68289,68340,51,N
23601,61830,68340,6510,S
27473,68303,68345,42,N
23606,61837,68345,6508,S
27480,68317,68350,33,N
23611,61844,68350,6506,S
27487,68331,68355,24,N
23616,61851,68355,6504,S
27495,68345,68360,15,N
23620,61858,68360,6502,S
27502,68359,68365,6,N
23625,61865,68365,6500,S
23630,61872,68370,6498,S
27510,68373,68375,2,N
23635,61879,68375,6496,S
23639,61886,68380,6494,S
23644,61893,68385,6492,S
27516,68387,68390,3,N
23650,61900,68390,6490,S
23654,61907,68395,6488,S
17937,53512,68400,14888,E
14898,47982,68400,20418,W
17942,53518,68405,14887,E
14901,47987,68405,20418,W
17945,53524,68410,14886,E
14904,47992,68410,20418,W
17948,53530,68415,14885,E
14906,47997,68415,20418,W
17951,53536,68420,14884,E
14909,48002,68420,20418,W
17955,53542,68425,14883,E
14911,48007,68425,20418,W
17959,53548,68430,14882,E
14914,48012,68430,20418,W
17962,53554,68435,14881,E
14917,48017,68435,20418,W
17965,53560,68440,14880,E
14919,48022,68440,20418,W
17968,53566,68445,14879,E
14921,48027,68445,20418,W
17972,53572,68450,14878,E
14925,48032,68450,20418,W
17975,53578,68455,14877,E
14927,48037,68455,20418,W
27524,68401,68460,59,N
23658,61914,68460,6546,S
27532,68420,68465,45,N
23664,61921,68465,6544,S
27540,68439,68470,31,N
23668,61928,68470,6542,S
27547,68458,68475,17,N
23674,61935,68475,6540,S
27554,68477,68480,3,N
23677,61942,68480,6538,S
23682,61949,68485,6536,S
23688,61956,68490,6534,S
23692,61963,68495,6532,S
27562,68496,68500,4,N
23697,61970,68500,6530,S
23702,61977,68505,6528,S
23706,61984,68510,6526,S
27570,68515,68515,0,N
23712,61991,68515,6524,S
17979,53584,68520,14936,E
14930,48042,68520,20478,W
17982,53590,68525,14935,E
14933,48047,68525,20478,W
17986,53596,68530,14934,E
14935,48052,68530,20478,W
17988,53602,68535,14933,E
14938,48057,68535,20478,W
17993,53608,68540,14932,E
14940,48062,68540,20478,W
17996,53614,68545,14931,E
14943,48067,68545,20478,W
18000,53620,68550,14930,E
14945,48072,68550,20478,W
18002,53626,68555,14929,E
14948,48077,68555,20478,W
18006,53632,68560,14928,E
14951,48082,68560,20478,W
18010,53638,68565,14927,E
14954,48087,68565,20478,W
18013,53644,68570,14926,E
14956,48092,68570,20478,W
18016,53650,68575,14925,E
14958,48097,68575,20478,W
27576,68534,68580,46,N
23716,61998,68580,6582,S
27584,68553,68585,32,N
23721,62005,68585,6580,S
27591,68572,68590,18,N
23726,62012,68590,6578,S
27598,68591,68595,4,N
23730,62019,68595,6576,S
23735,62026,68600,6574,S
23740,62033,68605,6572,S
27607,68610,68610,0,N
23745,62040,68610,6570,S
23750,62047,68615,6568,S
23754,62054,68620,6566,S
23759,62061,68625,6564,S
27614,68629,68630,1,N
23764,62068,68630,6562,S
23770,62075,68635,6560,S
18019,53656,68640,14984,E
14962,48102,68640,20538,W
18023,53662,68645,14983,E
14963,48107,68645,20538,W
18027,53668,68650,14982,E
14967,48112,68650,20538,W
18030,53674,68655,14981,E
14969,48117,68655,20538,W
18033,53680,68660,14980,E
14972,48122,68660,20538,W
18037,53686,68665,14979,E
14975,48127,68665,20538,W
18040,53692,68670,14978,E
14977,48132,68670,20538,W
18044,53698,68675,14977,E
14980,48137,68675,20538,W
18047,53704,68680,14976,E
14982,48142,68680,20538,W
18051,53710,68685,14975,E
14985,48147,68685,20538,W
18054,53716,68690,14974,E
14987,48152,68690,20538,W
18056,53722,68695,14973,E
14991,48157,68695,20538,W
27622,68648,68700,52,N
23773,62082,68700,6618,S
27628,68667,68705,38,N
23778,62089,68705,6616,S
27636,68686,68710,24,N
23783,62096,68710,6614,S
27643,68705,68715,10,N
23788,62103,68715,6612,S
23793,62110,68720,6610,S
27650,68724,68725,1,N
23797,62117,68725,6608,S
23802,62124,68730,6606,S
23808,62131,68735,6604,S
23811,62138,68740,6602,S
27658,68743,68745,2,N
23817,62145,68745,6600,S
23822,62152,68750,6598,S
23826,62159,68755,6596,S
18061,53728,68760,15032,E
14992,48162,68760,20598,W
18064,53734,68765,15031,E
14995,48167,68765,20598,W
18068,53740,68770,15030,E
14999,48172,68770,20598,W
18070,53746,68775,15029,E
15000,48177,68775,20598,W
18074,53752,68780,15028,E
15004,48182,68780,20598,W
18078,53758,68785,15027,E
15006,48187,68785,20598,W
18082,53764,68790,15026,E
15009,48192,68790,20598,W
18084,53770,68795,15025,E
15011,48197,68795,20598,W
18088,53776,68800,15024,E
15014,48202,68800,20598,W
18091,53782,68805,15023,E
15016,48207,68805,20598,W
18096,53788,68810,15022,E
15019,48212,68810,20598,W
18098,53794,68815,15021,E
15022,48217,68815,20598,W
27665,68762,68820,58,N
23831,62166,68820,6654,S
27674,68781,68825,44,N
23835,62173,68825,6652,S
27680,68800,68830,30,N
23841,62180,68830,6650,S
27688,68819,68835,16,N
23846,62187,68835,6648,S
27696,68838,68840,2,N
23849,62194,68840,6646,S
23855,62201,68845,6644,S
23860,62208,68850,6642,S
23865,62215,68855,6640,S
27702,68857,68860,3,N
23869,62222,68860,6638,S
23874,62229,68865,6636,S
23879,62236,68870,6634,S
23884,62243,68875,6632,S
18101,53800,68880,15080,E
15024,48222,68880,20658,W
18105,53806,68885,15079,E
15028,48227,68885,20658,W
18108,53812,68890,15078,E
15029,48232,68890,20658,W
18112,53818,68895,15077,E
15032,48237,68895,20658,W
18115,53824,68900,15076,E
15035,48242,68900,20658,W
18119,53830,68905,15075,E
15037,48247,68905,20658,W
18122,53836,68910,15074,E
15040,48252,68910,20658,W
18125,53842,68915,15073,E
15043,48257,68915,20658,W
18129,53848,68920,15072,E
15046,48262,68920,20658,W
18133,53854,68925,15071,E
15048,48267,68925,20658,W
18136,53860,68930,15070,E
15051,48272,68930,20658,W
18139,53866,68935,15069,E
15053,48277,68935,20658,W
27710,68876,68940,64,N
23888,62250,68940,6690,S
27717,68895,68945,50,N
23893,62257,68945,6688,S
27725,68914,68950,36,N
23898,62264,68950,6686,S
27731,68933,68955,22,N
23903,62271,68955,6684,S
27740,68952,68960,8,N
23907,62278,68960,6682,S
23913,62285,68965,6680,S
23917,62292,68970,6678,S
27748,68971,68975,4,N
23922,62299,68975,6676,S
23927,62306,68980,6674,S
23931,62313,68985,6672,S
27754,68990,68990,0,N
23937,62320,68990,6670,S
23941,62327,68995,6668,S
18142,53872,69000,15128,E
15056,48282,69000,20718,W
18146,53878,69005,15127,E
15058,48287,69005,20718,W
18150,53884,69010,15126,E
15061,48292,69010,20718,W
18152,53890,69015,15125,E
15064,48297,69015,20718,W
18156,53896,69020,15124,E
15066,48302,69020,20718,W
18159,53902,69025,15123,E
15069,48307,69025,20718,W
18164,53908,69030,15122,E
15072,48312,69030,20718,W
18166,53914,69035,15121,E
15074,48317,69035,20718,W
18170,53920,69040,15120,E
15077,48322,69040,20718,W
18173,53926,69045,15119,E
15080,48327,69045,20718,W
18177,53932,69050,15118,E
15082,48332,69050,20718,W
18180,53938,69055,15117,E
15085,48337,69055,20718,W
27762,69009,69060,51,N
23945,62334,69060,6726,S
27769,69028,69065,37,N
23951,62341,69065,6724,S
27777,69047,69070,23,N
23955,62348,69070,6722,S
27784,69066,69075,9,N
23961,62355,69075,6720,S
23965,62362,69080,6718,S
27791,69085,69085,0,N
23969,62369,69085,6716,S
23975,62376,69090,6714,S
23980,62383,69095,6712,S
23984,62390,69100,6710,S
27799,69104,69105,1,N
23989,62397,69105,6708,S
23993,62404,69110,6706,S
23999,62411,69115,6704,S
18184,53944,69120,15176,E
15087,48342,69120,20778,W
18187,53950,69125,15175,E
15090,48347,69125,20778,W
18190,53956,69130,15174,E
15093,48352,69130,20778,W
18193,53962,69135,15173,E
15095,48357,69135,20778,W
18197,53968,69140,15172,E
15098,48362,69140,20778,W
18201,53974,69145,15171,E
15101,48367,69145,20778,W
18204,53980,69150,15170,E
15103,48372,69150,20778,W
18207,53986,69155,15169,E
15105,48377,69155,20778,W
18210,53992,69160,15168,E
15109,48382,69160,20778,W
18215,53998,69165,15167,E
15110,48387,69165,20778,W
18218,54004,69170,15166,E
15114,48392,69170,20778,W
18221,54009,69175,15166,E
15117,48397,69175,20778,W
27806,69123,69180,57,N
24003,62418,69180,6762,S
27814,69142,69185,43,N
24008,62425,69185,6760,S
27821,69161,69190,29,N
24013,62432,69190,6758,S
27829,69180,69195,15,N
24018,62439,69195,6756,S
27836,69199,69200,1,N
24022,62446,69200,6754,S
24027,62453,69205,6752,S
24033,62460,69210,6750,S
24037,62467,69215,6748,S
27843,69218,69220,2,N
24041,62474,69220,6746,S
24046,62481,69225,6744,S
24051,62488,69230,6742,S
24057,62495,69235,6740,S
18224,54014,69240,15226,E
15119,48402,69240,20838,W
18228,54019,69245,15226,E
15122,48407,69245,20838,W
18231,54024,69250,15226,E
15124,48412,69250,20838,W
18234,54029,69255,15226,E
15127,48417,69255,20838,W
18238,54034,69260,15226,E
15129,48422,69260,20838,W
18242,54039,69265,15226,E
15132,48427,69265,20838,W
18245,54044,69270,15226,E
15134,48432,69270,20838,W
18248,54049,69275,15226,E
15138,48437,69275,20838,W
18252,54054,69280,15226,E
15140,48442,69280,20838,W
18255,54059,69285,15226,E
15142,48447,69285,20838,W
18259,54064,69290,15226,E
15146,48452,69290,20838,W
18262,54069,69295,15226,E
15147,48457,69295,20838,W
27851,69237,69300,63,N
24060,62502,69300,6798,S
27857,69256,69305,49,N
24065,62509,69305,6796,S
27865,69275,69310,35,N
24071,62516,69310,6794,S
27874,69294,69315,21,N
24075,62523,69315,6792,S
27881,69313,69320,7,N
24080,62530,69320,6790,S
24085,62537,69325,6788,S
24089,62544,69330,6786,S
27888,69332,69335,3,N
24095,62551,69335,6784,S
24098,62558,69340,6782,S
24104,62565,69345,6780,S
24109,62572,69350,6778,S
27895,69351,69355,4,N
24113,62579,69355,6776,S
18265,54074,69360,15286,E
15151,48462,69360,20898,W
18269,54079,69365,15286,E
15153,48467,69365,20898,W
18272,54084,69370,15286,E
15156,48472,69370,20898,W
18276,54089,69375,15286,E
15158,48477,69375,20898,W
18278,54094,69380,15286,E
15161,48482,69380,20898,W
18283,54099,69385,15286,E
15164,48487,69385,20898,W
18286,54104,69390,15286,E
15166,48492,69390,20898,W
18290,54109,69395,15286,E
15169,48497,69395,20898,W
18292,54114,69400,15286,E
15171,48502,69400,20898,W
18297,54119,69405,15286,E
15175,48507,69405,20898,W
18300,54124,69410,15286,E
15176,48512,69410,20898,W
18302,54129,69415,15286,E
15179,48517,69415,20898,W
27903,69370,69420,50,N
24118,62586,69420,6834,S
27909,69389,69425,36,N
24123,62593,69425,6832,S
27917,69408,69430,22,N
24128,62600,69430,6830,S
27925,69427,69435,8,N
24133,62607,69435,6828,S
24137,62614,69440,6826,S
24142,62621,69445,6824,S
27932,69446,69450,4,N
24147,62628,69450,6822,S
24152,62635,69455,6820,S
24156,62642,69460,6818,S
27940,69465,69465,0,N
24161,62649,69465,6816,S
24166,62656,69470,6814,S
24171,62663,69475,6812,S
18306,54134,69480,15346,E
15182,48522,69480,20958,W
18310,54139,69485,15346,E
15184,48527,69485,20958,W
18314,54144,69490,15346,E
15188,48532,69490,20958,W
18316,54149,69495,15346,E
15190,48537,69495,20958,W
18320,54154,69500,15346,E
15193,48542,69500,20958,W
18324,54159,69505,15346,E
15195,48547,69505,20958,W
18327,54164,69510,15346,E
15198,48552,69510,20958,W
18330,54169,69515,15346,E
15200,48557,69515,20958,W
18334,54174,69520,15346,E
15203,48562,69520,20958,W
18338,54179,69525,15346,E
15205,48567,69525,20958,W
18340,54184,69530,15346,E
15208,48572,69530,20958,W
18344,54189,69535,15346,E
15212,48577,69535,20958,W
27947,69484,69540,56,N
24176,62670,69540,6870,S
27955,69503,69545,42,N
24180,62677,69545,6868,S
27962,69522,69550,28,N
24185,62684,69550,6866,S
27969,69541,69555,14,N
24191,62691,69555,6864,S
27977,69560,69560,0,N
24194,62698,69560,6862,S
24200,62705,69565,6860,S
24204,62712,69570,6858,S
24209,62719,69575,6856,S
27984,69579,69580,1,N
24214,62726,69580,6854,S
24218,62733,69585,6852,S
24224,62740,69590,6850,S
24229,62747,69595,6848,S
18347,54194,69600,15406,E
15213,48582,69600,21018,W
18351,54199,69605,15406,E
15216,48587,69605,21018,W
18354,54204,69610,15406,E
15219,48592,69610,21018,W
18358,54209,69615,15406,E
15221,48597,69615,21018,W
18361,54214,69620,15406,E
15224,48602,69620,21018,W
18365,54219,69625,15406,E
15227,48607,69625,21018,W
18368,54224,69630,15406,E
15229,48612,69630,21018,W
18372,54229,69635,15406,E
15232,48617,69635,21018,W
18374,54234,69640,15406,E
15235,48622,69640,21018,W
18378,54239,69645,15406,E
15237,48627,69645,21018,W
18382,54244,69650,15406,E
15240,48632,69650,21018,W
18385,54249,69655,15406,E
15242,48637,69655,21018,W
27991,69598,69660,62,N
24232,62754,69660,6906,S
27998,69617,69665,48,N
24238,62761,69665,6904,S
28007,69636,69670,34,N
24243,62768,69670,6902,S
28014,69655,69675,20,N
24248,62775,69675,6900,S
28021,69674,69680,6,N
24252,62782,69680,6898,S
24256,62789,69685,6896,S
24262,62796,69690,6894,S
28029,69693,69695,2,N
24267,62803,69695,6892,S
24271,62810,69700,6890,S
24276,62817,69705,6888,S
24281,62824,69710,6886,S
28036,69712,69715,3,N
24286,62831,69715,6884,S
18388,54254,69720,15466,E
15245,48642,69720,21078,W
18392,54259,69725,15466,E
15248,48647,69725,21078,W
18396,54264,69730,15466,E
15250,48652,69730,21078,W
18398,54269,69735,15466,E
15252,48657,69735,21078,W
18402,54274,69740,15466,E
15256,48662,69740,21078,W
18406,54279,69745,15466,E
15258,48667,69745,21078,W
18410,54284,69750,15466,E
15261,48672,69750,21078,W
18412,54289,69755,15466,E
15264,48677,69755,21078,W
18415,54294,69760,15466,E
15266,48682,69760,21078,W
18420,54299,69765,15466,E
15269,48687,69765,21078,W
18422,54304,69770,15466,E
15271,48692,69770,21078,W
18426,54309,69775,15466,E
15274,48697,69775,21078,W
28043,69731,69780,49,N
24290,62838,69780,6942,S
28051,69750,69785,35,N
24296,62845,69785,6940,S
28058,69769,69790,21,N
24300,62852,69790,6938,S
28065,69788,69795,7,N
24305,62859,69795,6936,S
24309,62866,69800,6934,S
24314,62873,69805,6932,S
28073,69807,69810,3,N
24320,62880,69810,6930,S
24324,62887,69815,6928,S
24328,62894,69820,6926,S
24334,62901,69825,6924,S
28081,69826,69830,4,N
24338,62908,69830,6922,S
24344,62915,69835,6920,S
18429,54314,69840,15526,E
15276,48702,69840,21138,W
18434,54319,69845,15526,E
15279,48707,69845,21138,W
18436,54324,69850,15526,E
15282,48712,69850,21138,W
18440,54329,69855,15526,E
15285,48717,69855,21138,W
18443,54334,69860,15526,E
15287,48722,69860,21138,W
18447,54339,69865,15526,E
15289,48727,69865,21138,W
18450,54344,69870,15526,E
15293,48732,69870,21138,W
18453,54349,69875,15526,E
15294,48737,69875,21138,W
18457,54354,69880,15526,E
15298,48742,69880,21138,W
18460,54359,69885,15526,E
15300,48747,69885,21138,W
18464,54364,69890,15526,E
15303,48752,69890,21138,W
18467,54369,69895,15526,E
15306,48757,69895,21138,W
28088,69845,69900,55,N
24348,62922,69900,6978,S
28095,69864,69905,41,N
24352,62929,69905,6976,S
28103,69883,69910,27,N
24358,62936,69910,6974,S
28110,69902,69915,13,N
24362,62943,69915,6972,S
24367,62950,69920,6970,S
28117,69921,69925,4,N
24372,62957,69925,6968,S
24376,62964,69930,6966,S
24382,62971,69935,6964,S
28124,69940,69940,0,N
24386,62978,69940,6962,S
24391,62985,69945,6960,S
24396,62992,69950,6958,S
24401,62999,69955,6956,S
18470,54374,69960,15586,E
15308,48762,69960,21198,W
18474,54379,69965,15586,E
15311,48767,69965,21198,W
18478,54384,69970,15586,E
15313,48772,69970,21198,W
18481,54389,69975,15586,E
15316,48777,69975,21198,W
18484,54394,69980,15586,E
15318,48782,69980,21198,W
18488,54399,69985,15586,E
15322,48787,69985,21198,W
18491,54404,69990,15586,E
15323,48792,69990,21198,W
18494,54409,69995,15586,E
15326,48797,69995,21198,W
18497,54414,70000,15586,E
15330,48802,70000,21198,W
18502,54419,70005,15586,E
15331,48807,70005,21198,W
18505,54424,70010,15586,E
15335,48812,70010,21198,W
18508,54429,70015,15586,E
15337,48817,70015,21198,W
28132,69959,70020,61,N
24405,63006,70020,7014,S
28141,69978,70025,47,N
24410,63013,70025,7012,S
28147,69997,70030,33,N
24415,63020,70030,7010,S
28155,70016,70035,19,N
24420,63027,70035,7008,S
28162,70035,70040,5,N
24424,63034,70040,7006,S
24429,63041,70045,7004,S
24434,63048,70050,7002,S
28169,70054,70055,1,N
24440,63055,70055,7000,S
24443,63062,70060,6998,S
24448,63069,70065,6996,S
24454,63076,70070,6994,S
28176,70073,70075,2,N
24458,63083,70075,6992,S
18511,54434,70080,15646,E
15340,48822,70080,21258,W
18516,54439,70085,15646,E
15342,48827,70085,21258,W
18518,54444,70090,15646,E
15345,48832,70090,21258,W
18522,54449,70095,15646,E
15347,48837,70095,21258,W
18525,54454,70100,15646,E
15350,48842,70100,21258,W
18529,54459,70105,15646,E
15353,48847,70105,21258,W
18532,54464,70110,15646,E
15355,48852,70110,21258,W
18535,54469,70115,15646,E
15359,48857,70115,21258,W
18539,54474,70120,15646,E
15360,48862,70120,21258,W
18542,54479,70125,15646,E
15363,48867,70125,21258,W
18546,54484,70130,15646,E
15366,48872,70130,21258,W
18549,54489,70135,15646,E
15368,48877,70135,21258,W
28184,70092,70140,48,N
24463,63090,70140,7050,S
28192,70111,70145,34,N
24467,63097,70145,7048,S
28198,70130,70150,20,N
24472,63104,70150,7046,S
28207,70149,70155,6,N
24478,63111,70155,7044,S
24481,63118,70160,7042,S
24487,63125,70165,7040,S
28214,70168,70170,2,N
24492,63132,70170,7038,S
24496,63139,70175,7036,S
24501,63146,70180,7034,S
24506,63153,70185,7032,S
28221,70187,70190,3,N
24511,63160,70190,7030,S
24516,63167,70195,7028,S
18553,54494,70200,15706,E
15371,48882,70200,21318,W
18556,54499,70205,15706,E
15374,48887,70205,21318,W
18560,54504,70210,15706,E
15377,48892,70210,21318,W
18563,54509,70215,15706,E
15379,48897,70215,21318,W
18565,54514,70220,15706,E
15382,48902,70220,21318,W
18570,54519,70225,15706,E
15384,48907,70225,21318,W
18573,54524,70230,15706,E
15387,48912,70230,21318,W
18577,54529,70235,15706,E
15389,48917,70235,21318,W
18579,54534,70240,15706,E
15392,48922,70240,21318,W
18584,54539,70245,15706,E
15395,48927,70245,21318,W
18587,54544,70250,15706,E
15397,48932,70250,21318,W
18590,54549,70255,15706,E
15400,48937,70255,21318,W
28229,70206,70260,54,N
24519,63174,70260,7086,S
28236,70225,70265,40,N
24525,63181,70265,7084,S
28244,70244,70270,26,N
24530,63188,70270,7082,S
28250,70263,70275,12,N
24535,63195,70275,7080,S
24539,63202,70280,7078,S
28258,70282,70285,3,N
24544,63209,70285,7076,S
24549,63216,70290,7074,S
24554,63223,70295,7072,S
24559,63230,70300,7070,S
28265,70301,70305,4,N
24563,63237,70305,7068,S
24568,63244,70310,7066,S
24573,63251,70315,7064,S
18593,54554,70320,15766,E
15403,48942,70320,21378,W
18598,54559,70325,15766,E
15405,48947,70325,21378,W
18601,54564,70330,15766,E
15408,48952,70330,21378,W
18603,54569,70335,15766,E
15411,48957,70335,21378,W
18607,54574,70340,15766,E
15413,48962,70340,21378,W
18611,54579,70345,15766,E
15416,48967,70345,21378,W
18614,54584,70350,15766,E
15418,48972,70350,21378,W
18617,54589,70355,15766,E
15421,48977,70355,21378,W
18621,54594,70360,15766,E
15424,48982,70360,21378,W
18625,54599,70365,15766,E
15426,48987,70365,21378,W
18628,54604,70370,15766,E
15429,48992,70370,21378,W
18631,54609,70375,15766,E
15432,48997,70375,21378,W
28273,70320,70380,60,N
24577,63258,70380,7122,S
28281,70339,70385,46,N
24583,63265,70385,7120,S
28288,70358,70390,32,N
24587,63272,70390,7118,S
28296,70377,70395,18,N
24592,63279,70395,7116,S
28302,70396,70400,4,N
24597,63286,70400,7114,S
24601,63293,70405,7112,S
24607,63300,70410,7110,S
28310,70415,70415,0,N
24612,63307,70415,7108,S
24615,63314,70420,7106,S
24621,63321,70425,7104,S
24625,63328,70430,7102,S
28318,70434,70435,1,N
24631,63335,70435,7100,S
18635,54614,70440,15826,E
15434,49002,70440,21438,W
18638,54619,70445,15826,E
15436,49007,70445,21438,W
18641,54624,70450,15826,E
15440,49012,70450,21438,W
18645,54629,70455,15826,E
15441,49017,70455,21438,W
18648,54634,70460,15826,E
15445,49022,70460,21438,W
18652,54639,70465,15826,E
15448,49027,70465,21438,W
18655,54644,70470,15826,E
15450,49032,70470,21438,W
18659,54649,70475,15826,E
15453,49037,70475,21438,W
18661,54654,70480,15826,E
15455,49042,70480,21438,W
18666,54659,70485,15826,E
15458,49047,70485,21438,W
18669,54664,70490,15826,E
15460,49052,70490,21438,W
18673,54669,70495,15826,E
15463,49057,70495,21438,W
28324,70453,70500,47,N
24635,63342,70500,7158,S
28332,70472,70505,33,N
24639,63349,70505,7156,S
28340,70491,70510,19,N
24645,63356,70510,7154,S
28348,70510,70515,5,N
24650,63363,70515,7152,S
24654,63370,70520,7150,S
24659,63377,70525,7148,S
28354,70529,70530,1,N
24664,63384,70530,7146,S
24669,63391,70535,7144,S
24673,63398,70540,7142,S
24678,63405,70545,7140,S
28362,70548,70550,2,N
24683,63412,70550,7138,S
24688,63419,70555,7136,S
18675,54674,70560,15886,E
15465,49062,70560,21498,W
18679,54679,70565,15886,E
15469,49067,70565,21498,W
18683,54684,70570,15886,E
15471,49072,70570,21498,W
18685,54689,70575,15886,E
15473,49077,70575,21498,W
18689,54694,70580,15886,E
15477,49082,70580,21498,W
18693,54699,70585,15886,E
15478,49087,70585,21498,W
18697,54704,70590,15886,E
15482,49092,70590,21498,W
18699,54709,70595,15886,E
15484,49097,70595,21498,W
18703,54714,70600,15886,E
15487,49102,70600,21498,W
18707,54719,70605,15886,E
15489,49107,70605,21498,W
18710,54724,70610,15886,E
15492,49112,70610,21498,W
18713,54729,70615,15886,E
15495,49117,70615,21498,W
28370,70567,70620,53,N
24692,63426,70620,7194,S
28376,70586,70625,39,N
24697,63433,70625,7192,S
28384,70605,70630,25,N
24703,63440,70630,7190,S
28391,70624,70635,11,N
24707,63447,70635,7188,S
24711,63454,70640,7186,S
28399,70643,70645,2,N
24717,63461,70645,7184,S
24721,63468,70650,7182,S
24727,63475,70655,7180,S
24730,63482,70660,7178,S
28407,70662,70665,3,N
24735,63489,70665,7176,S
24741,63496,70670,7174,S
24745,63503,70675,7172,S
18716,54734,70680,15946,E
15497,49122,70680,21558,W
18721,54739,70685,15946,E
15500,49127,70685,21558,W
18723,54744,70690,15946,E
15502,49132,70690,21558,W
18727,54749,70695,15946,E
15506,49137,70695,21558,W
18730,54754,70700,15946,E
15507,49142,70700,21558,W
18734,54759,70705,15946,E
15510,49147,70705,21558,W
18737,54764,70710,15946,E
15513,49152,70710,21558,W
18741,54769,70715,15946,E
15515,49157,70715,21558,W
18744,54774,70720,15946,E
15519,49162,70720,21558,W
18748,54779,70725,15946,E
15521,49167,70725,21558,W
18751,54784,70730,15946,E
15524,49172,70730,21558,W
18754,54789,70735,15946,E
15526,49177,70735,21558,W
28414,70681,70740,59,N
24750,63510,70740,7230,S
28422,70700,70745,45,N
24755,63517,70745,7228,S
28428,70719,70750,31,N
24759,63524,70750,7226,S
28436,70738,70755,17,N
24765,63531,70755,7224,S
28443,70757,70760,3,N
24769,63538,70760,7222,S
24774,63545,70765,7220,S
24779,63552,70770,7218,S
24783,63559,70775,7216,S
28451,70776,70780,4,N
24788,63566,70780,7214,S
24793,63573,70785,7212,S
24798,63580,70790,7210,S
28458,70795,70795,0,N
24803,63587,70795,7208,S
18757,54794,70800,16006,E
15529,49182,70800,21618,W
18761,54799,70805,16006,E
15531,49187,70805,21618,W
18765,54804,70810,16006,E
15534,49192,70810,21618,W
18768,54809,70815,16006,E
15536,49197,70815,21618,W
18771,54814,70820,16006,E
15539,49202,70820,21618,W
18775,54819,70825,16006,E
15543,49207,70825,21618,W
18779,54824,70830,16006,E
15544,49212,70830,21618,W
18781,54829,70835,16006,E
15547,49217,70835,21618,W
18785,54834,70840,16006,E
15550,49222,70840,21618,W
18789,54839,70845,16006,E
15552,49227,70845,21618,W
18792,54844,70850,16006,E
15555,49232,70850,21618,W
18795,54849,70855,16006,E
15558,49237,70855,21618,W
28465,70814,70860,46,N
24807,63594,70860,7266,S
28474,70833,70865,32,N
24812,63601,70865,7264,S
28480,70852,70870,18,N
24817,63608,70870,7262,S
28488,70871,70875,4,N
24823,63615,70875,7260,S
24826,63622,70880,7258,S
24831,63629,70885,7256,S
28496,70890,70890,0,N
24836,63636,70890,7254,S
24841,63643,70895,7252,S
24846,63650,70900,7250,S
24850,63657,70905,7248,S
28503,70909,70910,1,N
24855,63664,70910,7246,S
24861,63671,70915,7244,S
18798,54854,70920,16066,E
15560,49242,70920,21678,W
18803,54859,70925,16066,E
15563,49247,70925,21678,W
18805,54864,70930,16066,E
15566,49252,70930,21678,W
18809,54869,70935,16066,E
15568,49257,70935,21678,W
18812,54874,70940,16066,E
15571,49262,70940,21678,W
18817,54879,70945,16066,E
15573,49267,70945,21678,W
18819,54884,70950,16066,E
15576,49272,70950,21678,W
18823,54889,70955,16066,E
15579,49277,70955,21678,W
18826,54894,70960,16066,E
15581,49282,70960,21678,W
18829,54899,70965,16066,E
15583,49287,70965,21678,W
18833,54904,70970,16066,E
15587,49292,70970,21678,W
18836,54909,70975,16066,E
15589,49297,70975,21678,W
28510,70928,70980,52,N
24864,63678,70980,7302,S
28517,70947,70985,38,N
24870,63685,70985,7300,S
28525,70966,70990,24,N
24875,63692,70990,7298,S
28531,70985,70995,10,N
24879,63699,70995,7296,S
24884,63706,71000,7294,S
28540,71004,71005,1,N
24888,63713,71005,7292,S
24894,63720,71010,7290,S
24899,63727,71015,7288,S
24902,63734,71020,7286,S
28548,71023,71025,2,N
24908,63741,71025,7284,S
24913,63748,71030,7282,S
24918,63755,71035,7280,S
18840,54914,71040,16126,E
15592,49302,71040,21738,W
18843,54919,71045,16126,E
15595,49307,71045,21738,W
18847,54924,71050,16126,E
15597,49312,71050,21738,W
18850,54929,71055,16126,E
15600,49317,71055,21738,W
18853,54934,71060,16126,E
15602,49322,71060,21738,W
18857,54939,71065,16126,E
15605,49327,71065,21738,W
18861,54944,71070,16126,E
15607,49332,71070,21738,W
18864,54949,71075,16126,E
15610,49337,71075,21738,W
18866,54954,71080,16126,E
15613,49342,71080,21738,W
18871,54959,71085,16126,E
15616,49347,71085,21738,W
18874,54964,71090,16126,E
15618,49352,71090,21738,W
18877,54969,71095,16126,E
15620,49357,71095,21738,W
28555,71042,71100,58,N
24922,63762,71100,7338,S
28562,71061,71105,44,N
24927,63769,71105,7336,S
28569,71080,71110,30,N
24932,63776,71110,7334,S
28577,71099,71115,16,N
24937,63783,71115,7332,S
28584,71118,71120,2,N
24941,63790,71120,7330,S
24946,63797,71125,7328,S
24951,63804,71130,7326,S
24956,63811,71135,7324,S
28591,71137,71140,3,N
24960,63818,71140,7322,S
24966,63825,71145,7320,S
24970,63832,71150,7318,S
24975,63839,71155,7316,S
18880,54974,71160,16186,E
15624,49362,71160,21798,W
18885,54979,71165,16186,E
15625,49367,71165,21798,W
18888,54984,71170,16186,E
15629,49372,71170,21798,W
18891,54989,71175,16186,E
15631,49377,71175,21798,W
18894,54994,71180,16186,E
15634,49382,71180,21798,W
18899,54999,71185,16186,E
15637,49387,71185,21798,W
18901,55004,71190,16186,E
15639,49392,71190,21798,W
18904,55009,71195,16186,E
15642,49397,71195,21798,W
18908,55014,71200,16186,E
15644,49402,71200,21798,W
18912,55019,71205,16186,E
15647,49407,71205,21798,W
18915,55024,71210,16186,E
15649,49412,71210,21798,W
18918,55029,71215,16186,E
15653,49417,71215,21798,W
28599,71156,71220,64,N
24980,63846,71220,7374,S
28607,71175,71225,50,N
24984,63853,71225,7372,S
28614,71194,71230,36,N
24990,63860,71230,7370,S
28621,71213,71235,22,N
24994,63867,71235,7368,S
28629,71232,71240,8,N
24998,63874,71240,7366,S
25004,63881,71245,7364,S
25008,63888,71250,7362,S
28636,71251,71255,4,N
25014,63895,71255,7360,S
25018,63902,71260,7358,S
25022,63909,71265,7356,S
28643,71270,71270,0,N
25028,63916,71270,7354,S
25033,63923,71275,7352,S
18922,55034,71280,16246,E
15654,49422,71280,21858,W
18925,55039,71285,16246,E
15657,49427,71285,21858,W
18929,55044,71290,16246,E
15661,49432,71290,21858,W
18932,55049,71295,16246,E
15662,49437,71295,21858,W
18936,55054,71300,16246,E
15666,49442,71300,21858,W
18939,55059,71305,16246,E
15668,49447,71305,21858,W
18942,55064,71310,16246,E
15671,49452,71310,21858,W
18946,55069,71315,16246,E
15673,49457,71315,21858,W
18948,55074,71320,16246,E
15676,49462,71320,21858,W
18953,55079,71325,16246,E
15678,49467,71325,21858,W
18956,55084,71330,16246,E
15681,49472,71330,21858,W
18960,55089,71335,16246,E
15684,49477,71335,21858,W
28651,71289,71340,51,N
25037,63930,71340,7410,S
28658,71308,71345,37,N
25042,63937,71345,7408,S
28665,71327,71350,23,N
25046,63944,71350,7406,S
28674,71346,71355,9,N
25052,63951,71355,7404,S
25056,63958,71360,7402,S
28681,71365,71365,0,N
25061,63965,71365,7400,S
25066,63972,71370,7398,S
25071,63979,71375,7396,S
25075,63986,71380,7394,S
28688,71384,71385,1,N
25080,63993,71385,7392,S
25086,64000,71390,7390,S
25090,64007,71395,7388,S
18962,55094,71400,16306,E
15686,49482,71400,21918,W
18967,55099,71405,16306,E
15690,49487,71405,21918,W
18970,55104,71410,16306,E
15691,49492,71410,21918,W
18973,55109,71415,16306,E
15694,49497,71415,21918,W
18976,55114,71420,16306,E
15697,49502,71420,21918,W
18980,55119,71425,16306,E
15699,49507,71425,21918,W
18984,55124,71430,16306,E
15702,49512,71430,21918,W
18986,55129,71435,16306,E
15705,49517,71435,21918,W
18990,55134,71440,16306,E
15708,49522,71440,21918,W
18994,55139,71445,16306,E
15710,49527,71445,21918,W
18997,55144,71450,16306,E
15713,49532,71450,21918,W
19000,55149,71455,16306,E
15715,49537,71455,21918,W
28695,71403,71460,57,N
25094,64014,71460,7446,S
28703,71422,71465,43,N
25099,64021,71465,7444,S
28710,71441,71470,29,N
25104,64028,71470,7442,S
28717,71460,71475,15,N
25110,64035,71475,7440,S
28725,71479,71480,1,N
25113,64042,71480,7438,S
25118,64049,71485,7436,S
25124,64056,71490,7434,S
25128,64063,71495,7432,S
28732,71498,71500,2,N
25133,64070,71500,7430,S
25138,64077,71505,7428,S
25142,64084,71510,7426,S
25148,64091,71515,7424,S
19004,55154,71520,16366,E
15718,49542,71520,21978,W
19008,55159,71525,16366,E
15720,49547,71525,21978,W
19011,55164,71530,16366,E
15723,49552,71530,21978,W
19014,55169,71535,16366,E
15726,49557,71535,21978,W
19017,55174,71540,16366,E
15728,49562,71540,21978,W
19021,55179,71545,16366,E
15731,49567,71545,21978,W
19024,55184,71550,16366,E
15734,49572,71550,21978,W
19028,55189,71555,16366,E
15736,49577,71555,21978,W
19031,55194,71560,16366,E
15739,49582,71560,21978,W
19035,55199,71565,16366,E
15742,49587,71565,21978,W
19038,55204,71570,16366,E
15744,49592,71570,21978,W
19042,55209,71575,16366,E
15747,49597,71575,21978,W
28740,71517,71580,63,N
25151,64098,71580,7482,S
28747,71536,71585,49,N
25157,64105,71585,7480,S
28755,71555,71590,35,N
25162,64112,71590,7478,S
28763,71574,71595,21,N
25166,64119,71595,7476,S
28769,71593,71600,7,N
25171,64126,71600,7474,S
25176,64133,71605,7472,S
25181,64140,71610,7470,S
28777,71612,71615,3,N
25186,64147,71615,7468,S
25190,64154,71620,7466,S
25195,64161,71625,7464,S
25200,64168,71630,7462,S
28784,71631,71635,4,N
25205,64175,71635,7460,S
19044,55214,71640,16426,E
15749,49602,71640,22038,W
19049,55219,71645,16426,E
15752,49607,71645,22038,W
19052,55224,71650,16426,E
15755,49612,71650,22038,W
19055,55229,71655,16426,E
15757,49617,71655,22038,W
19058,55234,71660,16426,E
15760,49622,71660,22038,W
19062,55239,71665,16426,E
15763,49627,71665,22038,W
19066,55244,71670,16426,E
15765,49632,71670,22038,W
19068,55249,71675,16426,E
15767,49637,71675,22038,W
19072,55254,71680,16426,E
15771,49642,71680,22038,W
19076,55259,71685,16426,E
15772,49647,71685,22038,W
19080,55264,71690,16426,E
15776,49652,71690,22038,W
19082,55269,71695,16426,E
15779,49657,71695,22038,W
28791,71650,71700,50,N
25209,64182,71700,7518,S
28798,71669,71705,36,N
25214,64189,71705,7516,S
28807,71688,71710,22,N
25219,64196,71710,7514,S
28815,71707,71715,8,N
25224,64203,71715,7512,S
25229,64210,71720,7510,S
25233,64217,71725,7508,S
28821,71726,71730,4,N
25238,64224,71730,7506,S
25244,64231,71735,7504,S
25247,64238,71740,7502,S
28829,71745,71745,0,N
25253,64245,71745,7500,S
25257,64252,71750,7498,S
25262,64259,71755,7496,S
19086,55274,71760,16486,E
15781,49662,71760,22098,W
19090,55279,71765,16486,E
15784,49667,71765,22098,W
19092,55284,71770,16486,E
15786,49672,71770,22098,W
19096,55289,71775,16486,E
15789,49677,71775,22098,W
19099,55294,71780,16486,E
15791,49682,71780,22098,W
19104,55299,71785,16486,E
15794,49687,71785,22098,W
19106,55304,71790,16486,E
15796,49692,71790,22098,W
19110,55309,71795,16486,E
15800,49697,71795,22098,W
19113,55314,71800,16486,E
15802,49702,71800,22098,W
19117,55319,71805,16486,E
15804,49707,71805,22098,W
19120,55324,71810,16486,E
15808,49712,71810,22098,W
19124,55329,71815,16486,E
15809,49717,71815,22098,W
28836,71764,71820,56,N
25267,64266,71820,7554,S
28843,71783,71825,42,N
25271,64273,71825,7552,S
28851,71802,71830,28,N
25277,64280,71830,7550,S
28858,71821,71835,14,N
25282,64287,71835,7548,S
28866,71840,71840,0,N
25285,64294,71840,7546,S
25291,64301,71845,7544,S
25296,64308,71850,7542,S
25301,64315,71855,7540,S
28873,71859,71860,1,N
25305,64322,71860,7538,S
25309,64329,71865,7536,S
25315,64336,71870,7534,S
25320,64343,71875,7532,S
19127,55334,71880,16546,E
15813,49722,71880,22158,W
19130,55339,71885,16546,E
15815,49727,71885,22158,W
19134,55344,71890,16546,E
15818,49732,71890,22158,W
19137,55349,71895,16546,E
15820,49737,71895,22158,W
19140,55354,71900,16546,E
15823,49742,71900,22158,W
19144,55359,71905,16546,E
15826,49747,71905,22158,W
19148,55364,71910,16546,E
15828,49752,71910,22158,W
19151,55369,71915,16546,E
15831,49757,71915,22158,W
19154,55374,71920,16546,E
15833,49762,71920,22158,W
19158,55379,71925,16546,E
15837,49767,71925,22158,W
19162,55384,71930,16546,E
15838,49772,71930,22158,W
19164,55389,71935,16546,E
15841,49777,71935,22158,W
28881,71878,71940,62,N
25324,64350,71940,7590,S
28888,71897,71945,48,N
25329,64357,71945,7588,S
28895,71916,71950,34,N
25334,64364,71950,7586,S
28903,71935,71955,20,N
25339,64371,71955,7584,S
28910,71954,71960,6,N
25343,64378,71960,7582,S
25349,64385,71965,7580,S
25353,64392,71970,7578,S
28918,71973,71975,2,N
25358,64399,71975,7576,S
25362,64406,71980,7574,S
25367,64413,71985,7572,S
25373,64420,71990,7570,S
28924,71992,71995,3,N
25377,64427,71995,7568,S
19167,55394,72000,16606,E
15844,49782,72000,22218,W
19172,55399,72005,16606,E
15846,49787,72005,22218,W
19175,55404,72010,16606,E
15850,49792,72010,22218,W
19178,55409,72015,16606,E
15852,49797,72015,22218,W
19181,55414,72020,16606,E
15855,49802,72020,22218,W
19186,55419,72025,16606,E
15857,49807,72025,22218,W
19188,55424,72030,16606,E
15860,49812,72030,22218,W
19192,55429,72035,16606,E
15862,49817,72035,22218,W
19195,55434,72040,16606,E
15865,49822,72040,22218,W
19200,55439,72045,16606,E
15867,49827,72045,22218,W
19202,55444,72050,16606,E
15870,49832,72050,22218,W
19205,55449,72055,16606,E
15874,49837,72055,22218,W
28932,72011,72060,49,N
25381,64434,72060,7626,S
28938,72035,72065,30,N
25387,64441,72065,7624,S
28947,72059,72070,11,N
25391,64448,72070,7622,S
25397,64455,72075,7620,S
25401,64462,72080,7618,S
28954,72083,72085,2,N
25405,64469,72085,7616,S
25411,64476,72090,7614,S
25415,64483,72095,7612,S
25420,64490,72100,7610,S
25425,64497,72105,7608,S
28961,72107,72110,3,N
25429,64504,72110,7606,S
25435,64511,72115,7604,S
19209,55454,72120,16666,E
15875,49842,72120,22278,W
19212,55459,72125,16666,E
15878,49847,72125,22278,W
19216,55464,72130,16666,E
15881,49852,72130,22278,W
19219,55469,72135,16666,E
15883,49857,72135,22278,W
19223,55474,72140,16666,E
15886,49862,72140,22278,W
19226,55479,72145,16666,E
15889,49867,72145,22278,W
19230,55484,72150,16666,E
15891,49872,72150,22278,W
19233,55489,72155,16666,E
15894,49877,72155,22278,W
19236,55494,72160,16666,E
15897,49882,72160,22278,W
19240,55499,72165,16666,E
15899,49887,72165,22278,W
19243,55504,72170,16666,E
15902,49892,72170,22278,W
19247,55509,72175,16666,E
15904,49897,72175,22278,W
28968,72131,72180,49,N
25439,64518,72180,7662,S
28976,72155,72185,30,N
25444,64525,72185,7660,S
28983,72179,72190,11,N
25449,64532,72190,7658,S
25454,64539,72195,7656,S
25458,64546,72200,7654,S
28991,72203,72205,2,N
25463,64553,72205,7652,S
25468,64560,72210,7650,S
25473,64567,72215,7648,S
25477,64574,72220,7646,S
25482,64581,72225,7644,S
28998,72227,72230,3,N
25487,64588,72230,7642,S
25493,64595,72235,7640,S
19249,55514,72240,16726,E
15907,49902,72240,22338,W
19254,55519,72245,16726,E
15910,49907,72245,22338,W
19257,55524,72250,16726,E
15912,49912,72250,22338,W
19260,55529,72255,16726,E
15914,49917,72255,22338,W
19263,55534,72260,16726,E
15918,49922,72260,22338,W
19268,55539,72265,16726,E
15920,49927,72265,22338,W
19271,55544,72270,16726,E
15923,49932,72270,22338,W
19274,55549,72275,16726,E
15926,49937,72275,22338,W
19277,55554,72280,16726,E
15928,49942,72280,22338,W
19281,55559,72285,16726,E
15931,49947,72285,22338,W
19284,55564,72290,16726,E
15933,49952,72290,22338,W
19287,55569,72295,16726,E
15936,49957,72295,22338,W
29005,72251,72300,49,N
25496,64602,72300,7698,S
29012,72275,72305,30,N
25501,64609,72305,7696,S
29020,72299,72310,11,N
25507,64616,72310,7694,S
25511,64623,72315,7692,S
25516,64630,72320,7690,S
29027,72323,72325,2,N
25520,64637,72325,7688,S
25525,64644,72330,7686,S
25531,64651,72335,7684,S
25534,64658,72340,7682,S
25540,64665,72345,7680,S
29035,72347,72350,3,N
25545,64672,72350,7678,S
25549,64679,72355,7676,S
19291,55574,72360,16786,E
15938,49962,72360,22398,W
19295,55579,72365,16786,E
15941,49967,72365,22398,W
19298,55584,72370,16786,E
15944,49972,72370,22398,W
19301,55589,72375,16786,E
15947,49977,72375,22398,W
19305,55594,72380,16786,E
15949,49982,72380,22398,W
19308,55599,72385,16786,E
15951,49987,72385,22398,W
19312,55604,72390,16786,E
15955,49992,72390,22398,W
19315,55609,72395,16786,E
15956,49997,72395,22398,W
19318,55614,72400,16786,E
15960,50002,72400,22398,W
19322,55619,72405,16786,E
15962,50007,72405,22398,W
19325,55624,72410,16786,E
15965,50012,72410,22398,W
19329,55629,72415,16786,E
15968,50017,72415,22398,W
29042,72371,72420,49,N
25554,64686,72420,7734,S
29049,72395,72425,30,N
25559,64693,72425,7732,S
29056,72419,72430,11,N
25564,64700,72430,7730,S
25569,64707,72435,7728,S
25572,64714,72440,7726,S
29065,72443,72445,2,N
25578,64721,72445,7724,S
25583,64728,72450,7722,S
25588,64735,72455,7720,S
25592,64742,72460,7718,S
25597,64749,72465,7716,S
29071,72467,72470,3,N
25602,64756,72470,7714,S
25607,64763,72475,7712,S
19331,55634,72480,16846,E
15970,50022,72480,22458,W
19336,55639,72485,16846,E
15973,50027,72485,22458,W
19339,55644,72490,16846,E
15975,50032,72490,22458,W
19343,55649,72495,16846,E
15978,50037,72495,22458,W
19345,55654,72500,16846,E
15980,50042,72500,22458,W
19350,55659,72505,16846,E
15984,50047,72505,22458,W
19353,55664,72510,16846,E
15985,50052,72510,22458,W
19355,55669,72515,16846,E
15988,50057,72515,22458,W
19359,55674,72520,16846,E
15992,50062,72520,22458,W
19363,55679,72525,16846,E
15993,50067,72525,22458,W
19367,55684,72530,16846,E
15997,50072,72530,22458,W
19369,55689,72535,16846,E
15999,50077,72535,22458,W
29079,72491,72540,49,N
25612,64770,72540,7770,S
29086,72515,72545,30,N
25616,64777,72545,7768,S
29093,72539,72550,11,N
25621,64784,72550,7766,S
25626,64791,72555,7764,S
25630,64798,72560,7762,S
29100,72563,72565,2,N
25636,64805,72565,7760,S
25640,64814,72570,7756,S
25645,64823,72575,7752,S
25649,64832,72580,7748,S
25654,64841,72585,7744,S
29109,72587,72590,3,N
25659,64850,72590,7740,S
25664,64859,72595,7736,S
19373,55694,72600,16906,E
16002,50082,72600,22518,W
19377,55699,72605,16906,E
16004,50087,72605,22518,W
19380,55704,72610,16906,E
16007,50092,72610,22518,W
19383,55709,72615,16906,E
16009,50097,72615,22518,W
19387,55714,72620,16906,E
16012,50102,72620,22518,W
19391,55719,72625,16906,E
16015,50107,72625,22518,W
19393,55724,72630,16906,E
16017,50112,72630,22518,W
19397,55729,72635,16906,E
16021,50117,72635,22518,W
19400,55734,72640,16906,E
16022,50122,72640,22518,W
19404,55739,72645,16906,E
16025,50127,72645,22518,W
19407,55744,72650,16906,E
16028,50132,72650,22518,W
19411,55749,72655,16906,E
16030,50137,72655,22518,W
29115,72611,72660,49,N
25669,64868,72660,7792,S
29123,72635,72665,30,N
25673,64877,72665,7788,S
29130,72659,72670,11,N
25677,64886,72670,7784,S
25682,64895,72675,7780,S
25688,64904,72680,7776,S
29137,72683,72685,2,N
25692,64913,72685,7772,S
25696,64922,72690,7768,S
25702,64931,72695,7764,S
25706,64940,72700,7760,S
25711,64949,72705,7756,S
29145,72707,72710,3,N
25716,64958,72710,7752,S
25720,64967,72715,7748,S
19414,55754,72720,16966,E
16033,50142,72720,22578,W
19418,55759,72725,16966,E
16036,50147,72725,22578,W
19421,55764,72730,16966,E
16039,50152,72730,22578,W
19425,55769,72735,16966,E
16041,50157,72735,22578,W
19427,55774,72740,16966,E
16044,50162,72740,22578,W
19431,55779,72745,16966,E
16046,50167,72745,22578,W
19435,55784,72750,16966,E
16049,50172,72750,22578,W
19438,55789,72755,16966,E
16051,50177,72755,22578,W
19441,55794,72760,16966,E
16054,50182,72760,22578,W
19445,55799,72765,16966,E
16057,50187,72765,22578,W
19449,55804,72770,16966,E
16059,50192,72770,22578,W
19451,55809,72775,16966,E
16062,50197,72775,22578,W
29153,72731,72780,49,N
25725,64976,72780,7804,S
29159,72755,72785,30,N
25730,64985,72785,7800,S
29167,72779,72790,11,N
25735,64994,72790,7796,S
25740,65003,72795,7792,S
25743,65012,72800,7788,S
29174,72803,72805,2,N
25748,65021,72805,7784,S
25754,65030,72810,7780,S
25758,65039,72815,7776,S
25763,65048,72820,7772,S
25768,65057,72825,7768,S
29181,72827,72830,3,N
25772,65066,72830,7764,S
25777,65075,72835,7760,S
19455,55814,72840,17026,E
16065,50202,72840,22638,W
19459,55819,72845,17026,E
16067,50207,72845,22638,W
19463,55824,72850,17026,E
16070,50212,72850,22638,W
19465,55829,72855,17026,E
16073,50217,72855,22638,W
19468,55834,72860,17026,E
16075,50222,72860,22638,W
19473,55839,72865,17026,E
16078,50227,72865,22638,W
19475,55844,72870,17026,E
16080,50232,72870,22638,W
19479,55849,72875,17026,E
16083,50237,72875,22638,W
19482,55854,72880,17026,E
16086,50242,72880,22638,W
19487,55859,72885,17026,E
16088,50247,72885,22638,W
19489,55864,72890,17026,E
16091,50252,72890,22638,W
19493,55869,72895,17026,E
16094,50257,72895,22638,W
29189,72851,72900,49,N
25782,65084,72900,7816,S
29197,72875,72905,30,N
25787,65093,72905,7812,S
29203,72899,72910,11,N
25791,65102,72910,7808,S
25796,65111,72915,7804,S
25801,65120,72920,7800,S
29211,72923,72925,2,N
25806,65129,72925,7796,S
25810,65138,72930,7792,S
25814,65147,72935,7788,S
25820,65156,72940,7784,S
25824,65165,72945,7780,S
29218,72947,72950,3,N
25829,65174,72950,7776,S
25835,65183,72955,7772,S
19496,55874,72960,17086,E
16096,50262,72960,22698,W
19500,55879,72965,17086,E
16098,50267,72965,22698,W
19503,55884,72970,17086,E
16102,50272,72970,22698,W
19506,55889,72975,17086,E
16103,50277,72975,22698,W
19510,55894,72980,17086,E
16107,50282,72980,22698,W
19513,55899,72985,17086,E
16110,50287,72985,22698,W
19517,55904,72990,17086,E
16112,50292,72990,22698,W
19520,55909,72995,17086,E
16115,50297,72995,22698,W
19523,55914,73000,17086,E
16117,50302,73000,22698,W
19527,55919,73005,17086,E
16120,50307,73005,22698,W
19531,55924,73010,17086,E
16122,50312,73010,22698,W
19534,55929,73015,17086,E
16125,50317,73015,22698,W
29226,72971,73020,49,N
25838,65192,73020,7828,S
29233,72995,73025,30,N
25843,65201,73025,7824,S
29241,73019,73030,11,N
25848,65210,73030,7820,S
25853,65219,73035,7816,S
25858,65228,73040,7812,S
29247,73043,73045,2,N
25862,65237,73045,7808,S
25867,65246,73050,7804,S
25872,65255,73055,7800,S
25876,65264,73060,7796,S
25881,65273,73065,7792,S
29255,73067,73070,3,N
25886,65282,73070,7788,S
25890,65291,73075,7784,S
19537,55934,73080,17146,E
16127,50322,73080,22758,W
19541,55939,73085,17146,E
16131,50327,73085,22758,W
19544,55944,73090,17146,E
16133,50332,73090,22758,W
19547,55949,73095,17146,E
16135,50337,73095,22758,W
19550,55954,73100,17146,E
16139,50342,73100,22758,W
19555,55959,73105,17146,E
16140,50347,73105,22758,W
19558,55964,73110,17146,E
16144,50352,73110,22758,W
19561,55969,73115,17146,E
16146,50357,73115,22758,W
19564,55974,73120,17146,E
16149,50362,73120,22758,W
19569,55979,73125,17146,E
16151,50367,73125,22758,W
19571,55984,73130,17146,E
16154,50372,73130,22758,W
19575,55989,73135,17146,E
16157,50377,73135,22758,W
29262,73091,73140,49,N
25895,65300,73140,7840,S
29270,73115,73145,30,N
25901,65309,73145,7836,S
29277,73139,73150,11,N
25905,65318,73150,7832,S
25909,65327,73155,7828,S
25914,65336,73160,7824,S
29285,73163,73165,2,N
25919,65345,73165,7820,S
25924,65354,73170,7816,S
25929,65363,73175,7812,S
25933,65372,73180,7808,S
25938,65381,73185,7804,S
29291,73187,73190,3,N
25942,65390,73190,7800,S
25947,65399,73195,7796,S
19578,55994,73200,17206,E
16159,50382,73200,22818,W
19582,55999,73205,17206,E
16162,50387,73205,22818,W
19585,56004,73210,17206,E
16164,50392,73210,22818,W
19588,56009,73215,17206,E
16168,50397,73215,22818,W
19592,56014,73220,17206,E
16169,50402,73220,22818,W
19595,56019,73225,17206,E
16172,50407,73225,22818,W
19599,56024,73230,17206,E
16176,50412,73230,22818,W
19602,56029,73235,17206,E
16178,50417,73235,22818,W
19606,56034,73240,17206,E
16182,50422,73240,22818,W
19609,56039,73245,17206,E
16183,50427,73245,22818,W
19613,56044,73250,17206,E
16186,50432,73250,22818,W
19616,56049,73255,17206,E
16190,50437,73255,22818,W
29299,73211,73260,49,N
25953,65408,73260,7852,S
29307,73235,73265,30,N
25956,65417,73265,7848,S
29314,73259,73270,11,N
25961,65426,73270,7844,S
25967,65435,73275,7840,S
25971,65444,73280,7836,S
29321,73283,73285,2,N
25976,65453,73285,7832,S
25980,65462,73290,7828,S
25985,65471,73295,7824,S
25990,65480,73300,7820,S
25995,65489,73305,7816,S
29329,73307,73310,3,N
26000,65498,73310,7812,S
26004,65507,73315,7808,S
19618,56054,73320,17266,E
16192,50442,73320,22878,W
19623,56059,73325,17266,E
16196,50447,73325,22878,W
19626,56064,73330,17266,E
16199,50452,73330,22878,W
19630,56069,73335,17266,E
16200,50457,73335,22878,W
19632,56074,73340,17266,E
16204,50462,73340,22878,W
19637,56079,73345,17266,E
16206,50467,73345,22878,W
19640,56084,73350,17266,E
16209,50472,73350,22878,W
19643,56089,73355,17266,E
16213,50477,73355,22878,W
19646,56094,73360,17266,E
16215,50482,73360,22878,W
19651,56099,73365,17266,E
16218,50487,73365,22878,W
19654,56104,73370,17266,E
16221,50492,73370,22878,W
19656,56109,73375,17266,E
16223,50497,73375,22878,W
29335,73331,73380,49,N
26008,65516,73380,7864,S
29343,73355,73385,30,N
26013,65525,73385,7860,S
29351,73379,73390,11,N
26019,65534,73390,7856,S
26023,65543,73395,7852,S
26027,65552,73400,7848,S
29358,73403,73405,2,N
26033,65561,73405,7844,S
26037,65570,73410,7840,S
26042,65579,73415,7836,S
26047,65588,73420,7832,S
26051,65597,73425,7828,S
29365,73427,73430,3,N
26056,65606,73430,7824,S
26061,65615,73435,7820,S
19660,56114,73440,17326,E
16227,50502,73440,22938,W
19664,56119,73445,17326,E
16229,50507,73445,22938,W
19667,56124,73450,17326,E
16233,50512,73450,22938,W
19670,56129,73455,17326,E
16235,50517,73455,22938,W
19674,56134,73460,17326,E
16237,50522,73460,22938,W
19678,56139,73465,17326,E
16241,50527,73465,22938,W
19681,56144,73470,17326,E
16244,50532,73470,22938,W
19684,56149,73475,17326,E
16246,50537,73475,22938,W
19688,56154,73480,17326,E
16250,50542,73480,22938,W
19691,56159,73485,17326,E
16251,50547,73485,22938,W
19694,56164,73490,17326,E
16255,50552,73490,22938,W
19698,56169,73495,17326,E
16258,50557,73495,22938,W
29373,73451,73500,49,N
26066,65624,73500,7876,S
29379,73475,73505,30,N
26071,65633,73505,7872,S
29388,73499,73510,11,N
26074,65642,73510,7868,S
26079,65651,73515,7864,S
26085,65660,73520,7860,S
29395,73523,73525,2,N
26089,65669,73525,7856,S
26094,65678,73530,7852,S
26099,65687,73535,7848,S
26103,65696,73540,7844,S
26108,65705,73545,7840,S
29402,73547,73550,3,N
26113,65714,73550,7836,S
26118,65723,73555,7832,S
19701,56174,73560,17386,E
16260,50562,73560,22998,W
19705,56179,73565,17386,E
16264,50567,73565,22998,W
19708,56184,73570,17386,E
16267,50572,73570,22998,W
19712,56189,73575,17386,E
16269,50577,73575,22998,W
19714,56194,73580,17386,E
16272,50582,73580,22998,W
19719,56199,73585,17386,E
16274,50587,73585,22998,W
19722,56204,73590,17386,E
16278,50592,73590,22998,W
19726,56209,73595,17386,E
16281,50597,73595,22998,W
19728,56214,73600,17386,E
16283,50602,73600,22998,W
19732,56219,73605,17386,E
16286,50607,73605,22998,W
19736,56224,73610,17386,E
16289,50612,73610,22998,W
19738,56229,73615,17386,E
16292,50617,73615,22998,W
29409,73571,73620,49,N
26122,65732,73620,7888,S
29417,73595,73625,30,N
26127,65741,73625,7884,S
29423,73619,73630,11,N
26132,65750,73630,7880,S
26137,65759,73635,7876,S
26141,65768,73640,7872,S
29432,73643,73645,2,N
26145,65777,73645,7868,S
26151,65786,73650,7864,S
26155,65795,73655,7860,S
26160,65804,73660,7856,S
26166,65813,73665,7852,S
29439,73667,73670,3,N
26169,65822,73670,7848,S
26174,65831,73675,7844,S
19742,56234,73680,17446,E
16295,50622,73680,23058,W
19746,56239,73685,17446,E
16297,50627,73685,23058,W
19750,56244,73690,17446,E
16301,50632,73690,23058,W
19752,56249,73695,17446,E
16303,50637,73695,23058,W
19756,56254,73700,17446,E
16306,50642,73700,23058,W
19760,56259,73705,17446,E
16309,50647,73705,23058,W
19763,56264,73710,17446,E
16312,50652,73710,23058,W
19766,56269,73715,17446,E
16315,50657,73715,23058,W
19769,56274,73720,17446,E
16318,50662,73720,23058,W
19774,56279,73725,17446,E
16319,50667,73725,23058,W
19776,56284,73730,17446,E
16323,50672,73730,23058,W
19780,56289,73735,17446,E
16326,50677,73735,23058,W
29446,73691,73740,49,N
26179,65840,73740,7900,S
29453,73715,73745,30,N
26184,65849,73745,7896,S
29461,73739,73750,11,N
26189,65858,73750,7892,S
26193,65867,73755,7888,S
26198,65876,73760,7884,S
29468,73763,73765,2,N
26203,65885,73765,7880,S
26207,65894,73770,7876,S
26212,65903,73775,7872,S
26217,65912,73780,7868,S
26221,65921,73785,7864,S
29476,73787,73790,3,N
26226,65930,73790,7860,S
26232,65939,73795,7856,S
19783,56294,73800,17506,E
16329,50682,73800,23118,W
19787,56299,73805,17506,E
16332,50687,73805,23118,W
19790,56304,73810,17506,E
16335,50692,73810,23118,W
19794,56309,73815,17506,E
16337,50697,73815,23118,W
19797,56314,73820,17506,E
16340,50702,73820,23118,W
19801,56319,73825,17506,E
16343,50707,73825,23118,W
19804,56324,73830,17506,E
16346,50712,73830,23118,W
19807,56329,73835,17506,E
16349,50717,73835,23118,W
19810,56334,73840,17506,E
16352,50722,73840,23118,W
19814,56339,73845,17506,E
16354,50727,73845,23118,W
19818,56344,73850,17506,E
16357,50732,73850,23118,W
19821,56349,73855,17506,E
16360,50737,73855,23118,W
29483,73811,73860,49,N
26236,65948,73860,7912,S
29490,73835,73865,30,N
26240,65957,73865,7908,S
29497,73859,73870,11,N
26245,65966,73870,7904,S
26250,65975,73875,7900,S
26255,65984,73880,7896,S
29505,73883,73885,2,N
26260,65993,73885,7892,S
26264,66002,73890,7888,S
26269,66011,73895,7884,S
26273,66020,73900,7880,S
26278,66029,73905,7876,S
29512,73907,73910,3,N
26284,66038,73910,7872,S
26287,66047,73915,7868,S
19824,56354,73920,17566,E
16363,50742,73920,23178,W
19828,56359,73925,17566,E
16366,50747,73925,23178,W
19832,56364,73930,17566,E
16369,50752,73930,23178,W
19834,56369,73935,17566,E
16371,50757,73935,23178,W
19838,56374,73940,17566,E
16374,50762,73940,23178,W
19842,56379,73945,17566,E
16377,50767,73945,23178,W
19845,56384,73950,17566,E
16381,50772,73950,23178,W
19848,56389,73955,17566,E
16383,50777,73955,23178,W
19851,56394,73960,17566,E
16386,50782,73960,23178,W
19856,56399,73965,17566,E
16388,50787,73965,23178,W
19858,56404,73970,17566,E
16391,50792,73970,23178,W
19862,56409,73975,17566,E
16394,50797,73975,23178,W
29520,73931,73980,49,N
26292,66056,73980,7924,S
29527,73955,73985,30,N
26298,66065,73985,7920,S
29534,73979,73990,11,N
26302,66074,73990,7916,S
26307,66083,73995,7912,S
26311,66092,74000,7908,S
29541,74003,74005,2,N
26316,66101,74005,7904,S
26321,66110,74010,7900,S
26326,66119,74015,7896,S
26331,66128,74020,7892,S
26335,66137,74025,7888,S
29550,74027,74030,3,N
26339,66146,74030,7884,S
26344,66155,74035,7880,S
19865,56414,74040,17626,E
16397,50802,74040,23238,W
19870,56419,74045,17626,E
16400,50807,74045,23238,W
19872,56424,74050,17626,E
16404,50812,74050,23238,W
19876,56429,74055,17626,E
16405,50817,74055,23238,W
19879,56434,74060,17626,E
16408,50822,74060,23238,W
19882,56439,74065,17626,E
16411,50827,74065,23238,W
19886,56444,74070,17626,E
16414,50832,74070,23238,W
19889,56449,74075,17626,E
16418,50837,74075,23238,W
19893,56454,74080,17626,E
16420,50842,74080,23238,W
19896,56459,74085,17626,E
16422,50847,74085,23238,W
19900,56464,74090,17626,E
16426,50852,74090,23238,W
19903,56469,74095,17626,E
16428,50857,74095,23238,W
29556,74051,74100,49,N
26350,66164,74100,7936,S
29564,74075,74105,30,N
26354,66173,74105,7932,S
29571,74099,74110,11,N
26358,66182,74110,7928,S
26364,66191,74115,7924,S
26368,66200,74120,7920,S
29578,74123,74125,2,N
26373,66209,74125,7916,S
26378,66218,74130,7912,S
26382,66227,74135,7908,S
26387,66236,74140,7904,S
26392,66245,74145,7900,S
29585,74147,74150,3,N
26397,66254,74150,7896,S
26402,66263,74155,7892,S
19906,56474,74160,17686,E
16431,50862,74160,23298,W
19910,56479,74165,17686,E
16434,50867,74165,23298,W
19914,56484,74170,17686,E
16437,50872,74170,23298,W
19917,56489,74175,17686,E
16440,50877,74175,23298,W
19919,56494,74180,17686,E
16442,50882,74180,23298,W
19924,56499,74185,17686,E
16445,50887,74185,23298,W
19927,56504,74190,17686,E
16449,50892,74190,23298,W
19930,56509,74195,17686,E
16451,50897,74195,23298,W
19933,56514,74200,17686,E
16455,50902,74200,23298,W
19938,56519,74205,17686,E
16456,50907,74205,23298,W
19941,56524,74210,17686,E
16459,50912,74210,23298,W
19944,56529,74215,17686,E
16463,50917,74215,23298,W
29594,74171,74220,49,N
26405,66272,74220,7948,S
29600,74195,74225,30,N
26410,66281,74225,7944,S
29608,74219,74230,11,N
26416,66290,74230,7940,S
26420,66299,74235,7936,S
26425,66308,74240,7932,S
29615,74243,74245,2,N
26430,66317,74245,7928,S
26434,66326,74250,7924,S
26439,66335,74255,7920,S
26444,66344,74260,7916,S
26449,66353,74265,7912,S
29622,74267,74270,3,N
26453,66362,74270,7908,S
26458,66371,74275,7904,S
19947,56534,74280,17746,E
16465,50922,74280,23358,W
19952,56539,74285,17746,E
16468,50927,74285,23358,W
19954,56544,74290,17746,E
16472,50932,74290,23358,W
19957,56549,74295,17746,E
16473,50937,74295,23358,W
19961,56554,74300,17746,E
16477,50942,74300,23358,W
19965,56559,74305,17746,E
16479,50947,74305,23358,W
19968,56564,74310,17746,E
16482,50952,74310,23358,W
19971,56569,74315,17746,E
16486,50957,74315,23358,W
19975,56574,74320,17746,E
16488,50962,74320,23358,W
19978,56579,74325,17746,E
16491,50967,74325,23358,W
19982,56584,74330,17746,E
16494,50972,74330,23358,W
19985,56589,74335,17746,E
16496,50977,74335,23358,W
29630,74291,74340,49,N
26463,66380,74340,7960,S
29638,74315,74345,30,N
26468,66389,74345,7956,S
29644,74339,74350,11,N
26472,66398,74350,7952,S
26476,66407,74355,7948,S
26482,66416,74360,7944,S
29652,74363,74365,2,N
26486,66425,74365,7940,S
26491,66434,74370,7936,S
26497,66443,74375,7932,S
26500,66452,74380,7928,S
26505,66461,74385,7924,S
29659,74387,74390,3,N
26510,66470,74390,7920,S
26515,66479,74395,7916,S
19989,56594,74400,17806,E
16500,50982,74400,23418,W
19992,56599,74405,17806,E
16502,50987,74405,23418,W
19995,56604,74410,17806,E
16505,50992,74410,23418,W
19999,56609,74415,17806,E
16508,50997,74415,23418,W
20001,56614,74420,17806,E
16510,51002,74420,23418,W
20006,56619,74425,17806,E
16514,51007,74425,23418,W
20009,56624,74430,17806,E
16517,51012,74430,23418,W
20013,56629,74435,17806,E
16519,51017,74435,23418,W
20015,56634,74440,17806,E
16523,51022,74440,23418,W
20020,56639,74445,17806,E
16524,51027,74445,23418,W
20023,56644,74450,17806,E
16528,51032,74450,23418,W
20026,56649,74455,17806,E
16531,51037,74455,23418,W
29666,74411,74460,49,N
26520,66488,74460,7972,S
29674,74435,74465,30,N
26524,66497,74465,7968,S
29682,74459,74470,11,N
26529,66506,74470,7964,S
26534,66515,74475,7960,S
26538,66524,74480,7956,S
29688,74483,74485,2,N
26543,66533,74485,7952,S
26548,66542,74490,7948,S
26552,66551,74495,7944,S
26557,66560,74500,7940,S
26563,66569,74505,7936,S
29696,74507,74510,3,N
26567,66578,74510,7932,S
26571,66587,74515,7928,S
20029,56654,74520,17866,E
16533,51042,74520,23478,W
20033,56659,74525,17866,E
16537,51047,74525,23478,W
20037,56664,74530,17866,E
16540,51052,74530,23478,W
20039,56669,74535,17866,E
16541,51057,74535,23478,W
20043,56674,74540,17866,E
16545,51062,74540,23478,W
20047,56679,74545,17866,E
16547,51067,74545,23478,W
20050,56684,74550,17866,E
16551,51072,74550,23478,W
20053,56689,74555,17866,E
16554,51077,74555,23478,W
20057,56694,74560,17866,E
16556,51082,74560,23478,W
20061,56699,74565,17866,E
16559,51087,74565,23478,W
20064,56704,74570,17866,E
16562,51092,74570,23478,W
20067,56709,74575,17866,E
16565,51097,74575,23478,W
29703,74531,74580,49,N
26576,66596,74580,7984,S
29711,74555,74585,30,N
26581,66605,74585,7980,S
29718,74579,74590,11,N
26586,66614,74590,7976,S
26591,66623,74595,7972,S
26595,66632,74600,7968,S
29726,74603,74605,2,N
26600,66641,74605,7964,S
26604,66650,74610,7960,S
26609,66659,74615,7956,S
26615,66668,74620,7952,S
26618,66677,74625,7948,S
29732,74627,74630,3,N
26623,66686,74630,7944,S
26629,66695,74635,7940,S
20070,56714,74640,17926,E
16568,51102,74640,23538,W
20074,56719,74645,17926,E
16570,51107,74645,23538,W
20077,56724,74650,17926,E
16574,51112,74650,23538,W
20081,56729,74655,17926,E
16576,51117,74655,23538,W
20084,56734,74660,17926,E
16578,51122,74660,23538,W
20088,56739,74665,17926,E
16582,51127,74665,23538,W
20091,56744,74670,17926,E
16585,51132,74670,23538,W
20095,56749,74675,17926,E
16588,51137,74675,23538,W
20097,56754,74680,17926,E
16591,51142,74680,23538,W
20102,56759,74685,17926,E
16592,51147,74685,23538,W
20105,56764,74690,17926,E
16596,51152,74690,23538,W
20108,56769,74695,17926,E
16599,51157,74695,23538,W
29740,74651,74700,49,N
26633,66704,74700,7996,S
29747,74675,74705,30,N
26638,66713,74705,7992,S
29755,74699,74710,11,N
26642,66722,74710,7988,S
26647,66731,74715,7984,S
26652,66740,74720,7980,S
29762,74723,74725,2,N
26657,66749,74725,7976,S
26662,66758,74730,7972,S
26666,66767,74735,7968,S
26670,66776,74740,7964,S
26675,66785,74745,7960,S
29770,74747,74750,3,N
26681,66794,74750,7956,S
26685,66803,74755,7952,S
20111,56774,74760,17986,E
16602,51162,74760,23598,W
20115,56779,74765,17986,E
16605,51167,74765,23598,W
20119,56784,74770,17986,E
16608,51172,74770,23598,W
20121,56789,74775,17986,E
16610,51177,74775,23598,W
20125,56794,74780,17986,E
16613,51182,74780,23598,W
20129,56799,74785,17986,E
16615,51187,74785,23598,W
20133,56804,74790,17986,E
16619,51192,74790,23598,W
20135,56809,74795,17986,E
16622,51197,74795,23598,W
20139,56814,74800,17986,E
16625,51202,74800,23598,W
20143,56819,74805,17986,E
16627,51207,74805,23598,W
20145,56824,74810,17986,E
16630,51212,74810,23598,W
20149,56829,74815,17986,E
16633,51217,74815,23598,W
29776,74771,74820,49,N
26689,66812,74820,8008,S
29784,74795,74825,30,N
26695,66821,74825,8004,S
29792,74819,74830,11,N
26699,66830,74830,8000,S
26704,66839,74835,7996,S
26709,66848,74840,7992,S
29799,74843,74845,2,N
26713,66857,74845,7988,S
26718,66866,74850,7984,S
26723,66875,74855,7980,S
26728,66884,74860,7976,S
26733,66893,74865,7972,S
29806,74867,74870,3,N
26736,66902,74870,7968,S
26741,66911,74875,7964,S
20152,56834,74880,18046,E
16636,51222,74880,23658,W
20157,56839,74885,18046,E
16639,51227,74885,23658,W
20159,56844,74890,18046,E
16642,51232,74890,23658,W
20163,56849,74895,18046,E
16644,51237,74895,23658,W
20166,56854,74900,18046,E
16647,51242,74900,23658,W
20170,56859,74905,18046,E
16650,51247,74905,23658,W
20173,56864,74910,18046,E
16653,51252,74910,23658,W
20177,56869,74915,18046,E
16656,51257,74915,23658,W
20180,56874,74920,18046,E
16659,51262,74920,23658,W
20183,56879,74925,18046,E
16661,51267,74925,23658,W
20187,56884,74930,18046,E
16664,51272,74930,23658,W
20190,56889,74935,18046,E
16667,51277,74935,23658,W
29814,74891,74940,49,N
26747,66920,74940,8020,S
29820,74915,74945,30,N
26751,66929,74945,8016,S
29828,74939,74950,11,N
26756,66938,74950,8012,S
26761,66947,74955,8008,S
26765,66956,74960,8004,S
29836,74963,74965,2,N
26770,66965,74965,8000,S
26775,66974,74970,7996,S
26780,66983,74975,7992,S
26784,66992,74980,7988,S
26789,67001,74985,7984,S
29843,74987,74990,3,N
26794,67010,74990,7980,S
26799,67019,74995,7976,S
20193,56894,75000,18106,E
16670,51282,75000,23718,W
20197,56899,75005,18106,E
16673,51287,75005,23718,W
20201,56904,75010,18106,E
16677,51292,75010,23718,W
20204,56909,75015,18106,E
16678,51297,75015,23718,W
20207,56914,75020,18106,E
16681,51302,75020,23718,W
20211,56919,75025,18106,E
16684,51307,75025,23718,W
20215,56924,75030,18106,E
16687,51312,75030,23718,W
20217,56929,75035,18106,E
16690,51317,75035,23718,W
20220,56934,75040,18106,E
16693,51322,75040,23718,W
20225,56939,75045,18106,E
16695,51327,75045,23718,W
20228,56944,75050,18106,E
16699,51332,75050,23718,W
20231,56949,75055,18106,E
16701,51337,75055,23718,W
29850,75011,75060,49,N
26803,67028,75060,8032,S
29858,75035,75065,30,N
26807,67037,75065,8028,S
29864,75059,75070,11,N
26813,67046,75070,8024,S
26817,67055,75075,8020,S
26822,67064,75080,8016,S
29873,75083,75085,2,N
26828,67073,75085,8012,S
26831,67082,75090,8008,S
26836,67091,75095,8004,S
26841,67100,75100,8000,S
26846,67109,75105,7996,S
29880,75107,75110,3,N
26851,67118,75110,7992,S
26855,67127,75115,7988,S
20234,56954,75120,18166,E
16704,51342,75120,23778,W
20239,56959,75125,18166,E
16707,51347,75125,23778,W
20241,56964,75130,18166,E
16710,51352,75130,23778,W
20245,56969,75135,18166,E
16713,51357,75135,23778,W
20248,56974,75140,18166,E
16715,51362,75140,23778,W
20253,56979,75145,18166,E
16718,51367,75145,23778,W
20255,56984,75150,18166,E
16722,51372,75150,23778,W
20258,56989,75155,18166,E
16724,51377,75155,23778,W
20262,56994,75160,18166,E
16727,51382,75160,23778,W
20265,56999,75165,18166,E
16729,51387,75165,23778,W
20269,57004,75170,18166,E
16732,51392,75170,23778,W
20272,57009,75175,18166,E
16736,51397,75175,23778,W
29887,75131,75180,49,N
26860,67136,75180,8044,S
29894,75155,75185,30,N
26865,67145,75185,8040,S
29902,75179,75190,11,N
26869,67154,75190,8036,S
26874,67163,75195,8032,S
26879,67172,75200,8028,S
29908,75203,75205,2,N
26883,67181,75205,8024,S
26888,67190,75210,8020,S
26894,67199,75215,8016,S
26898,67208,75220,8012,S
26902,67217,75225,8008,S
29917,75227,75230,3,N
26907,67226,75230,8004,S
26912,67235,75235,8000,S
20276,57014,75240,18226,E
16738,51402,75240,23838,W
20279,57019,75245,18226,E
16741,51407,75245,23838,W
20283,57024,75250,18226,E
16745,51412,75250,23838,W
20286,57029,75255,18226,E
16746,51417,75255,23838,W
20289,57034,75260,18226,E
16750,51422,75260,23838,W
20293,57039,75265,18226,E
16752,51427,75265,23838,W
20296,57044,75270,18226,E
16755,51432,75270,23838,W
20300,57049,75275,18226,E
16759,51437,75275,23838,W
20302,57054,75280,18226,E
16761,51442,75280,23838,W
20307,57059,75285,18226,E
16763,51447,75285,23838,W
20310,57064,75290,18226,E
16767,51452,75290,23838,W
20313,57069,75295,18226,E
16769,51457,75295,23838,W
29924,75251,75300,49,N
26917,67244,75300,8056,S
29931,75275,75305,30,N
26922,67253,75305,8052,S
29938,75299,75310,11,N
26926,67262,75310,8048,S
26931,67271,75315,8044,S
26935,67280,75320,8040,S
29946,75323,75325,2,N
26940,67289,75325,8036,S
26946,67298,75330,8032,S
26949,67307,75335,8028,S
26954,67316,75340,8024,S
26960,67325,75345,8020,S
29953,75347,75350,3,N
26964,67334,75350,8016,S
26969,67343,75355,8012,S
20316,57074,75360,18286,E
16773,51462,75360,23898,W
20321,57079,75365,18286,E
16775,51467,75365,23898,W
20324,57084,75370,18286,E
16778,51472,75370,23898,W
20327,57089,75375,18286,E
16781,51477,75375,23898,W
20330,57094,75380,18286,E
16783,51482,75380,23898,W
20334,57099,75385,18286,E
16787,51487,75385,23898,W
20337,57104,75390,18286,E
16790,51492,75390,23898,W
20340,57109,75395,18286,E
16792,51497,75395,23898,W
20344,57114,75400,18286,E
16796,51502,75400,23898,W
20348,57119,75405,18286,E
16797,51507,75405,23898,W
20351,57124,75410,18286,E
16800,51512,75410,23898,W
20354,57129,75415,18286,E
16804,51517,75415,23898,W
29961,75371,75420,49,N
26973,67352,75420,8068,S
29968,75395,75425,30,N
26978,67361,75425,8064,S
29975,75419,75430,11,N
26983,67370,75430,8060,S
26988,67379,75435,8056,S
26993,67388,75440,8052,S
29982,75443,75445,2,N
26997,67397,75445,8048,S
27001,67406,75450,8044,S
27006,67415,75455,8040,S
27012,67424,75460,8036,S
27016,67433,75465,8032,S
29990,75467,75470,3,N
27020,67442,75470,8028,S
27026,67451,75475,8024,S
20358,57134,75480,18346,E
16806,51522,75480,23958,W
20361,57139,75485,18346,E
16810,51527,75485,23958,W
20365,57144,75490,18346,E
16813,51532,75490,23958,W
20368,57149,75495,18346,E
16814,51537,75495,23958,W
20371,57154,75500,18346,E
16818,51542,75500,23958,W
20375,57159,75505,18346,E
16820,51547,75505,23958,W
20378,57164,75510,18346,E
16824,51552,75510,23958,W
20382,57169,75515,18346,E
16827,51557,75515,23958,W
20384,57174,75520,18346,E
16829,51562,75520,23958,W
20389,57179,75525,18346,E
16832,51567,75525,23958,W
20392,57184,75530,18346,E
16835,51572,75530,23958,W
20396,57189,75535,18346,E
16837,51577,75535,23958,W
29997,75491,75540,49,N
27030,67460,75540,8080,S
30005,75515,75545,30,N
27035,67469,75545,8076,S
30012,75539,75550,11,N
27040,67478,75550,8072,S
27044,67487,75555,8068,S
27049,67496,75560,8064,S
30019,75563,75565,2,N
27054,67505,75565,8060,S
27059,67514,75570,8056,S
27064,67523,75575,8052,S
27067,67532,75580,8048,S
27072,67541,75585,8044,S
30026,75587,75590,3,N
27078,67550,75590,8040,S
27082,67559,75595,8036,S
20398,57194,75600,18406,E
16841,51582,75600,24018,W
20403,57199,75605,18406,E
16843,51587,75605,24018,W
20406,57204,75610,18406,E
16847,51592,75610,24018,W
20408,57209,75615,18406,E
16849,51597,75615,24018,W
20412,57214,75620,18406,E
16851,51602,75620,24018,W
20416,57219,75625,18406,E
16855,51607,75625,24018,W
20420,57224,75630,18406,E
16858,51612,75630,24018,W
20422,57229,75635,18406,E
16861,51617,75635,24018,W
20426,57234,75640,18406,E
16864,51622,75640,24018,W
20430,57239,75645,18406,E
16865,51627,75645,24018,W
20433,57244,75650,18406,E
16869,51632,75650,24018,W
20436,57249,75655,18406,E
16872,51637,75655,24018,W
30034,75611,75660,49,N
27087,67568,75660,8092,S
30041,75640,75665,25,N
27092,67577,75665,8088,S
30049,75669,75670,1,N
27096,67586,75670,8084,S
27101,67595,75675,8080,S
27106,67604,75680,8076,S
27111,67613,75685,8072,S
27115,67622,75690,8068,S
27120,67631,75695,8064,S
30055,75698,75700,2,N
27125,67640,75700,8060,S
27130,67649,75705,8056,S
27134,67658,75710,8052,S
27138,67667,75715,8048,S
20440,57254,75720,18466,E
16874,51642,75720,24078,W
20444,57259,75725,18466,E
16878,51647,75725,24078,W
20446,57264,75730,18466,E
16881,51652,75730,24078,W
20450,57269,75735,18466,E
16883,51657,75735,24078,W
20453,57274,75740,18466,E
16886,51662,75740,24078,W
20457,57279,75745,18466,E
16888,51667,75745,24078,W
20460,57284,75750,18466,E
16892,51672,75750,24078,W
20464,57289,75755,18466,E
16895,51677,75755,24078,W
20467,57294,75760,18466,E
16898,51682,75760,24078,W
20471,57299,75765,18466,E
16900,51687,75765,24078,W
20474,57304,75770,18466,E
16903,51692,75770,24078,W
20478,57309,75775,18466,E
16906,51697,75775,24078,W
30063,75727,75780,53,N
27144,67676,75780,8104,S
30070,75756,75785,29,N
27148,67685,75785,8100,S
30077,75785,75790,5,N
27153,67694,75790,8096,S
27159,67703,75795,8092,S
27162,67712,75800,8088,S
27167,67721,75805,8084,S
27172,67730,75810,8080,S
30084,75814,75815,1,N
27177,67739,75815,8076,S
27182,67748,75820,8072,S
27186,67757,75825,8068,S
27191,67766,75830,8064,S
27196,67775,75835,8060,S
20480,57314,75840,18526,E
16909,51702,75840,24138,W
20484,57319,75845,18526,E
16911,51707,75845,24138,W
20488,57324,75850,18526,E
16915,51712,75850,24138,W
20491,57329,75855,18526,E
16917,51717,75855,24138,W
20494,57334,75860,18526,E
16920,51722,75860,24138,W
20498,57339,75865,18526,E
16923,51727,75865,24138,W
20502,57344,75870,18526,E
16926,51732,75870,24138,W
20504,57349,75875,18526,E
16929,51737,75875,24138,W
20508,57354,75880,18526,E
16932,51742,75880,24138,W
20512,57359,75885,18526,E
16934,51747,75885,24138,W
20516,57364,75890,18526,E
16937,51752,75890,24138,W
20518,57369,75895,18526,E
16940,51757,75895,24138,W
30092,75843,75900,57,N
27200,67784,75900,8116,S
30099,75872,75905,33,N
27205,67793,75905,8112,S
30106,75901,75910,9,N
27210,67802,75910,8108,S
27214,67811,75915,8104,S
27219,67820,75920,8100,S
27225,67829,75925,8096,S
30113,75930,75930,0,N
27229,67838,75930,8092,S
27233,67847,75935,8088,S
27238,67856,75940,8084,S
27243,67865,75945,8080,S
27248,67874,75950,8076,S
27253,67883,75955,8072,S
20521,57374,75960,18586,E
16943,51762,75960,24198,W
20526,57379,75965,18586,E
16946,51767,75965,24198,W
20528,57384,75970,18586,E
16949,51772,75970,24198,W
20532,57389,75975,18586,E
16951,51777,75975,24198,W
20535,57394,75980,18586,E
16954,51782,75980,24198,W
20540,57399,75985,18586,E
16957,51787,75985,24198,W
20542,57404,75990,18586,E
16960,51792,75990,24198,W
20546,57409,75995,18586,E
16963,51797,75995,24198,W
20549,57414,76000,18586,E
16966,51802,76000,24198,W
20553,57419,76005,18586,E
16968,51807,76005,24198,W
20556,57424,76010,18586,E
16972,51812,76010,24198,W
20559,57429,76015,18586,E
16974,51817,76015,24198,W
30120,75959,76020,61,N
27257,67892,76020,8128,S
30128,75988,76025,37,N
27262,67901,76025,8124,S
30135,76017,76030,13,N
27266,67910,76030,8120,S
27271,67919,76035,8116,S
27277,67928,76040,8112,S
27280,67937,76045,8108,S
30143,76046,76050,4,N
27285,67946,76050,8104,S
27291,67955,76055,8100,S
27295,67964,76060,8096,S
27300,67973,76065,8092,S
27304,67982,76070,8088,S
30150,76075,76075,0,N
27309,67991,76075,8084,S
20563,57434,76080,18646,E
16977,51822,76080,24258,W
20566,57439,76085,18646,E
16980,51827,76085,24258,W
20570,57444,76090,18646,E
16983,51832,76090,24258,W
20573,57449,76095,18646,E
16985,51837,76095,24258,W
20576,57454,76100,18646,E
16988,51842,76100,24258,W
20580,57459,76105,18646,E
16991,51847,76105,24258,W
20584,57464,76110,18646,E
16995,51852,76110,24258,W
20587,57469,76115,18646,E
16997,51857,76115,24258,W
20590,57474,76120,18646,E
17000,51862,76120,24258,W
20594,57479,76125,18646,E
17002,51867,76125,24258,W
20597,57484,76130,18646,E
17005,51872,76130,24258,W
20600,57489,76135,18646,E
17009,51877,76135,24258,W
30157,76104,76140,36,N
27314,68000,76140,8140,S
30164,76133,76145,12,N
27319,68009,76145,8136,S
27324,68018,76150,8132,S
27328,68027,76155,8128,S
27332,68036,76160,8124,S
30172,76162,76165,3,N
27337,68045,76165,8120,S
27343,68054,76170,8116,S
27347,68063,76175,8112,S
27351,68072,76180,8108,S
27357,68081,76185,8104,S
27361,68090,76190,8100,S
30178,76191,76195,4,N
27366,68099,76195,8096,S
20603,57494,76200,18706,E
17011,51882,76200,24318,W
20608,57499,76205,18706,E
17014,51887,76205,24318,W
20611,57504,76210,18706,E
17018,51892,76210,24318,W
20614,57509,76215,18706,E
17019,51897,76215,24318,W
20617,57514,76220,18706,E
17022,51902,76220,24318,W
20622,57519,76225,18706,E
17025,51907,76225,24318,W
20624,57524,76230,18706,E
17028,51912,76230,24318,W
20628,57529,76235,18706,E
17032,51917,76235,24318,W
20631,57534,76240,18706,E
17034,51922,76240,24318,W
20635,57539,76245,18706,E
17036,51927,76245,24318,W
20638,57544,76250,18706,E
17040,51932,76250,24318,W
20641,57549,76255,18706,E
17042,51937,76255,24318,W
30186,76220,76260,40,N
27371,68108,76260,8152,S
30192,76249,76265,16,N
27375,68117,76265,8148,S
27380,68126,76270,8144,S
27385,68135,76275,8140,S
30200,76278,76280,2,N
27390,68144,76280,8136,S
27395,68153,76285,8132,S
27398,68162,76290,8128,S
27403,68171,76295,8124,S
27409,68180,76300,8120,S
27413,68189,76305,8116,S
30207,76307,76310,3,N
27418,68198,76310,8112,S
27423,68207,76315,8108,S
20645,57554,76320,18766,E
17046,51942,76320,24378,W
20648,57559,76325,18766,E
17048,51947,76325,24378,W
20652,57564,76330,18766,E
17051,51952,76330,24378,W
20655,57569,76335,18766,E
17054,51957,76335,24378,W
20659,57574,76340,18766,E
17056,51962,76340,24378,W
20662,57579,76345,18766,E
17059,51967,76345,24378,W
20666,57584,76350,18766,E
17063,51972,76350,24378,W
20669,57589,76355,18766,E
17065,51977,76355,24378,W
20671,57594,76360,18766,E
17069,51982,76360,24378,W
20676,57599,76365,18766,E
17070,51987,76365,24378,W
20679,57604,76370,18766,E
17073,51992,76370,24378,W
20683,57609,76375,18766,E
17077,51997,76375,24378,W
30214,76336,76380,44,N
27427,68216,76380,8164,S
30221,76365,76385,20,N
27432,68225,76385,8160,S
27437,68234,76390,8156,S
30229,76394,76395,1,N
27442,68243,76395,8152,S
27446,68252,76400,8148,S
27451,68261,76405,8144,S
27456,68270,76410,8140,S
27461,68279,76415,8136,S
27465,68288,76420,8132,S
30237,76423,76425,2,N
27469,68297,76425,8128,S
27475,68306,76430,8124,S
27479,68315,76435,8120,S
20685,57614,76440,18826,E
17079,52002,76440,24438,W
20690,57619,76445,18826,E
17083,52007,76445,24438,W
20693,57624,76450,18826,E
17086,52012,76450,24438,W
20696,57629,76455,18826,E
17087,52017,76455,24438,W
20699,57634,76460,18826,E
17091,52022,76460,24438,W
20704,57639,76465,18826,E
17093,52027,76465,24438,W
20707,57644,76470,18826,E
17096,52032,76470,24438,W
20710,57649,76475,18826,E
17100,52037,76475,24438,W
20713,57654,76480,18826,E
17102,52042,76480,24438,W
20718,57659,76485,18826,E
17105,52047,76485,24438,W
20720,57664,76490,18826,E
17108,52052,76490,24438,W
20724,57669,76495,18826,E
17110,52057,76495,24438,W
30244,76452,76500,48,N
27484,68324,76500,8176,S
30252,76481,76505,24,N
27490,68333,76505,8172,S
30258,76510,76510,0,N
27493,68342,76510,8168,S
27498,68351,76515,8164,S
27503,68360,76520,8160,S
27508,68369,76525,8156,S
27513,68378,76530,8152,S
27517,68387,76535,8148,S
30266,76539,76540,1,N
27522,68396,76540,8144,S
27527,68405,76545,8140,S
27531,68417,76550,8133,S
27535,68429,76555,8126,S
20727,57674,76560,18886,E
17114,52062,76560,24498,W
20732,57679,76565,18886,E
17116,52067,76565,24498,W
20734,57684,76570,18886,E
17120,52072,76570,24498,W
20738,57689,76575,18886,E
17122,52077,76575,24498,W
20741,57694,76580,18886,E
17124,52082,76580,24498,W
20745,57699,76585,18886,E
17128,52087,76585,24498,W
20748,57704,76590,18886,E
17131,52092,76590,24498,W
20752,57709,76595,18886,E
17133,52097,76595,24498,W
20755,57714,76600,18886,E
17137,52102,76600,24498,W
20759,57719,76605,18886,E
17138,52107,76605,24498,W
20762,57724,76610,18886,E
17142,52112,76610,24498,W
20766,57729,76615,18886,E
17145,52117,76615,24498,W
30272,76568,76620,52,N
27541,68441,76620,8179,S
30280,76597,76625,28,N
27545,68453,76625,8172,S
30287,76626,76630,4,N
27549,68465,76630,8165,S
27555,68477,76635,8158,S
27559,68489,76640,8151,S
27564,68501,76645,8144,S
27568,68513,76650,8137,S
30294,76655,76655,0,N
27573,68525,76655,8130,S
27578,68537,76660,8123,S
27582,68549,76665,8116,S
27587,68561,76670,8109,S
27592,68573,76675,8102,S
20768,57734,76680,18946,E
17147,52122,76680,24558,W
20773,57739,76685,18946,E
17151,52127,76685,24558,W
20776,57744,76690,18946,E
17154,52132,76690,24558,W
20780,57749,76695,18946,E
17156,52137,76695,24558,W
20782,57754,76700,18946,E
17159,52142,76700,24558,W
20787,57759,76705,18946,E
17161,52147,76705,24558,W
20790,57764,76710,18946,E
17165,52152,76710,24558,W
20793,57769,76715,18946,E
17168,52157,76715,24558,W
20796,57774,76720,18946,E
17170,52162,76720,24558,W
20801,57779,76725,18946,E
17173,52167,76725,24558,W
20804,57784,76730,18946,E
17176,52172,76730,24558,W
20807,57789,76735,18946,E
17179,52177,76735,24558,W
30301,76684,76740,56,N
27597,68585,76740,8155,S
30309,76713,76745,32,N
27601,68597,76745,8148,S
30315,76742,76750,8,N
27605,68609,76750,8141,S
27611,68621,76755,8134,S
27615,68633,76760,8127,S
27619,68645,76765,8120,S
27625,68657,76770,8113,S
30323,76771,76775,4,N
27630,68669,76775,8106,S
27633,68681,76780,8099,S
27639,68693,76785,8092,S
27644,68705,76790,8085,S
27647,68717,76795,8078,S
20810,57794,76800,19006,E
17182,52182,76800,24618,W
20815,57799,76805,19006,E
17184,52187,76805,24618,W
20817,57804,76810,19006,E
17188,52192,76810,24618,W
20821,57809,76815,19006,E
17190,52197,76815,24618,W
20824,57814,76820,19006,E
17193,52202,76820,24618,W
20829,57819,76825,19006,E
17196,52207,76825,24618,W
20831,57824,76830,19006,E
17199,52212,76830,24618,W
20835,57829,76835,19006,E
17202,52217,76835,24618,W
20838,57834,76840,19006,E
17205,52222,76840,24618,W
20842,57839,76845,19006,E
17206,52227,76845,24618,W
20845,57844,76850,19006,E
17210,52232,76850,24618,W
20849,57849,76855,19006,E
17213,52237,76855,24618,W
30330,76800,76860,60,N
27653,68729,76860,8131,S
30338,76829,76865,36,N
27657,68741,76865,8124,S
30345,76858,76870,12,N
27662,68753,76870,8117,S
27667,68765,76875,8110,S
27671,68777,76880,8103,S
27676,68789,76885,8096,S
30352,76887,76890,3,N
27681,68801,76890,8089,S
27685,68813,76895,8082,S
27690,68825,76900,8075,S
27695,68837,76905,8068,S
27699,68849,76910,8061,S
27704,68861,76915,8054,S
20852,57854,76920,19066,E
17216,52242,76920,24678,W
20856,57859,76925,19066,E
17219,52247,76925,24678,W
20859,57864,76930,19066,E
17222,52252,76930,24678,W
20863,57869,76935,19066,E
17224,52257,76935,24678,W
20865,57874,76940,19066,E
17227,52262,76940,24678,W
20870,57879,76945,19066,E
17230,52267,76945,24678,W
20873,57884,76950,19066,E
17233,52272,76950,24678,W
20877,57889,76955,19066,E
17236,52277,76955,24678,W
20879,57894,76960,19066,E
17239,52282,76960,24678,W
20884,57899,76965,19066,E
17241,52287,76965,24678,W
20887,57904,76970,19066,E
17244,52292,76970,24678,W
20890,57909,76975,19066,E
17247,52297,76975,24678,W
30359,76916,76980,64,N
27709,68873,76980,8107,S
30367,76945,76985,40,N
27713,68885,76985,8100,S
30374,76974,76990,16,N
27718,68897,76990,8093,S
27723,68909,76995,8086,S
27728,68921,77000,8079,S
30381,77003,77005,2,N
27732,68933,77005,8072,S
27737,68945,77010,8065,S
27742,68957,77015,8058,S
27745,68969,77020,8051,S
27751,68981,77025,8044,S
27756,68993,77030,8037,S
30389,77032,77035,3,N
27760,69005,77035,8030,S
20893,57914,77040,19126,E
17250,52302,77040,24738,W
20898,57919,77045,19126,E
17253,52307,77045,24738,W
20901,57924,77050,19126,E
17256,52312,77050,24738,W
20904,57929,77055,19126,E
17258,52317,77055,24738,W
20907,57934,77060,19126,E
17261,52322,77060,24738,W
20912,57939,77065,19126,E
17264,52327,77065,24738,W
20914,57944,77070,19126,E
17268,52332,77070,24738,W
20918,57949,77075,19126,E
17270,52337,77075,24738,W
20921,57954,77080,19126,E
17273,52342,77080,24738,W
20926,57959,77085,19126,E
17275,52347,77085,24738,W
20928,57964,77090,19126,E
17278,52352,77090,24738,W
20932,57969,77095,19126,E
17281,52357,77095,24738,W
30395,77061,77100,39,N
27765,69017,77100,8083,S
30403,77090,77105,15,N
27770,69029,77105,8076,S
27774,69041,77110,8069,S
27779,69053,77115,8062,S
30410,77119,77120,1,N
27783,69065,77120,8055,S
27788,69077,77125,8048,S
27794,69089,77130,8041,S
27797,69101,77135,8034,S
27802,69113,77140,8027,S
27808,69125,77145,8020,S
30417,77148,77150,2,N
27811,69137,77150,8013,S
27816,69149,77155,8006,S
20935,57974,77160,19186,E
17284,52362,77160,24798,W
20939,57979,77165,19186,E
17287,52367,77165,24798,W
20942,57984,77170,19186,E
17291,52372,77170,24798,W
20946,57989,77175,19186,E
17292,52377,77175,24798,W
20949,57994,77180,19186,E
17295,52382,77180,24798,W
20953,57999,77185,19186,E
17298,52387,77185,24798,W
20956,58004,77190,19186,E
17301,52392,77190,24798,W
20960,58009,77195,19186,E
17305,52397,77195,24798,W
20962,58014,77200,19186,E
17307,52402,77200,24798,W
20967,58019,77205,19186,E
17309,52407,77205,24798,W
20970,58024,77210,19186,E
17313,52412,77210,24798,W
20974,58029,77215,19186,E
17315,52417,77215,24798,W
30424,77177,77220,43,N
27822,69161,77220,8059,S
30431,77206,77225,19,N
27826,69173,77225,8052,S
27830,69185,77230,8045,S
30439,77235,77235,0,N
27835,69197,77235,8038,S
27840,69209,77240,8031,S
27844,69221,77245,8024,S
27849,69233,77250,8017,S
27854,69245,77255,8010,S
27859,69257,77260,8003,S
30447,77264,77265,1,N
27863,69269,77265,7996,S
27868,69281,77270,7989,S
27872,69293,77275,7982,S
20976,58034,77280,19246,E
17318,52422,77280,24858,W
20981,58039,77285,19246,E
17321,52427,77285,24858,W
20984,58044,77290,19246,E
17324,52432,77290,24858,W
20987,58049,77295,19246,E
17327,52437,77295,24858,W
20990,58054,77300,19246,E
17329,52442,77300,24858,W
20995,58059,77305,19246,E
17332,52447,77305,24858,W
20998,58064,77310,19246,E
17336,52452,77310,24858,W
21001,58069,77315,19246,E
17338,52457,77315,24858,W
21004,58074,77320,19246,E
17342,52462,77320,24858,W
21009,58079,77325,19246,E
17343,52467,77325,24858,W
21011,58084,77330,19246,E
17346,52472,77330,24858,W
21015,58089,77335,19246,E
17350,52477,77335,24858,W
30453,77293,77340,47,N
27877,69305,77340,8035,S
30461,77322,77345,23,N
27882,69317,77345,8028,S
27886,69329,77350,8021,S
30468,77351,77355,4,N
27892,69341,77355,8014,S
27896,69353,77360,8007,S
27900,69365,77365,8000,S
27906,69377,77370,7993,S
27910,69389,77375,7986,S
30475,77380,77380,0,N
27914,69401,77380,7979,S
27920,69413,77385,7972,S
27924,69425,77390,7965,S
27928,69437,77395,7958,S
21018,58094,77400,19306,E
17352,52482,77400,24918,W
21023,58099,77405,19306,E
17355,52487,77405,24918,W
21025,58104,77410,19306,E
17359,52492,77410,24918,W
21029,58109,77415,19306,E
17360,52497,77415,24918,W
21032,58114,77420,19306,E
17364,52502,77420,24918,W
21036,58119,77425,19306,E
17366,52507,77425,24918,W
21039,58124,77430,19306,E
17369,52512,77430,24918,W
21043,58129,77435,19306,E
17373,52517,77435,24918,W
21046,58134,77440,19306,E
17375,52522,77440,24918,W
21050,58139,77445,19306,E
17378,52527,77445,24918,W
21053,58144,77450,19306,E
17381,52532,77450,24918,W
21057,58149,77455,19306,E
17383,52537,77455,24918,W
30482,77409,77460,51,N
27934,69449,77460,8011,S
30490,77438,77465,27,N
27938,69461,77465,8004,S
30496,77467,77470,3,N
27942,69473,77470,7997,S
27948,69485,77475,7990,S
27952,69497,77480,7983,S
27957,69509,77485,7976,S
27961,69521,77490,7969,S
27966,69533,77495,7962,S
30504,77496,77500,4,N
27971,69545,77500,7955,S
27975,69557,77505,7948,S
27980,69569,77510,7941,S
27985,69581,77515,7934,S
21059,58154,77520,19366,E
17387,52542,77520,24978,W
21064,58159,77525,19366,E
17389,52547,77525,24978,W
21067,58164,77530,19366,E
17392,52552,77530,24978,W
21071,58169,77535,19366,E
17395,52557,77535,24978,W
21073,58174,77540,19366,E
17397,52562,77540,24978,W
21078,58179,77545,19366,E
17401,52567,77545,24978,W
21081,58184,77550,19366,E
17404,52572,77550,24978,W
21084,58189,77555,19366,E
17406,52577,77555,24978,W
21087,58194,77560,19366,E
17410,52582,77560,24978,W
21092,58199,77565,19366,E
17411,52587,77565,24978,W
21095,58204,77570,19366,E
17415,52592,77570,24978,W
21098,58209,77575,19366,E
17418,52597,77575,24978,W
30511,77525,77580,55,N
27990,69593,77580,7987,S
30518,77554,77585,31,N
27994,69605,77585,7980,S
30526,77583,77590,7,N
27999,69617,77590,7973,S
28004,69629,77595,7966,S
28008,69641,77600,7959,S
28012,69653,77605,7952,S
28018,69665,77610,7945,S
30532,77612,77615,3,N
28023,69677,77615,7938,S
28026,69689,77620,7931,S
28032,69701,77625,7924,S
28037,69713,77630,7917,S
28040,69725,77635,7910,S
21101,58214,77640,19426,E
17420,52602,77640,25038,W
21106,58219,77645,19426,E
17424,52607,77645,25038,W
21108,58224,77650,19426,E
17427,52612,77650,25038,W
21112,58229,77655,19426,E
17428,52617,77655,25038,W
21115,58234,77660,19426,E
17432,52622,77660,25038,W
21120,58239,77665,19426,E
17434,52627,77665,25038,W
21122,58244,77670,19426,E
17438,52632,77670,25038,W
21126,58249,77675,19426,E
17441,52637,77675,25038,W
21129,58254,77680,19426,E
17443,52642,77680,25038,W
21133,58259,77685,19426,E
17446,52647,77685,25038,W
21136,58264,77690,19426,E
17449,52652,77690,25038,W
21140,58269,77695,19426,E
17452,52657,77695,25038,W
30541,77641,77700,59,N
28046,69737,77700,7963,S
30548,77670,77705,35,N
28050,69749,77705,7956,S
30555,77699,77710,11,N
28055,69761,77710,7949,S
28060,69773,77715,7942,S
28064,69785,77720,7935,S
28069,69797,77725,7928,S
30562,77728,77730,2,N
28074,69809,77730,7921,S
28078,69821,77735,7914,S
28083,69833,77740,7907,S
28089,69845,77745,7900,S
28092,69857,77750,7893,S
28097,69869,77755,7886,S
21143,58274,77760,19486,E
17455,52662,77760,25098,W
21147,58279,77765,19486,E
17457,52667,77765,25098,W
21150,58284,77770,19486,E
17461,52672,77770,25098,W
21154,58289,77775,19486,E
17463,52677,77775,25098,W
21156,58294,77780,19486,E
17465,52682,77780,25098,W
21161,58299,77785,19486,E
17469,52687,77785,25098,W
21164,58304,77790,19486,E
17472,52692,77790,25098,W
21168,58309,77795,19486,E
17475,52697,77795,25098,W
21170,58314,77800,19486,E
17478,52702,77800,25098,W
21175,58319,77805,19486,E
17479,52707,77805,25098,W
21178,58324,77810,19486,E
17483,52712,77810,25098,W
21181,58329,77815,19486,E
17486,52717,77815,25098,W
30570,77757,77820,63,N
28102,69881,77820,7939,S
30576,77786,77825,39,N
28106,69893,77825,7932,S
30584,77815,77830,15,N
28111,69905,77830,7925,S
28116,69917,77835,7918,S
28121,69929,77840,7911,S
30590,77844,77845,1,N
28125,69941,77845,7904,S
28130,69953,77850,7897,S
28135,69965,77855,7890,S
28138,69977,77860,7883,S
28144,69989,77865,7876,S
28149,70001,77870,7869,S
30598,77873,77875,2,N
28153,70013,77875,7862,S
21184,58334,77880,19546,E
17489,52722,77880,25158,W
21189,58339,77885,19546,E
17492,52727,77885,25158,W
21192,58344,77890,19546,E
17495,52732,77890,25158,W
21195,58349,77895,19546,E
17497,52737,77895,25158,W
21198,58354,77900,19546,E
17500,52742,77900,25158,W
21203,58359,77905,19546,E
17502,52747,77905,25158,W
21205,58364,77910,19546,E
17506,52752,77910,25158,W
21209,58369,77915,19546,E
17509,52757,77915,25158,W
21212,58374,77920,19546,E
17512,52762,77920,25158,W
21217,58379,77925,19546,E
17514,52767,77925,25158,W
21219,58384,77930,19546,E
17517,52772,77930,25158,W
21223,58389,77935,19546,E
17520,52777,77935,25158,W
30605,77902,77940,38,N
28158,70025,77940,7915,S
30612,77931,77945,14,N
28163,70037,77945,7908,S
28167,70049,77950,7901,S
28172,70061,77955,7894,S
30619,77960,77960,0,N
28177,70073,77960,7887,S
28181,70085,77965,7880,S
28187,70097,77970,7873,S
28190,70109,77975,7866,S
28195,70121,77980,7859,S
28201,70133,77985,7852,S
30627,77989,77990,1,N
28204,70145,77990,7845,S
28209,70157,77995,7838,S
21226,58394,78000,19606,E
17523,52782,78000,25218,W
21230,58399,78005,19606,E
17526,52787,78005,25218,W
21233,58404,78010,19606,E
17529,52792,78010,25218,W
21237,58409,78015,19606,E
17531,52797,78015,25218,W
21240,58414,78020,19606,E
17534,52802,78020,25218,W
21244,58419,78025,19606,E
17537,52807,78025,25218,W
21247,58424,78030,19606,E
17540,52812,78030,25218,W
21251,58429,78035,19606,E
17543,52817,78035,25218,W
21253,58434,78040,19606,E
17546,52822,78040,25218,W
21258,58439,78045,19606,E
17548,52827,78045,25218,W
21261,58444,78050,19606,E
17551,52832,78050,25218,W
21265,58449,78055,19606,E
17554,52837,78055,25218,W
30633,78018,78060,42,N
28215,70169,78060,7891,S
30642,78047,78065,18,N
28219,70181,78065,7884,S
28223,70193,78070,7877,S
28228,70205,78075,7870,S
30650,78076,78080,4,N
28233,70217,78080,7863,S
28237,70229,78085,7856,S
28242,70241,78090,7849,S
28247,70253,78095,7842,S
28252,70265,78100,7835,S
30656,78105,78105,0,N
28256,70277,78105,7828,S
28261,70289,78110,7821,S
28266,70301,78115,7814,S
21267,58454,78120,19666,E
17557,52842,78120,25278,W
21272,58459,78125,19666,E
17560,52847,78125,25278,W
21275,58464,78130,19666,E
17564,52852,78130,25278,W
21278,58469,78135,19666,E
17565,52857,78135,25278,W
21281,58474,78140,19666,E
17568,52862,78140,25278,W
21286,58479,78145,19666,E
17571,52867,78145,25278,W
21289,58484,78150,19666,E
17574,52872,78150,25278,W
21292,58489,78155,19666,E
17577,52877,78155,25278,W
21295,58494,78160,19666,E
17580,52882,78160,25278,W
21300,58499,78165,19666,E
17582,52887,78165,25278,W
21302,58504,78170,19666,E
17586,52892,78170,25278,W
21306,58509,78175,19666,E
17588,52897,78175,25278,W
30664,78134,78180,46,N
28270,70313,78180,7867,S
30670,78163,78185,22,N
28275,70325,78185,7860,S
28279,70337,78190,7853,S
30678,78192,78195,3,N
28285,70349,78195,7846,S
28289,70361,78200,7839,S
28293,70373,78205,7832,S
28299,70385,78210,7825,S
28303,70397,78215,7818,S
28307,70409,78220,7811,S
30685,78221,78225,4,N
28313,70421,78225,7804,S
28317,70433,78230,7797,S
28321,70445,78235,7790,S
21309,58514,78240,19726,E
17591,52902,78240,25338,W
21314,58519,78245,19726,E
17594,52907,78245,25338,W
21316,58524,78250,19726,E
17597,52912,78250,25338,W
21320,58529,78255,19726,E
17600,52917,78255,25338,W
21323,58534,78260,19726,E
17602,52922,78260,25338,W
21327,58539,78265,19726,E
17605,52927,78265,25338,W
21330,58544,78270,19726,E
17609,52932,78270,25338,W
21334,58549,78275,19726,E
17611,52937,78275,25338,W
21337,58554,78280,19726,E
17614,52942,78280,25338,W
21341,58559,78285,19726,E
17616,52947,78285,25338,W
21344,58564,78290,19726,E
17619,52952,78290,25338,W
21348,58569,78295,19726,E
17623,52957,78295,25338,W
30692,78250,78300,50,N
28327,70457,78300,7843,S
30699,78279,78305,26,N
28331,70469,78305,7836,S
30707,78308,78310,2,N
28335,70481,78310,7829,S
28341,70493,78315,7822,S
28345,70505,78320,7815,S
28350,70517,78325,7808,S
28355,70529,78330,7801,S
28359,70541,78335,7794,S
30713,78337,78340,3,N
28364,70553,78340,7787,S
28368,70565,78345,7780,S
28373,70577,78350,7773,S
28378,70589,78355,7766,S
21350,58574,78360,19786,E
17625,52962,78360,25398,W
21355,58579,78365,19786,E
17628,52967,78365,25398,W
21358,58584,78370,19786,E
17632,52972,78370,25398,W
21362,58589,78375,19786,E
17633,52977,78375,25398,W
21364,58594,78380,19786,E
17637,52982,78380,25398,W
21369,58599,78385,19786,E
17639,52987,78385,25398,W
21372,58604,78390,19786,E
17642,52992,78390,25398,W
21375,58609,78395,19786,E
17646,52997,78395,25398,W
21378,58614,78400,19786,E
17648,53002,78400,25398,W
21383,58619,78405,19786,E
17650,53007,78405,25398,W
21386,58624,78410,19786,E
17654,53012,78410,25398,W
21389,58629,78415,19786,E
17656,53017,78415,25398,W
30721,78366,78420,54,N
28383,70601,78420,7819,S
30728,78395,78425,30,N
28387,70613,78425,7812,S
30735,78424,78430,6,N
28392,70625,78430,7805,S
28397,70637,78435,7798,S
28401,70649,78440,7791,S
28405,70661,78445,7784,S
28411,70673,78450,7777,S
30743,78453,78455,2,N
28416,70685,78455,7770,S
28419,70697,78460,7763,S
28425,70709,78465,7756,S
28430,70721,78470,7749,S
28433,70733,78475,7742,S
21392,58634,78480,19846,E
17660,53022,78480,25458,W
21397,58639,78485,19846,E
17662,53027,78485,25458,W
21399,58644,78490,19846,E
17665,53032,78490,25458,W
21403,58649,78495,19846,E
17668,53037,78495,25458,W
21406,58654,78500,19846,E
17670,53042,78500,25458,W
21411,58659,78505,19846,E
17674,53047,78505,25458,W
21413,58664,78510,19846,E
17677,53052,78510,25458,W
21417,58669,78515,19846,E
17679,53057,78515,25458,W
21420,58674,78520,19846,E
17683,53062,78520,25458,W
21424,58679,78525,19846,E
17684,53067,78525,25458,W
21427,58684,78530,19846,E
17687,53072,78530,25458,W
21431,58689,78535,19846,E
17691,53077,78535,25458,W
30750,78482,78540,58,N
28439,70745,78540,7795,S
30757,78511,78545,34,N
28444,70757,78545,7788,S
30765,78540,78550,10,N
28448,70769,78550,7781,S
28453,70781,78555,7774,S
28457,70793,78560,7767,S
28462,70805,78565,7760,S
30771,78569,78570,1,N
28467,70817,78570,7753,S
28471,70829,78575,7746,S
28476,70841,78580,7739,S
28482,70853,78585,7732,S
28485,70865,78590,7725,S
28490,70877,78595,7718,S
21434,58694,78600,19906,E
17693,53082,78600,25518,W
21438,58699,78605,19906,E
17697,53087,78605,25518,W
21441,58704,78610,19906,E
17700,53092,78610,25518,W
21445,58709,78615,19906,E
17701,53097,78615,25518,W
21447,58714,78620,19906,E
17705,53102,78620,25518,W
21452,58719,78625,19906,E
17707,53107,78625,25518,W
21455,58724,78630,19906,E
17711,53112,78630,25518,W
21459,58729,78635,19906,E
17714,53117,78635,25518,W
21461,58734,78640,19906,E
17716,53122,78640,25518,W
21466,58739,78645,19906,E
17719,53127,78645,25518,W
21469,58744,78650,19906,E
17722,53132,78650,25518,W
21472,58749,78655,19906,E
17724,53137,78655,25518,W
30779,78598,78660,62,N
28495,70889,78660,7771,S
30787,78627,78665,38,N
28499,70901,78665,7764,S
30793,78656,78670,14,N
28504,70913,78670,7757,S
28509,70925,78675,7750,S
28514,70937,78680,7743,S
30801,78685,78685,0,N
28518,70949,78685,7736,S
28523,70961,78690,7729,S
28528,70973,78695,7722,S
28532,70985,78700,7715,S
28537,70997,78705,7708,S
28542,71009,78710,7701,S
30808,78714,78715,1,N
28546,71021,78715,7694,S
21475,58754,78720,19966,E
17728,53142,78720,25578,W
21480,58759,78725,19966,E
17730,53147,78725,25578,W
21483,58764,78730,19966,E
17734,53152,78730,25578,W
21486,58769,78735,19966,E
17736,53157,78735,25578,W
21489,58774,78740,19966,E
17738,53162,78740,25578,W
21494,58779,78745,19966,E
17742,53167,78745,25578,W
21496,58784,78750,19966,E
17745,53172,78750,25578,W
21500,58789,78755,19966,E
17748,53177,78755,25578,W
21503,58794,78760,19966,E
17751,53182,78760,25578,W
21508,58799,78765,19966,E
17752,53187,78765,25578,W
21510,58804,78770,19966,E
17756,53192,78770,25578,W
21514,58809,78775,19966,E
17759,53197,78775,25578,W
30815,78743,78780,37,N
28551,71033,78780,7747,S
30822,78772,78785,13,N
28556,71045,78785,7740,S
28560,71057,78790,7733,S
28565,71069,78795,7726,S
28570,71081,78800,7719,S
30829,78801,78805,4,N
28574,71093,78805,7712,S
28580,71105,78810,7705,S
28583,71117,78815,7698,S
28588,71129,78820,7691,S
28594,71141,78825,7684,S
30836,78830,78830,0,N
28597,71153,78830,7677,S
28602,71165,78835,7670,S
21517,58814,78840,20026,E
17761,53202,78840,25638,W
21521,58819,78845,20026,E
17765,53207,78845,25638,W
21524,58824,78850,20026,E
17768,53212,78850,25638,W
21528,58829,78855,20026,E
17770,53217,78855,25638,W
21531,58834,78860,20026,E
17773,53222,78860,25638,W
21535,58839,78865,20026,E
17775,53227,78865,25638,W
21538,58844,78870,20026,E
17779,53232,78870,25638,W
21542,58849,78875,20026,E
17782,53237,78875,25638,W
21544,58854,78880,20026,E
17785,53242,78880,25638,W
21549,58859,78885,20026,E
17787,53247,78885,25638,W
21552,58864,78890,20026,E
17790,53252,78890,25638,W
21556,58869,78895,20026,E
17793,53257,78895,25638,W
30845,78859,78900,41,N
28608,71177,78900,7723,S
30851,78888,78905,17,N
28612,71189,78905,7716,S
28616,71201,78910,7709,S
28622,71213,78915,7702,S
30859,78917,78920,3,N
28626,71225,78920,7695,S
28630,71237,78925,7688,S
28635,71249,78930,7681,S
28640,71261,78935,7674,S
28645,71273,78940,7667,S
28649,71285,78945,7660,S
30866,78946,78950,4,N
28654,71297,78950,7653,S
28659,71309,78955,7646,S
21558,58874,78960,20086,E
17796,53262,78960,25698,W
21563,58879,78965,20086,E
17798,53267,78965,25698,W
21566,58884,78970,20086,E
17802,53272,78970,25698,W
21569,58889,78975,20086,E
17804,53277,78975,25698,W
21572,58894,78980,20086,E
17807,53282,78980,25698,W
21577,58899,78985,20086,E
17810,53287,78985,25698,W
21580,58904,78990,20086,E
17813,53292,78990,25698,W
21583,58909,78995,20086,E
17816,53297,78995,25698,W
21586,58914,79000,20086,E
17819,53302,79000,25698,W
21591,58919,79005,20086,E
17821,53307,79005,25698,W
21593,58924,79010,20086,E
17824,53312,79010,25698,W
21597,58929,79015,20086,E
17827,53317,79015,25698,W
30873,78975,79020,45,N
28663,71321,79020,7699,S
30880,79004,79025,21,N
28668,71333,79025,7692,S
28672,71345,79030,7685,S
30888,79033,79035,2,N
28678,71357,79035,7678,S
28682,71369,79040,7671,S
28686,71381,79045,7664,S
28692,71393,79050,7657,S
28696,71405,79055,7650,S
28700,71417,79060,7643,S
30894,79062,79065,3,N
28706,71429,79065,7636,S
28711,71441,79070,7629,S
28714,71453,79075,7622,S
21600,58934,79080,20146,E
17830,53322,79080,25758,W
21605,58939,79085,20146,E
17833,53327,79085,25758,W
21607,58944,79090,20146,E
17836,53332,79090,25758,W
21611,58949,79095,20146,E
17838,53337,79095,25758,W
21614,58954,79100,20146,E
17841,53342,79100,25758,W
21618,58959,79105,20146,E
17844,53347,79105,25758,W
21621,58964,79110,20146,E
17847,53352,79110,25758,W
21625,58969,79115,20146,E
17850,53357,79115,25758,W
21628,58974,79120,20146,E
17853,53362,79120,25758,W
21632,58979,79125,20146,E
17855,53367,79125,25758,W
21635,58984,79130,20146,E
17859,53372,79130,25758,W
21639,58989,79135,20146,E
17861,53377,79135,25758,W
30902,79091,79140,49,N
28720,71465,79140,7675,S
30908,79120,79145,25,N
28724,71477,79145,7668,S
30916,79149,79150,1,N
28728,71489,79150,7661,S
28734,71501,79155,7654,S
28738,71513,79160,7647,S
28743,71525,79165,7640,S
28748,71537,79170,7633,S
28752,71549,79175,7626,S
30924,79178,79180,2,N
28757,71561,79180,7619,S
28761,71573,79185,7612,S
28766,71585,79190,7605,S
28771,71597,79195,7598,S
21641,58994,79200,20206,E
17864,53382,79200,25818,W
21646,58999,79205,20206,E
17867,53387,79205,25818,W
21649,59004,79210,20206,E
17870,53392,79210,25818,W
21653,59009,79215,20206,E
17872,53397,79215,25818,W
21655,59014,79220,20206,E
17875,53402,79220,25818,W
21660,59019,79225,20206,E
17878,53407,79225,25818,W
21663,59024,79230,20206,E
17882,53412,79230,25818,W
21666,59029,79235,20206,E
17884,53417,79235,25818,W
21669,59034,79240,20206,E
17887,53422,79240,25818,W
21674,59039,79245,20206,E
17889,53427,79245,25818,W
21677,59044,79250,20206,E
17892,53432,79250,25818,W
21680,59049,79255,20206,E
17896,53437,79255,25818,W
30930,79207,79260,53,N
28776,71609,79260,7651,S
30939,79247,79265,18,N
28780,71621,79265,7644,S
28785,71633,79270,7637,S
28790,71645,79275,7630,S
28794,71657,79280,7623,S
28799,71669,79285,7616,S
30946,79287,79290,3,N
28804,71681,79290,7609,S
28809,71693,79295,7602,S
28812,71705,79300,7595,S
28818,71717,79305,7588,S
28823,71729,79310,7581,S
28826,71741,79315,7574,S
21683,59054,79320,20266,E
17898,53442,79320,25878,W
21688,59059,79325,20266,E
17901,53447,79325,25878,W
21690,59064,79330,20266,E
17905,53452,79330,25878,W
21694,59069,79335,20266,E
17906,53457,79335,25878,W
21697,59074,79340,20266,E
17909,53462,79340,25878,W
21702,59079,79345,20266,E
17912,53467,79345,25878,W
21704,59084,79350,20266,E
17915,53472,79350,25878,W
21708,59089,79355,20266,E
17919,53477,79355,25878,W
21711,59094,79360,20266,E
17921,53482,79360,25878,W
21715,59099,79365,20266,E
17923,53487,79365,25878,W
21718,59104,79370,20266,E
17927,53492,79370,25878,W
21722,59109,79375,20266,E
17929,53497,79375,25878,W
30953,79327,79380,53,N
28832,71753,79380,7627,S
30960,79367,79385,18,N
28837,71765,79385,7620,S
28841,71777,79390,7613,S
28846,71789,79395,7606,S
28850,71801,79400,7599,S
28855,71813,79405,7592,S
30968,79407,79410,3,N
28860,71825,79410,7585,S
28864,71837,79415,7578,S
28869,71849,79420,7571,S
28875,71861,79425,7564,S
28878,71873,79430,7557,S
28883,71885,79435,7550,S
21725,59114,79440,20326,E
17933,53502,79440,25938,W
21729,59119,79445,20326,E
17935,53507,79445,25938,W
21732,59124,79450,20326,E
17938,53512,79450,25938,W
21736,59129,79455,20326,E
17941,53517,79455,25938,W
21738,59134,79460,20326,E
17943,53522,79460,25938,W
21743,59139,79465,20326,E
17946,53527,79465,25938,W
21746,59144,79470,20326,E
17950,53532,79470,25938,W
21750,59149,79475,20326,E
17952,53537,79475,25938,W
21752,59154,79480,20326,E
17956,53542,79480,25938,W
21757,59159,79485,20326,E
17957,53547,79485,25938,W
21760,59164,79490,20326,E
17960,53552,79490,25938,W
21763,59169,79495,20326,E
17964,53557,79495,25938,W
30974,79447,79500,53,N
28889,71897,79500,7603,S
30982,79487,79505,18,N
28892,71909,79505,7596,S
28897,71921,79510,7589,S
28902,71933,79515,7582,S
28907,71945,79520,7575,S
28911,71957,79525,7568,S
30989,79527,79530,3,N
28916,71969,79530,7561,S
28921,71981,79535,7554,S
28925,71993,79540,7547,S
28930,72005,79545,7540,S
28935,72021,79550,7529,S
28941,72037,79555,7518,S
21766,59174,79560,20386,E
17966,53562,79560,25998,W
21771,59179,79565,20386,E
17970,53567,79565,25998,W
21774,59184,79570,20386,E
17973,53572,79570,25998,W
21777,59189,79575,20386,E
17974,53577,79575,25998,W
21780,59194,79580,20386,E
17978,53582,79580,25998,W
21785,59199,79585,20386,E
17980,53587,79585,25998,W
21787,59204,79590,20386,E
17983,53592,79590,25998,W
21791,59209,79595,20386,E
17987,53597,79595,25998,W
21794,59214,79600,20386,E
17989,53602,79600,25998,W
21799,59219,79605,20386,E
17992,53607,79605,25998,W
21801,59224,79610,20386,E
17995,53612,79610,25998,W
21805,59229,79615,20386,E
17997,53617,79615,25998,W
30996,79567,79620,53,N
28944,72053,79620,7567,S
31004,79607,79625,18,N
28950,72069,79625,7556,S
28955,72085,79630,7545,S
28959,72101,79635,7534,S
28964,72117,79640,7523,S
28969,72133,79645,7512,S
31012,79647,79650,3,N
28974,72149,79650,7501,S
28979,72165,79655,7490,S
28985,72181,79660,7479,S
28988,72197,79665,7468,S
28994,72213,79670,7457,S
28999,72229,79675,7446,S
21808,59234,79680,20446,E
18001,53622,79680,26058,W
21812,59239,79685,20446,E
18003,53627,79685,26058,W
21815,59244,79690,20446,E
18007,53632,79690,26058,W
21819,59249,79695,20446,E
18009,53637,79695,26058,W
21822,59254,79700,20446,E
18011,53642,79700,26058,W
21826,59259,79705,20446,E
18015,53647,79705,26058,W
21829,59264,79710,20446,E
18018,53652,79710,26058,W
21833,59269,79715,20446,E
18020,53657,79715,26058,W
21835,59274,79720,20446,E
18024,53662,79720,26058,W
21840,59279,79725,20446,E
18025,53667,79725,26058,W
21843,59284,79730,20446,E
18029,53672,79730,26058,W
21847,59289,79735,20446,E
18032,53677,79735,26058,W
31019,79687,79740,53,N
29004,72245,79740,7495,S
31026,79727,79745,18,N
29008,72261,79745,7484,S
29013,72277,79750,7473,S
29018,72293,79755,7462,S
29023,72309,79760,7451,S
29029,72325,79765,7440,S
31034,79767,79770,3,N
29032,72341,79770,7429,S
29038,72357,79775,7418,S
29043,72373,79780,7407,S
29048,72389,79785,7396,S
29052,72405,79790,7385,S
29058,72421,79795,7374,S
21849,59294,79800,20506,E
18034,53682,79800,26118,W
21854,59299,79805,20506,E
18038,53687,79805,26118,W
21857,59304,79810,20506,E
18041,53692,79810,26118,W
21860,59309,79815,20506,E
18043,53697,79815,26118,W
21863,59314,79820,20506,E
18046,53702,79820,26118,W
21868,59319,79825,20506,E
18048,53707,79825,26118,W
21871,59324,79830,20506,E
18052,53712,79830,26118,W
21874,59329,79835,20506,E
18055,53717,79835,26118,W
21877,59334,79840,20506,E
18057,53722,79840,26118,W
21882,59339,79845,20506,E
18060,53727,79845,26118,W
21884,59344,79850,20506,E
18063,53732,79850,26118,W
21888,59349,79855,20506,E
18066,53737,79855,26118,W
31040,79807,79860,53,N
29062,72437,79860,7423,S
31048,79847,79865,18,N
29067,72453,79865,7412,S
29073,72469,79870,7401,S
29076,72485,79875,7390,S
29082,72501,79880,7379,S
29087,72517,79885,7368,S
31055,79887,79890,3,N
29092,72533,79890,7357,S
29096,72549,79895,7346,S
29102,72565,79900,7335,S
29106,72581,79905,7324,S
29112,72597,79910,7313,S
29117,72613,79915,7302,S
21891,59354,79920,20566,E
18069,53742,79920,26178,W
21896,59359,79925,20566,E
18071,53747,79925,26178,W
21898,59364,79930,20566,E
18075,53752,79930,26178,W
21902,59369,79935,20566,E
18077,53757,79935,26178,W
21905,59374,79940,20566,E
18080,53762,79940,26178,W
21909,59379,79945,20566,E
18083,53767,79945,26178,W
21912,59384,79950,20566,E
18086,53772,79950,26178,W
21916,59389,79955,20566,E
18089,53777,79955,26178,W
21919,59394,79960,20566,E
18092,53782,79960,26178,W
21923,59399,79965,20566,E
18093,53787,79965,26178,W
21926,59404,79970,20566,E
18097,53792,79970,26178,W
21930,59409,79975,20566,E
18100,53797,79975,26178,W
31062,79927,79980,53,N
29120,72629,79980,7351,S
31069,79967,79985,18,N
29126,72645,79985,7340,S
29131,72661,79990,7329,S
29136,72677,79995,7318,S
29140,72693,80000,7307,S
29146,72709,80005,7296,S
31078,80007,80010,3,N
29150,72725,80010,7285,S
29156,72741,80015,7274,S
29161,72757,80020,7263,S
29165,72773,80025,7252,S
29170,72789,80030,7241,S
29175,72805,80035,7230,S
21932,59414,80040,20626,E
18103,53802,80040,26238,W
21937,59419,80045,20626,E
18106,53807,80045,26238,W
21940,59424,80050,20626,E
18109,53812,80050,26238,W
21944,59429,80055,20626,E
18111,53817,80055,26238,W
21946,59434,80060,20626,E
18114,53822,80060,26238,W
21951,59439,80065,20626,E
18117,53827,80065,26238,W
21954,59444,80070,20626,E
18120,53832,80070,26238,W
21957,59449,80075,20626,E
18123,53837,80075,26238,W
21960,59454,80080,20626,E
18126,53842,80080,26238,W
21965,59459,80085,20626,E
18128,53847,80085,26238,W
21968,59464,80090,20626,E
18131,53852,80090,26238,W
21971,59469,80095,20626,E
18134,53857,80095,26238,W
31084,80047,80100,53,N
29180,72821,80100,7279,S
31092,80087,80105,18,N
29184,72837,80105,7268,S
29190,72853,80110,7257,S
29194,72869,80115,7246,S
29200,72885,80120,7235,S
29205,72901,80125,7224,S
31100,80127,80130,3,N
29209,72917,80130,7213,S
29214,72933,80135,7202,S
29220,72949,80140,7191,S
29224,72965,80145,7180,S
29228,72981,80150,7169,S
29234,72997,80155,7158,S
21974,59474,80160,20686,E
18137,53862,80160,26298,W
21979,59479,80165,20686,E
18140,53867,80165,26298,W
21981,59484,80170,20686,E
18143,53872,80170,26298,W
21985,59489,80175,20686,E
18145,53877,80175,26298,W
21988,59494,80180,20686,E
18148,53882,80180,26298,W
21993,59499,80185,20686,E
18151,53887,80185,26298,W
21995,59504,80190,20686,E
18155,53892,80190,26298,W
21999,59509,80195,20686,E
18157,53897,80195,26298,W
22002,59514,80200,20686,E
18160,53902,80200,26298,W
22006,59519,80205,20686,E
18162,53907,80205,26298,W
22009,59524,80210,20686,E
18165,53912,80210,26298,W
22013,59529,80215,20686,E
18168,53917,80215,26298,W
31106,80167,80220,53,N
29238,73013,80220,7207,S
31114,80207,80225,18,N
29244,73029,80225,7196,S
29249,73045,80230,7185,S
29253,73061,80235,7174,S
29258,73077,80240,7163,S
29264,73093,80245,7152,S
31121,80247,80250,3,N
29268,73109,80250,7141,S
29273,73125,80255,7130,S
29278,73141,80260,7119,S
29282,73157,80265,7108,S
29288,73173,80270,7097,S
29293,73189,80275,7086,S
22016,59534,80280,20746,E
18171,53922,80280,26358,W
22020,59539,80285,20746,E
18174,53927,80285,26358,W
22023,59544,80290,20746,E
18178,53932,80290,26358,W
22027,59549,80295,20746,E
18179,53937,80295,26358,W
22029,59554,80300,20746,E
18182,53942,80300,26358,W
22034,59559,80305,20746,E
18185,53947,80305,26358,W
22037,59564,80310,20746,E
18188,53952,80310,26358,W
22041,59569,80315,20746,E
18192,53957,80315,26358,W
22043,59574,80320,20746,E
18194,53962,80320,26358,W
22048,59579,80325,20746,E
18196,53967,80325,26358,W
22051,59584,80330,20746,E
18200,53972,80330,26358,W
22054,59589,80335,20746,E
18202,53977,80335,26358,W
31128,80287,80340,53,N
29297,73205,80340,7135,S
31135,80327,80345,18,N
29302,73221,80345,7124,S
29308,73237,80350,7113,S
29312,73253,80355,7102,S
29317,73269,80360,7091,S
29322,73285,80365,7080,S
31143,80367,80370,3,N
29327,73301,80370,7069,S
29332,73317,80375,7058,S
29337,73333,80380,7047,S
29341,73349,80385,7036,S
29346,73365,80390,7025,S
29352,73381,80395,7014,S
22057,59594,80400,20806,E
18205,53982,80400,26418,W
22062,59599,80405,20806,E
18208,53987,80405,26418,W
22065,59604,80410,20806,E
18211,53992,80410,26418,W
22068,59609,80415,20806,E
18214,53997,80415,26418,W
22071,59614,80420,20806,E
18216,54002,80420,26418,W
22076,59619,80425,20806,E
18219,54006,80425,26419,W
22078,59624,80430,20806,E
18222,54010,80430,26420,W
22082,59629,80435,20806,E
18225,54014,80435,26421,W
22085,59634,80440,20806,E
18227,54018,80440,26422,W
22090,59639,80445,20806,E
18230,54022,80445,26423,W
22092,59644,80450,20806,E
18233,54026,80450,26424,W
22096,59649,80455,20806,E
18235,54030,80455,26425,W
31150,80407,80460,53,N
29356,73397,80460,7063,S
31158,80447,80465,18,N
29361,73413,80465,7052,S
29366,73429,80470,7041,S
29371,73445,80475,7030,S
29376,73461,80480,7019,S
29382,73477,80485,7008,S
31165,80487,80490,3,N
29385,73493,80490,6997,S
29390,73509,80495,6986,S
29396,73525,80500,6975,S
29400,73541,80505,6964,S
29405,73557,80510,6953,S
29410,73573,80515,6942,S
22099,59654,80520,20866,E
18239,54034,80520,26486,W
22103,59659,80525,20866,E
18240,54038,80525,26487,W
22106,59664,80530,20866,E
18244,54042,80530,26488,W
22110,59669,80535,20866,E
18247,54046,80535,26489,W
22113,59674,80540,20866,E
18249,54050,80540,26490,W
22117,59679,80545,20866,E
18253,54054,80545,26491,W
22120,59684,80550,20866,E
18254,54058,80550,26492,W
22124,59689,80555,20866,E
18257,54062,80555,26493,W
22126,59694,80560,20866,E
18260,54066,80560,26494,W
22131,59699,80565,20866,E
18263,54070,80565,26495,W
22134,59704,80570,20866,E
18266,54074,80570,26496,W
22138,59709,80575,20866,E
18268,54078,80575,26497,W
31172,80527,80580,53,N
29415,73589,80580,6991,S
31179,80567,80585,18,N
29420,73605,80585,6980,S
29426,73621,80590,6969,S
29429,73637,80595,6958,S
29435,73653,80600,6947,S
29440,73669,80605,6936,S
31187,80607,80610,3,N
29444,73685,80610,6925,S
29449,73701,80615,6914,S
29454,73717,80620,6903,S
29459,73733,80625,6892,S
29464,73749,80630,6881,S
29470,73765,80635,6870,S
22140,59714,80640,20926,E
18271,54082,80640,26558,W
22145,59719,80645,20926,E
18274,54086,80645,26559,W
22148,59724,80650,20926,E
18277,54090,80650,26560,W
22151,59729,80655,20926,E
18279,54094,80655,26561,W
22154,59734,80660,20926,E
18282,54098,80660,26562,W
22159,59739,80665,20926,E
18285,54102,80665,26563,W
22162,59744,80670,20926,E
18287,54106,80670,26564,W
22165,59749,80675,20926,E
18291,54110,80675,26565,W
22168,59754,80680,20926,E
18293,54114,80680,26566,W
22173,59759,80685,20926,E
18295,54118,80685,26567,W
22175,59764,80690,20926,E
18298,54122,80690,26568,W
22179,59769,80695,20926,E
18301,54126,80695,26569,W
31194,80647,80700,53,N
29473,73781,80700,6919,S
31201,80687,80705,18,N
29479,73797,80705,6908,S
29484,73813,80710,6897,S
29489,73829,80715,6886,S
29493,73845,80720,6875,S
29498,73861,80725,6864,S
31209,80727,80730,3,N
29503,73877,80730,6853,S
29508,73893,80735,6842,S
29514,73909,80740,6831,S
29517,73925,80745,6820,S
29523,73941,80750,6809,S
29528,73957,80755,6798,S
22182,59774,80760,20986,E
18305,54130,80760,26630,W
22187,59779,80765,20986,E
18307,54134,80765,26631,W
22189,59784,80770,20986,E
18309,54138,80770,26632,W
22193,59789,80775,20986,E
18312,54142,80775,26633,W
22196,59794,80780,20986,E
18315,54146,80780,26634,W
22200,59799,80785,20986,E
18317,54150,80785,26635,W
22203,59804,80790,20986,E
18321,54154,80790,26636,W
22207,59809,80795,20986,E
18323,54158,80795,26637,W
22210,59814,80800,20986,E
18325,54162,80800,26638,W
22214,59819,80805,20986,E
18329,54166,80805,26639,W
22217,59824,80810,20986,E
18331,54170,80810,26640,W
22221,59829,80815,20986,E
18335,54174,80815,26641,W
31216,80767,80820,53,N
29533,73973,80820,6847,S
31224,80807,80825,18,N
29537,73989,80825,6836,S
29543,74005,80830,6825,S
29547,74021,80835,6814,S
29552,74037,80840,6803,S
29558,74053,80845,6792,S
31231,80847,80850,3,N
29561,74069,80850,6781,S
29567,74085,80855,6770,S
29572,74101,80860,6759,S
29577,74117,80865,6748,S
29581,74133,80870,6737,S
29587,74149,80875,6726,S
22223,59834,80880,21046,E
18336,54178,80880,26702,W
22228,59839,80885,21046,E
18339,54182,80885,26703,W
22231,59844,80890,21046,E
18343,54186,80890,26704,W
22235,59849,80895,21046,E
18345,54190,80895,26705,W
22237,59854,80900,21046,E
18348,54194,80900,26706,W
22242,59859,80905,21046,E
18350,54198,80905,26707,W
22245,59864,80910,21046,E
18353,54202,80910,26708,W
22248,59869,80915,21046,E
18355,54206,80915,26709,W
22251,59874,80920,21046,E
18359,54210,80920,26710,W
22256,59879,80925,21046,E
18362,54214,80925,26711,W
22259,59884,80930,21046,E
18364,54218,80930,26712,W
22262,59889,80935,21046,E
18367,54222,80935,26713,W
31238,80887,80940,53,N
29591,74165,80940,6775,S
31245,80927,80945,18,N
29597,74181,80945,6764,S
29602,74197,80950,6753,S
29605,74213,80955,6742,S
29611,74229,80960,6731,S
29616,74245,80965,6720,S
31253,80967,80970,3,N
29621,74261,80970,6709,S
29625,74277,80975,6698,S
29631,74293,80980,6687,S
29635,74309,80985,6676,S
29641,74325,80990,6665,S
29646,74341,80995,6654,S
22265,59894,81000,21106,E
18369,54226,81000,26774,W
22270,59899,81005,21106,E
18373,54230,81005,26775,W
22272,59904,81010,21106,E
18375,54234,81010,26776,W
22276,59909,81015,21106,E
18377,54238,81015,26777,W
22279,59914,81020,21106,E
18381,54242,81020,26778,W
22284,59919,81025,21106,E
18383,54246,81025,26779,W
22286,59924,81030,21106,E
18386,54250,81030,26780,W
22290,59929,81035,21106,E
18389,54254,81035,26781,W
22293,59934,81040,21106,E
18391,54258,81040,26782,W
22297,59939,81045,21106,E
18394,54262,81045,26783,W
22300,59944,81050,21106,E
18397,54266,81050,26784,W
22304,59949,81055,21106,E
18400,54270,81055,26785,W
31259,81007,81060,53,N
29650,74357,81060,6703,S
31267,81047,81065,18,N
29655,74373,81065,6692,S
29660,74389,81070,6681,S
29665,74405,81075,6670,S
29669,74421,81080,6659,S
29675,74437,81085,6648,S
31274,81087,81090,3,N
29679,74453,81090,6637,S
29685,74469,81095,6626,S
29690,74485,81100,6615,S
29694,74501,81105,6604,S
29699,74517,81110,6593,S
29705,74533,81115,6582,S
22307,59954,81120,21166,E
18403,54274,81120,26846,W
22311,59959,81125,21166,E
18405,54278,81125,26847,W
22314,59964,81130,21166,E
18407,54282,81130,26848,W
22318,59969,81135,21166,E
18411,54286,81135,26849,W
22320,59974,81140,21166,E
18413,54290,81140,26850,W
22325,59979,81145,21166,E
18416,54294,81145,26851,W
22328,59984,81150,21166,E
18419,54298,81150,26852,W
22332,59989,81155,21166,E
18421,54302,81155,26853,W
22334,59994,81160,21166,E
18425,54306,81160,26854,W
22339,59999,81165,21166,E
18427,54310,81165,26855,W
22342,60004,81170,21166,E
18430,54314,81170,26856,W
22345,60009,81175,21166,E
18432,54318,81175,26857,W
31281,81127,81180,53,N
29709,74549,81180,6631,S
31290,81167,81185,18,N
29713,74565,81185,6620,S
29719,74581,81190,6609,S
29723,74597,81195,6598,S
29729,74613,81200,6587,S
29734,74629,81205,6576,S
31297,81207,81210,3,N
29738,74645,81210,6565,S
29743,74661,81215,6554,S
29749,74677,81220,6543,S
29753,74693,81225,6532,S
29758,74709,81230,6521,S
29763,74725,81235,6510,S
22348,60014,81240,21226,E
18435,54322,81240,26918,W
22353,60019,81245,21226,E
18438,54326,81245,26919,W
22356,60024,81250,21226,E
18441,54330,81250,26920,W
22359,60029,81255,21226,E
18444,54334,81255,26921,W
22362,60034,81260,21226,E
18445,54338,81260,26922,W
22367,60039,81265,21226,E
18449,54342,81265,26923,W
22369,60044,81270,21226,E
18451,54346,81270,26924,W
22373,60049,81275,21226,E
18455,54350,81275,26925,W
22376,60054,81280,21226,E
18458,54354,81280,26926,W
22381,60059,81285,21226,E
18459,54358,81285,26927,W
22383,60064,81290,21226,E
18463,54362,81290,26928,W
22387,60069,81295,21226,E
18465,54366,81295,26929,W
31304,81247,81300,53,N
29767,74741,81300,6559,S
31311,81287,81305,18,N
29773,74757,81305,6548,S
29778,74773,81310,6537,S
29782,74789,81315,6526,S
29787,74805,81320,6515,S
29793,74821,81325,6504,S
31319,81327,81330,3,N
29797,74837,81330,6493,S
29802,74853,81335,6482,S
29807,74869,81340,6471,S
29812,74885,81345,6460,S
29817,74901,81350,6449,S
29822,74917,81355,6438,S
22390,60074,81360,21286,E
18468,54370,81360,26990,W
22394,60079,81365,21286,E
18471,54374,81365,26991,W
22397,60084,81370,21286,E
18473,54378,81370,26992,W
22401,60089,81375,21286,E
18476,54382,81375,26993,W
22404,60094,81380,21286,E
18479,54386,81380,26994,W
22408,60099,81385,21286,E
18482,54390,81385,26995,W
22411,60104,81390,21286,E
18485,54394,81390,26996,W
22415,60109,81395,21286,E
18487,54398,81395,26997,W
22417,60114,81400,21286,E
18489,54402,81400,26998,W
22422,60119,81405,21286,E
18493,54406,81405,26999,W
22425,60124,81410,21286,E
18496,54410,81410,27000,W
22429,60129,81415,21286,E
18498,54414,81415,27001,W
31325,81367,81420,53,N
29826,74933,81420,6487,S
31333,81407,81425,18,N
29831,74949,81425,6476,S
29837,74965,81430,6465,S
29841,74981,81435,6454,S
29846,74997,81440,6443,S
29851,75013,81445,6432,S
31340,81447,81450,3,N
29856,75029,81450,6421,S
29861,75045,81455,6410,S
29867,75061,81460,6399,S
29870,75077,81465,6388,S
29875,75093,81470,6377,S
29881,75109,81475,6366,S
22431,60134,81480,21346,E
18501,54418,81480,27062,W
22436,60139,81485,21346,E
18503,54422,81485,27063,W
22439,60144,81490,21346,E
18506,54426,81490,27064,W
22442,60149,81495,21346,E
18509,54430,81495,27065,W
22445,60154,81500,21346,E
18512,54434,81500,27066,W
22450,60159,81505,21346,E
18515,54438,81505,27067,W
22453,60164,81510,21346,E
18517,54442,81510,27068,W
22456,60169,81515,21346,E
18520,54446,81515,27069,W
22459,60174,81520,21346,E
18523,54450,81520,27070,W
22464,60179,81525,21346,E
18526,54454,81525,27071,W
22466,60184,81530,21346,E
18527,54458,81530,27072,W
22470,60189,81535,21346,E
18531,54462,81535,27073,W
31347,81487,81540,53,N
29885,75125,81540,6415,S
31355,81527,81545,18,N
29890,75141,81545,6404,S
29895,75157,81550,6393,S
29900,75173,81555,6382,S
29905,75189,81560,6371,S
29911,75205,81565,6360,S
31363,81567,81570,3,N
29914,75221,81570,6349,S
29920,75237,81575,6338,S
29925,75253,81580,6327,S
29929,75269,81585,6316,S
29934,75285,81590,6305,S
29939,75301,81595,6294,S
22473,60194,81600,21406,E
18534,54466,81600,27134,W
22478,60199,81605,21406,E
18536,54470,81605,27135,W
22480,60204,81610,21406,E
18540,54474,81610,27136,W
22484,60209,81615,21406,E
18541,54478,81615,27137,W
22487,60214,81620,21406,E
18545,54482,81620,27138,W
22491,60219,81625,21406,E
18547,54486,81625,27139,W
22494,60224,81630,21406,E
18550,54490,81630,27140,W
22498,60229,81635,21406,E
18554,54494,81635,27141,W
22501,60234,81640,21406,E
18555,54498,81640,27142,W
22505,60239,81645,21406,E
18558,54502,81645,27143,W
22508,60244,81650,21406,E
18561,54506,81650,27144,W
22512,60249,81655,21406,E
18564,54510,81655,27145,W
31369,81607,81660,53,N
29944,75317,81660,6343,S
31377,81647,81665,18,N
29949,75333,81665,6332,S
29955,75349,81670,6321,S
29958,75365,81675,6310,S
29964,75381,81680,6299,S
29969,75397,81685,6288,S
31385,81687,81690,3,N
29974,75413,81690,6277,S
29978,75429,81695,6266,S
29983,75445,81700,6255,S
29988,75461,81705,6244,S
29993,75477,81710,6233,S
29999,75493,81715,6222,S
22514,60254,81720,21466,E
18566,54514,81720,27206,W
22519,60259,81725,21466,E
18569,54518,81725,27207,W
22522,60264,81730,21466,E
18572,54522,81730,27208,W
22526,60269,81735,21466,E
18575,54526,81735,27209,W
22528,60274,81740,21466,E
18578,54530,81740,27210,W
22533,60279,81745,21466,E
18580,54534,81745,27211,W
22536,60284,81750,21466,E
18583,54538,81750,27212,W
22539,60289,81755,21466,E
18585,54542,81755,27213,W
22542,60294,81760,21466,E
18588,54546,81760,27214,W
22547,60299,81765,21466,E
18592,54550,81765,27215,W
22550,60304,81770,21466,E
18594,54554,81770,27216,W
22553,60309,81775,21466,E
18596,54558,81775,27217,W
31391,81727,81780,53,N
30002,75509,81780,6271,S
31399,81767,81785,18,N
30008,75525,81785,6260,S
30013,75541,81790,6249,S
30018,75557,81795,6238,S
30022,75573,81800,6227,S
30028,75589,81805,6216,S
31406,81807,81810,3,N
30032,75605,81810,6205,S
30037,75624,81815,6191,S
30042,75643,81820,6177,S
30046,75662,81825,6163,S
30052,75681,81830,6149,S
30057,75700,81835,6135,S
22556,60314,81840,21526,E
18599,54562,81840,27278,W
22561,60319,81845,21526,E
18602,54566,81845,27279,W
22563,60324,81850,21526,E
18605,54570,81850,27280,W
22567,60329,81855,21526,E
18608,54574,81855,27281,W
22570,60334,81860,21526,E
18610,54578,81860,27282,W
22575,60339,81865,21526,E
18613,54582,81865,27283,W
22577,60344,81870,21526,E
18616,54586,81870,27284,W
22581,60349,81875,21526,E
18618,54590,81875,27285,W
22584,60354,81880,21526,E
18622,54594,81880,27286,W
22588,60359,81885,21526,E
18623,54598,81885,27287,W
22591,60364,81890,21526,E
18626,54602,81890,27288,W
22595,60369,81895,21526,E
18630,54606,81895,27289,W
31413,81847,81900,53,N
30060,75719,81900,6181,S
31420,81887,81905,18,N
30066,75738,81905,6167,S
30071,75757,81910,6153,S
30074,75776,81915,6139,S
30080,75795,81920,6125,S
30085,75814,81925,6111,S
31429,81927,81930,3,N
30089,75833,81930,6097,S
30094,75852,81935,6083,S
30098,75871,81940,6069,S
30103,75890,81945,6055,S
30109,75909,81950,6041,S
30112,75928,81955,6027,S
22598,60374,81960,21586,E
18632,54610,81960,27350,W
22602,60379,81965,21586,E
18636,54614,81965,27351,W
22605,60384,81970,21586,E
18637,54618,81970,27352,W
22609,60389,81975,21586,E
18640,54622,81975,27353,W
22611,60394,81980,21586,E
18643,54626,81980,27354,W
22616,60399,81985,21586,E
18646,54630,81985,27355,W
22619,60404,81990,21586,E
18649,54634,81990,27356,W
22623,60409,81995,21586,E
18651,54638,81995,27357,W
22625,60414,82000,21586,E
18654,54642,82000,27358,W
22630,60419,82005,21586,E
18656,54646,82005,27359,W
22633,60424,82010,21586,E
18660,54650,82010,27360,W
22636,60429,82015,21586,E
18662,54654,82015,27361,W
31435,81967,82020,53,N
30118,75947,82020,6073,S
31443,82007,82025,18,N
30123,75966,82025,6059,S
30126,75985,82030,6045,S
30132,76004,82035,6031,S
30137,76023,82040,6017,S
30141,76042,82045,6003,S
31450,82047,82050,3,N
30146,76061,82050,5989,S
30151,76080,82055,5975,S
30155,76099,82060,5961,S
30161,76118,82065,5947,S
30165,76137,82070,5933,S
30169,76156,82075,5919,S
22639,60434,82080,21646,E
18665,54658,82080,27422,W
22644,60439,82085,21646,E
18668,54662,82085,27423,W
22647,60444,82090,21646,E
18670,54666,82090,27424,W
22650,60449,82095,21646,E
18674,54670,82095,27425,W
22653,60454,82100,21646,E
18676,54674,82100,27426,W
22658,60459,82105,21646,E
18678,54678,82105,27427,W
22660,60464,82110,21646,E
18681,54682,82110,27428,W
22664,60469,82115,21646,E
18684,54686,82115,27429,W
22667,60474,82120,21646,E
18687,54690,82120,27430,W
22672,60479,82125,21646,E
18690,54694,82125,27431,W
22674,60484,82130,21646,E
18692,54698,82130,27432,W
22678,60489,82135,21646,E
18695,54702,82135,27433,W
31457,82087,82140,53,N
30175,76175,82140,5965,S
31464,82127,82145,18,N
30179,76194,82145,5951,S
30184,76213,82150,5937,S
30189,76232,82155,5923,S
30194,76251,82160,5909,S
30198,76270,82165,5895,S
31472,82167,82170,3,N
30203,76289,82170,5881,S
30208,76308,82175,5867,S
30213,76327,82180,5853,S
30217,76346,82185,5839,S
30222,76365,82190,5825,S
30227,76384,82195,5811,S
22681,60494,82200,21706,E
18698,54706,82200,27494,W
22685,60499,82205,21706,E
18700,54710,82205,27495,W
22688,60504,82210,21706,E
18704,54714,82210,27496,W
22692,60509,82215,21706,E
18706,54718,82215,27497,W
22695,60514,82220,21706,E
18708,54722,82220,27498,W
22699,60519,82225,21706,E
18712,54726,82225,27499,W
22702,60524,82230,21706,E
18714,54730,82230,27500,W
22706,60529,82235,21706,E
18717,54734,82235,27501,W
22708,60534,82240,21706,E
18719,54738,82240,27502,W
22713,60539,82245,21706,E
18722,54742,82245,27503,W
22716,60544,82250,21706,E
18726,54746,82250,27504,W
22720,60549,82255,21706,E
18728,54750,82255,27505,W
31479,82207,82260,53,N
30231,76403,82260,5857,S
31486,82247,82265,18,N
30235,76422,82265,5843,S
30241,76441,82270,5829,S
30246,76460,82275,5815,S
30250,76479,82280,5801,S
30255,76498,82285,5787,S
31495,82287,82290,3,N
30260,76517,82290,5773,S
30265,76536,82295,5759,S
30269,76555,82300,5745,S
30274,76574,82305,5731,S
30279,76593,82310,5717,S
30283,76612,82315,5703,S
22722,60554,82320,21766,E
18731,54754,82320,27566,W
22727,60559,82325,21766,E
18733,54758,82325,27567,W
22730,60564,82330,21766,E
18736,54762,82330,27568,W
22733,60569,82335,21766,E
18738,54766,82335,27569,W
22736,60574,82340,21766,E
18742,54770,82340,27570,W
22741,60579,82345,21766,E
18745,54774,82345,27571,W
22744,60584,82350,21766,E
18746,54778,82350,27572,W
22747,60589,82355,21766,E
18750,54782,82355,27573,W
22750,60594,82360,21766,E
18752,54786,82360,27574,W
22755,60599,82365,21766,E
18756,54790,82365,27575,W
22757,60604,82370,21766,E
18758,54794,82370,27576,W
22761,60609,82375,21766,E
18760,54798,82375,27577,W
31501,82327,82380,53,N
30288,76631,82380,5749,S
31509,82367,82385,18,N
30293,76650,82385,5735,S
30298,76669,82390,5721,S
30302,76688,82395,5707,S
30307,76707,82400,5693,S
30312,76726,82405,5679,S
31516,82407,82410,3,N
30318,76745,82410,5665,S
30321,76764,82415,5651,S
30326,76783,82420,5637,S
30332,76802,82425,5623,S
30335,76821,82430,5609,S
30340,76840,82435,5595,S
22764,60614,82440,21826,E
18764,54802,82440,27638,W
22769,60619,82445,21826,E
18766,54806,82445,27639,W
22771,60624,82450,21826,E
18769,54810,82450,27640,W
22775,60629,82455,21826,E
18772,54814,82455,27641,W
22778,60634,82460,21826,E
18774,54818,82460,27642,W
22782,60639,82465,21826,E
18776,54822,82465,27643,W
22785,60644,82470,21826,E
18780,54826,82470,27644,W
22789,60649,82475,21826,E
18783,54830,82475,27645,W
22792,60654,82480,21826,E
18786,54834,82480,27646,W
22796,60659,82485,21826,E
18788,54838,82485,27647,W
22799,60664,82490,21826,E
18790,54842,82490,27648,W
22803,60669,82495,21826,E
18794,54846,82495,27649,W
31523,82447,82500,53,N
30346,76859,82500,5641,S
31530,82487,82505,18,N
30350,76878,82505,5627,S
30354,76897,82510,5613,S
30360,76916,82515,5599,S
30364,76935,82520,5585,S
30369,76954,82525,5571,S
31538,82527,82530,3,N
30373,76973,82530,5557,S
30378,76992,82535,5543,S
30384,77011,82540,5529,S
30387,77030,82545,5515,S
30392,77049,82550,5501,S
30398,77068,82555,5487,S
22805,60674,82560,21886,E
18796,54850,82560,27710,W
22810,60679,82565,21886,E
18799,54854,82565,27711,W
22813,60684,82570,21886,E
18802,54858,82570,27712,W
22817,60689,82575,21886,E
18804,54862,82575,27713,W
22819,60694,82580,21886,E
18807,54866,82580,27714,W
22824,60699,82585,21886,E
18810,54870,82585,27715,W
22827,60704,82590,21886,E
18813,54874,82590,27716,W
22830,60709,82595,21886,E
18815,54878,82595,27717,W
22833,60714,82600,21886,E
18818,54882,82600,27718,W
22838,60719,82605,21886,E
18821,54886,82605,27719,W
22841,60724,82610,21886,E
18824,54890,82610,27720,W
22844,60729,82615,21886,E
18827,54894,82615,27721,W
31544,82567,82620,53,N
30402,77087,82620,5533,S
31552,82607,82625,18,N
30406,77106,82625,5519,S
30412,77125,82630,5505,S
30416,77144,82635,5491,S
30421,77163,82640,5477,S
30426,77182,82645,5463,S
31559,82647,82650,3,N
30430,77201,82650,5449,S
30435,77220,82655,5435,S
30440,77239,82660,5421,S
30444,77258,82665,5407,S
30450,77277,82670,5393,S
30455,77296,82675,5379,S
22847,60734,82680,21946,E
18828,54898,82680,27782,W
22852,60739,82685,21946,E
18832,54902,82685,27783,W
22854,60744,82690,21946,E
18834,54906,82690,27784,W
22858,60749,82695,21946,E
18837,54910,82695,27785,W
22861,60754,82700,21946,E
18841,54914,82700,27786,W
22866,60759,82705,21946,E
18842,54918,82705,27787,W
22868,60764,82710,21946,E
18846,54922,82710,27788,W
22872,60769,82715,21946,E
18848,54926,82715,27789,W
22875,60774,82720,21946,E
18851,54930,82720,27790,W
22879,60779,82725,21946,E
18854,54934,82725,27791,W
22882,60784,82730,21946,E
18856,54938,82730,27792,W
22886,60789,82735,21946,E
18859,54942,82735,27793,W
31567,82687,82740,53,N
30458,77315,82740,5425,S
31575,82727,82745,18,N
30464,77334,82745,5411,S
30469,77353,82750,5397,S
30473,77372,82755,5383,S
30478,77391,82760,5369,S
30483,77410,82765,5355,S
31582,82767,82770,3,N
30487,77429,82770,5341,S
30492,77448,82775,5327,S
30497,77467,82780,5313,S
30501,77486,82785,5299,S
30507,77505,82790,5285,S
30510,77524,82795,5271,S
22889,60794,82800,22006,E
18862,54946,82800,27854,W
22893,60799,82805,22006,E
18865,54950,82805,27855,W
22896,60804,82810,22006,E
18867,54954,82810,27856,W
22900,60809,82815,22006,E
18870,54958,82815,27857,W
22902,60814,82820,22006,E
18872,54962,82820,27858,W
22907,60819,82825,22006,E
18876,54966,82825,27859,W
22910,60824,82830,22006,E
18879,54970,82830,27860,W
22914,60829,82835,22006,E
18881,54974,82835,27861,W
22916,60834,82840,22006,E
18884,54978,82840,27862,W
22921,60839,82845,22006,E
18886,54982,82845,27863,W
22924,60844,82850,22006,E
18889,54986,82850,27864,W
22927,60849,82855,22006,E
18892,54990,82855,27865,W
31589,82807,82860,53,N
30516,77543,82860,5317,S
30521,77562,82865,5303,S
31596,82867,82870,3,N
30525,77581,82870,5289,S
30530,77600,82875,5275,S
30535,77619,82880,5261,S
30539,77638,82885,5247,S
30544,77657,82890,5233,S
30549,77676,82895,5219,S
30553,77695,82900,5205,S
30559,77714,82905,5191,S
30563,77733,82910,5177,S
30567,77752,82915,5163,S
22930,60854,82920,22066,E
18895,54994,82920,27926,W
22935,60859,82925,22066,E
18897,54998,82925,27927,W
22938,60864,82930,22066,E
18900,55002,82930,27928,W
22941,60869,82935,22066,E
18903,55006,82935,27929,W
22944,60874,82940,22066,E
18906,55010,82940,27930,W
22949,60879,82945,22066,E
18909,55014,82945,27931,W
22951,60884,82950,22066,E
18910,55018,82950,27932,W
22955,60889,82955,22066,E
18914,55022,82955,27933,W
22958,60894,82960,22066,E
18917,55026,82960,27934,W
22963,60899,82965,22066,E
18919,55030,82965,27935,W
22965,60904,82970,22066,E
18923,55034,82970,27936,W
22969,60909,82975,22066,E
18924,55038,82975,27937,W
31604,82927,82980,53,N
30573,77771,82980,5209,S
30578,77790,82985,5195,S
31611,82987,82990,3,N
30582,77809,82990,5181,S
30587,77828,82995,5167,S
30592,77847,83000,5153,S
30596,77866,83005,5139,S
30601,77885,83010,5125,S
30606,77904,83015,5111,S
30611,77923,83020,5097,S
30615,77942,83025,5083,S
30620,77961,83030,5069,S
30625,77980,83035,5055,S
22972,60914,83040,22126,E
18927,55042,83040,27998,W
22976,60919,83045,22126,E
18930,55046,83045,27999,W
22979,60924,83050,22126,E
18933,55050,83050,28000,W
22983,60929,83055,22126,E
18937,55054,83055,28001,W
22986,60934,83060,22126,E
18938,55058,83060,28002,W
22990,60939,83065,22126,E
18941,55062,83065,28003,W
22993,60944,83070,22126,E
18944,55066,83070,28004,W
22997,60949,83075,22126,E
18947,55070,83075,28005,W
22999,60954,83080,22126,E
18949,55074,83080,28006,W
23004,60959,83085,22126,E
18952,55078,83085,28007,W
23007,60964,83090,22126,E
18955,55082,83090,28008,W
23011,60969,83095,22126,E
18957,55086,83095,28009,W
31619,83047,83100,53,N
30630,77999,83100,5101,S
30634,78018,83105,5087,S
31625,83107,83110,3,N
30639,78037,83110,5073,S
30644,78056,83115,5059,S
30648,78075,83120,5045,S
30653,78094,83125,5031,S
30658,78113,83130,5017,S
30663,78132,83135,5003,S
30667,78151,83140,4989,S
30672,78170,83145,4975,S
30677,78189,83150,4961,S
30682,78208,83155,4947,S
23013,60974,83160,22186,E
18961,55090,83160,28070,W
23018,60979,83165,22186,E
18963,55094,83165,28071,W
23021,60984,83170,22186,E
18966,55098,83170,28072,W
23024,60989,83175,22186,E
18968,55102,83175,28073,W
23027,60994,83180,22186,E
18971,55106,83180,28074,W
23032,60999,83185,22186,E
18975,55110,83185,28075,W
23035,61004,83190,22186,E
18977,55114,83190,28076,W
23038,61009,83195,22186,E
18979,55118,83195,28077,W
23041,61014,83200,22186,E
18982,55122,83200,28078,W
23046,61019,83205,22186,E
18985,55126,83205,28079,W
23048,61024,83210,22186,E
18987,55130,83210,28080,W
23052,61029,83215,22186,E
18991,55134,83215,28081,W
31633,83167,83220,53,N
30686,78227,83220,4993,S
30691,78246,83225,4979,S
31640,83227,83230,3,N
30696,78265,83230,4965,S
30700,78284,83235,4951,S
30705,78303,83240,4937,S
30710,78322,83245,4923,S
30716,78341,83250,4909,S
30719,78360,83255,4895,S
30724,78379,83260,4881,S
30730,78398,83265,4867,S
30734,78417,83270,4853,S
30738,78436,83275,4839,S
23055,61034,83280,22246,E
18993,55138,83280,28142,W
23060,61039,83285,22246,E
18996,55142,83285,28143,W
23062,61044,83290,22246,E
18999,55146,83290,28144,W
23066,61049,83295,22246,E
19001,55150,83295,28145,W
23069,61054,83300,22246,E
19005,55154,83300,28146,W
23073,61059,83305,22246,E
19006,55158,83305,28147,W
23076,61064,83310,22246,E
19009,55162,83310,28148,W
23080,61069,83315,22246,E
19013,55166,83315,28149,W
23083,61074,83320,22246,E
19015,55170,83320,28150,W
23087,61079,83325,22246,E
19018,55174,83325,28151,W
23090,61084,83330,22246,E
19020,55178,83330,28152,W
23094,61089,83335,22246,E
19023,55182,83335,28153,W
31647,83287,83340,53,N
30744,78455,83340,4885,S
30748,78474,83345,4871,S
31654,83347,83350,3,N
30752,78493,83350,4857,S
30758,78512,83355,4843,S
30762,78531,83360,4829,S
30767,78550,83365,4815,S
30772,78569,83370,4801,S
30776,78588,83375,4787,S
30782,78607,83380,4773,S
30786,78626,83385,4759,S
30790,78645,83390,4745,S
30796,78664,83395,4731,S
23096,61094,83400,22306,E
19026,55186,83400,28214,W
23101,61099,83405,22306,E
19029,55190,83405,28215,W
23104,61104,83410,22306,E
19032,55194,83410,28216,W
23108,61109,83415,22306,E
19034,55198,83415,28217,W
23110,61114,83420,22306,E
19037,55202,83420,28218,W
23115,61119,83425,22306,E
19039,55206,83425,28219,W
23118,61124,83430,22306,E
19043,55210,83430,28220,W
23121,61129,83435,22306,E
19045,55214,83435,28221,W
23124,61134,83440,22306,E
19047,55218,83440,28222,W
23129,61139,83445,22306,E
19051,55222,83445,28223,W
23132,61144,83450,22306,E
19053,55226,83450,28224,W
23135,61149,83455,22306,E
19057,55230,83455,28225,W
31663,83407,83460,53,N
30800,78683,83460,4777,S
30804,78702,83465,4763,S
31670,83467,83470,3,N
30810,78721,83470,4749,S
30814,78740,83475,4735,S
30819,78759,83480,4721,S
30824,78778,83485,4707,S
30828,78797,83490,4693,S
30833,78816,83495,4679,S
30839,78835,83500,4665,S
30842,78854,83505,4651,S
30848,78873,83510,4637,S
30853,78892,83515,4623,S
23138,61154,83520,22366,E
19059,55234,83520,28286,W
23143,61159,83525,22366,E
19061,55238,83525,28287,W
23145,61164,83530,22366,E
19064,55242,83530,28288,W
23149,61169,83535,22366,E
19067,55246,83535,28289,W
23152,61174,83540,22366,E
19070,55250,83540,28290,W
23157,61179,83545,22366,E
19073,55254,83545,28291,W
23159,61184,83550,22366,E
19075,55258,83550,28292,W
23163,61189,83555,22366,E
19077,55262,83555,28293,W
23166,61194,83560,22366,E
19081,55266,83560,28294,W
23170,61199,83565,22366,E
19083,55270,83565,28295,W
23173,61204,83570,22366,E
19087,55274,83570,28296,W
23177,61209,83575,22366,E
19089,55278,83575,28297,W
31677,83527,83580,53,N
30856,78911,83580,4669,S
30862,78930,83585,4655,S
31684,83587,83590,3,N
30867,78949,83590,4641,S
30871,78968,83595,4627,S
30876,78987,83600,4613,S
30881,79006,83605,4599,S
30885,79025,83610,4585,S
30891,79044,83615,4571,S
30895,79063,83620,4557,S
30899,79082,83625,4543,S
30905,79101,83630,4529,S
30909,79120,83635,4515,S
23180,61214,83640,22426,E
19091,55282,83640,28358,W
23184,61219,83645,22426,E
19095,55286,83645,28359,W
23187,61224,83650,22426,E
19097,55290,83650,28360,W
23191,61229,83655,22426,E
19100,55294,83655,28361,W
23193,61234,83660,22426,E
19102,55298,83660,28362,W
23198,61239,83665,22426,E
19105,55302,83665,28363,W
23201,61244,83670,22426,E
19108,55306,83670,28364,W
23204,61249,83675,22426,E
19111,55310,83675,28365,W
23207,61254,83680,22426,E
19114,55314,83680,28366,W
23211,61259,83685,22426,E
19116,55318,83685,28367,W
23215,61264,83690,22426,E
19119,55322,83690,28368,W
23217,61269,83695,22426,E
19121,55326,83695,28369,W
31691,83647,83700,53,N
30914,79139,83700,4561,S
30919,79158,83705,4547,S
31699,83707,83710,3,N
30923,79177,83710,4533,S
30928,79196,83715,4519,S
30933,79215,83720,4505,S
30937,79241,83725,4484,S
30942,79267,83730,4463,S
30947,79293,83735,4442,S
30951,79319,83740,4421,S
30957,79345,83745,4400,S
30961,79371,83750,4379,S
30965,79397,83755,4358,S
23221,61274,83760,22486,E
19125,55330,83760,28430,W
23225,61279,83765,22486,E
19128,55334,83765,28431,W
23229,61284,83770,22486,E
19129,55338,83770,28432,W
23231,61289,83775,22486,E
19133,55342,83775,28433,W
23235,61294,83780,22486,E
19135,55346,83780,28434,W
23239,61299,83785,22486,E
19138,55350,83785,28435,W
23241,61304,83790,22486,E
19141,55354,83790,28436,W
23245,61309,83795,22486,E
19143,55358,83795,28437,W
23248,61314,83800,22486,E
19147,55362,83800,28438,W
23253,61319,83805,22486,E
19149,55366,83805,28439,W
23255,61324,83810,22486,E
19152,55370,83810,28440,W
23259,61329,83815,22486,E
19155,55374,83815,28441,W
31705,83767,83820,53,N
30971,79423,83820,4397,S
30976,79449,83825,4376,S
31714,83827,83830,3,N
30980,79475,83830,4355,S
30985,79501,83835,4334,S
30990,79527,83840,4313,S
30994,79553,83845,4292,S
30999,79579,83850,4271,S
31003,79605,83855,4250,S
31009,79631,83860,4229,S
31013,79657,83865,4208,S
31017,79683,83870,4187,S
31023,79709,83875,4166,S
23262,61334,83880,22546,E
19157,55378,83880,28502,W
23266,61339,83885,22546,E
19159,55382,83885,28503,W
23269,61344,83890,22546,E
19163,55386,83890,28504,W
23273,61349,83895,22546,E
19166,55390,83895,28505,W
23276,61354,83900,22546,E
19168,55394,83900,28506,W
23279,61359,83905,22546,E
19171,55398,83905,28507,W
23283,61364,83910,22546,E
19173,55402,83910,28508,W
23286,61369,83915,22546,E
19177,55406,83915,28509,W
23289,61374,83920,22546,E
19179,55410,83920,28510,W
23293,61379,83925,22546,E
19182,55414,83925,28511,W
23297,61384,83930,22546,E
19185,55418,83930,28512,W
23300,61389,83935,22546,E
19187,55422,83935,28513,W
31720,83887,83940,53,N
31028,79735,83940,4205,S
31032,79761,83945,4184,S
31728,83947,83950,3,N
31037,79787,83950,4163,S
31042,79813,83955,4142,S
31047,79839,83960,4121,S
31051,79865,83965,4100,S
31056,79891,83970,4079,S
31061,79917,83975,4058,S
31065,79943,83980,4037,S
31071,79969,83985,4016,S
31075,79995,83990,3995,S
31080,80021,83995,3974,S
23303,61394,84000,22606,E
19190,55426,84000,28574,W
23307,61399,84005,22606,E
19193,55430,84005,28575,W
23311,61404,84010,22606,E
19196,55434,84010,28576,W
23313,61409,84015,22606,E
19197,55438,84015,28577,W
23316,61414,84020,22606,E
19201,55442,84020,28578,W
23321,61419,84025,22606,E
19204,55446,84025,28579,W
23324,61424,84030,22606,E
19207,55450,84030,28580,W
23327,61429,84035,22606,E
19210,55454,84035,28581,W
23330,61434,84040,22606,E
19211,55458,84040,28582,W
23335,61439,84045,22606,E
19215,55462,84045,28583,W
23337,61444,84050,22606,E
19217,55466,84050,28584,W
23341,61449,84055,22606,E
19220,55470,84055,28585,W
31735,84007,84060,53,N
31085,80047,84060,4013,S
31089,80073,84065,3992,S
31742,84067,84070,3,N
31094,80099,84070,3971,S
31099,80125,84075,3950,S
31103,80151,84080,3929,S
31108,80177,84085,3908,S
31113,80203,84090,3887,S
31118,80229,84095,3866,S
31123,80255,84100,3845,S
31127,80281,84105,3824,S
31132,80307,84110,3803,S
31137,80333,84115,3782,S
23344,61454,84120,22666,E
19224,55474,84120,28646,W
23349,61459,84125,22666,E
19225,55478,84125,28647,W
23351,61464,84130,22666,E
19228,55482,84130,28648,W
23354,61469,84135,22666,E
19231,55486,84135,28649,W
23358,61474,84140,22666,E
19234,55490,84140,28650,W
23361,61479,84145,22666,E
19237,55494,84145,28651,W
23365,61484,84150,22666,E
19239,55498,84150,28652,W
23368,61489,84155,22666,E
19242,55502,84155,28653,W
23372,61494,84160,22666,E
19245,55506,84160,28654,W
23375,61499,84165,22666,E
19248,55510,84165,28655,W
23379,61504,84170,22666,E
19250,55514,84170,28656,W
23382,61509,84175,22666,E
19253,55518,84175,28657,W
31749,84127,84180,53,N
31141,80359,84180,3821,S
31146,80385,84185,3800,S
31756,84187,84190,3,N
31152,80411,84190,3779,S
31155,80437,84195,3758,S
31161,80463,84200,3737,S
31166,80489,84205,3716,S
31170,80515,84210,3695,S
31175,80541,84215,3674,S
31180,80567,84220,3653,S
31184,80593,84225,3632,S
31190,80619,84230,3611,S
31193,80645,84235,3590,S
23385,61514,84240,22726,E
19255,55522,84240,28718,W
23389,61519,84245,22726,E
19258,55526,84245,28719,W
23392,61524,84250,22726,E
19262,55530,84250,28720,W
23396,61529,84255,22726,E
19264,55534,84255,28721,W
23398,61534,84260,22726,E
19267,55538,84260,28722,W
23403,61539,84265,22726,E
19269,55542,84265,28723,W
23406,61544,84270,22726,E
19272,55546,84270,28724,W
23409,61549,84275,22726,E
19275,55550,84275,28725,W
23412,61554,84280,22726,E
19278,55554,84280,28726,W
23417,61559,84285,22726,E
19280,55558,84285,28727,W
23420,61564,84290,22726,E
19283,55562,84290,28728,W
23423,61569,84295,22726,E
19286,55566,84295,28729,W
31765,84247,84300,53,N
31198,80671,84300,3629,S
31204,80697,84305,3608,S
31772,84307,84310,3,N
31207,80723,84310,3587,S
31213,80749,84315,3566,S
31218,80775,84320,3545,S
31222,80801,84325,3524,S
31227,80827,84330,3503,S
31232,80853,84335,3482,S
31236,80879,84340,3461,S
31242,80905,84345,3440,S
31246,80931,84350,3419,S
31251,80957,84355,3398,S
23426,61574,84360,22786,E
19288,55570,84360,28790,W
23430,61579,84365,22786,E
19292,55574,84365,28791,W
23433,61584,84370,22786,E
19293,55578,84370,28792,W
23436,61589,84375,22786,E
19297,55582,84375,28793,W
23440,61594,84380,22786,E
19300,55586,84380,28794,W
23444,61599,84385,22786,E
19302,55590,84385,28795,W
23447,61604,84390,22786,E
19306,55594,84390,28796,W
23450,61609,84395,22786,E
19307,55598,84395,28797,W
23454,61614,84400,22786,E
19310,55602,84400,28798,W
23457,61619,84405,22786,E
19313,55606,84405,28799,W
23461,61624,84410,22786,E
19316,55610,84410,28800,W
23464,61629,84415,22786,E
19319,55614,84415,28801,W
31779,84367,84420,53,N
31256,80983,84420,3437,S
31261,81009,84425,3416,S
31786,84427,84430,3,N
31265,81035,84430,3395,S
31270,81061,84435,3374,S
31275,81087,84440,3353,S
31279,81113,84445,3332,S
31284,81139,84450,3311,S
31288,81165,84455,3290,S
31294,81191,84460,3269,S
31298,81217,84465,3248,S
31303,81243,84470,3227,S
31308,81269,84475,3206,S
23467,61634,84480,22846,E
19321,55618,84480,28862,W
23471,61639,84485,22846,E
19324,55622,84485,28863,W
23474,61644,84490,22846,E
19327,55626,84490,28864,W
23478,61649,84495,22846,E
19330,55630,84495,28865,W
23480,61654,84500,22846,E
19332,55634,84500,28866,W
23485,61659,84505,22846,E
19335,55638,84505,28867,W
23488,61664,84510,22846,E
19338,55642,84510,28868,W
23492,61669,84515,22846,E
19340,55646,84515,28869,W
23494,61674,84520,22846,E
19344,55650,84520,28870,W
23499,61679,84525,22846,E
19346,55654,84525,28871,W
23502,61684,84530,22846,E
19348,55658,84530,28872,W
23504,61689,84535,22846,E
19351,55662,84535,28873,W
31793,84487,84540,53,N
31313,81295,84540,3245,S
31317,81321,84545,3224,S
31800,84547,84550,3,N
31322,81347,84550,3203,S
31327,81373,84555,3182,S
31332,81399,84560,3161,S
31336,81425,84565,3140,S
31342,81451,84570,3119,S
31346,81477,84575,3098,S
31350,81503,84580,3077,S
31356,81529,84585,3056,S
31360,81555,84590,3035,S
31365,81581,84595,3014,S
23508,61694,84600,22906,E
19354,55666,84600,28934,W
23512,61699,84605,22906,E
19358,55670,84605,28935,W
23516,61704,84610,22906,E
19360,55674,84610,28936,W
23518,61709,84615,22906,E
19362,55678,84615,28937,W
23522,61714,84620,22906,E
19365,55682,84620,28938,W
23526,61719,84625,22906,E
19368,55686,84625,28939,W
23529,61724,84630,22906,E
19370,55690,84630,28940,W
23532,61729,84635,22906,E
19374,55694,84635,28941,W
23536,61734,84640,22906,E
19376,55698,84640,28942,W
23540,61739,84645,22906,E
19378,55702,84645,28943,W
23542,61744,84650,22906,E
19382,55706,84650,28944,W
23546,61749,84655,22906,E
19384,55710,84655,28945,W
31808,84607,84660,53,N
31370,81607,84660,3053,S
31374,81633,84665,3032,S
31815,84667,84670,3,N
31379,81659,84670,3011,S
31384,81685,84675,2990,S
31388,81711,84680,2969,S
31394,81737,84685,2948,S
31398,81763,84690,2927,S
31403,81789,84695,2906,S
31408,81815,84700,2885,S
31412,81841,84705,2864,S
31417,81867,84710,2843,S
31422,81893,84715,2822,S
23549,61754,84720,22966,E
19388,55714,84720,29006,W
23553,61759,84725,22966,E
19389,55718,84725,29007,W
23556,61764,84730,22966,E
19392,55722,84730,29008,W
23560,61769,84735,22966,E
19396,55726,84735,29009,W
23563,61774,84740,22966,E
19398,55730,84740,29010,W
23567,61779,84745,22966,E
19401,55734,84745,29011,W
23570,61784,84750,22966,E
19403,55738,84750,29012,W
23574,61789,84755,22966,E
19406,55742,84755,29013,W
23576,61794,84760,22966,E
19408,55746,84760,29014,W
23580,61799,84765,22966,E
19412,55750,84765,29015,W
23584,61804,84770,22966,E
19415,55754,84770,29016,W
23587,61809,84775,22966,E
19417,55758,84775,29017,W
31823,84727,84780,53,N
31426,81919,84780,2861,S
31432,81945,84785,2840,S
31830,84787,84790,3,N
31437,81971,84790,2819,S
31440,81997,84795,2798,S
31446,82023,84800,2777,S
31451,82049,84805,2756,S
31455,82075,84810,2735,S
31460,82101,84815,2714,S
31465,82127,84820,2693,S
31469,82153,84825,2672,S
31475,82179,84830,2651,S
31478,82205,84835,2630,S
23590,61814,84840,23026,E
19420,55762,84840,29078,W
23594,61819,84845,23026,E
19422,55766,84845,29079,W
23598,61824,84850,23026,E
19426,55770,84850,29080,W
23600,61829,84855,23026,E
19428,55774,84855,29081,W
23604,61834,84860,23026,E
19430,55778,84860,29082,W
23608,61839,84865,23026,E
19434,55782,84865,29083,W
23612,61844,84870,23026,E
19436,55786,84870,29084,W
23614,61849,84875,23026,E
19439,55790,84875,29085,W
23617,61854,84880,23026,E
19442,55794,84880,29086,W
23622,61859,84885,23026,E
19444,55798,84885,29087,W
23624,61864,84890,23026,E
19447,55802,84890,29088,W
23628,61869,84895,23026,E
19450,55806,84895,29089,W
31837,84847,84900,53,N
31484,82231,84900,2669,S
31489,82257,84905,2648,S
31844,84907,84910,3,N
31492,82283,84910,2627,S
31498,82309,84915,2606,S
31503,82335,84920,2585,S
31507,82361,84925,2564,S
31512,82387,84930,2543,S
31517,82413,84935,2522,S
31522,82439,84940,2501,S
31527,82465,84945,2480,S
31531,82491,84950,2459,S
31536,82517,84955,2438,S
23631,61874,84960,23086,E
19453,55810,84960,29150,W
23636,61879,84965,23086,E
19456,55814,84965,29151,W
23638,61884,84970,23086,E
19458,55818,84970,29152,W
23642,61889,84975,23086,E
19460,55822,84975,29153,W
23645,61894,84980,23086,E
19464,55826,84980,29154,W
23649,61899,84985,23086,E
19466,55830,84985,29155,W
23652,61904,84990,23086,E
19469,55834,84990,29156,W
23655,61909,84995,23086,E
19472,55838,84995,29157,W
23659,61914,85000,23086,E
19474,55842,85000,29158,W
23662,61919,85005,23086,E
19478,55846,85005,29159,W
23666,61924,85010,23086,E
19480,55850,85010,29160,W
23669,61929,85015,23086,E
19483,55854,85015,29161,W
31851,84967,85020,53,N
31541,82543,85020,2477,S
31546,82569,85025,2456,S
31859,85027,85030,3,N
31550,82595,85030,2435,S
31555,82621,85035,2414,S
31560,82647,85040,2393,S
31564,82673,85045,2372,S
31569,82699,85050,2351,S
31574,82725,85055,2330,S
31579,82751,85060,2309,S
31583,82777,85065,2288,S
31588,82803,85070,2267,S
31593,82842,85075,2233,S
23672,61934,85080,23146,E
19485,55858,85080,29222,W
23676,61939,85085,23146,E
19488,55862,85085,29223,W
23680,61944,85090,23146,E
19491,55866,85090,29224,W
23683,61949,85095,23146,E
19494,55870,85095,29225,W
23686,61954,85100,23146,E
19497,55874,85100,29226,W
23690,61959,85105,23146,E
19498,55878,85105,29227,W
23693,61964,85110,23146,E
19502,55882,85110,29228,W
23696,61969,85115,23146,E
19504,55886,85115,29229,W
23699,61974,85120,23146,E
19508,55890,85120,29230,W
23704,61979,85125,23146,E
19511,55894,85125,29231,W
23707,61984,85130,23146,E
19512,55898,85130,29232,W
23710,61989,85135,23146,E
19516,55902,85135,29233,W
31867,85087,85140,53,N
31599,82881,85140,2259,S
31602,82920,85145,2225,S
31874,85147,85150,3,N
31608,82959,85150,2191,S
31613,82998,85155,2157,S
31616,83037,85160,2123,S
31622,83076,85165,2089,S
31627,83115,85170,2055,S
31631,83154,85175,2021,S
31636,83193,85180,1987,S
31641,83232,85185,1953,S
31646,83271,85190,1919,S
31650,83310,85195,1885,S
23713,61994,85200,23206,E
19518,55906,85200,29294,W
23718,61999,85205,23206,E
19521,55910,85205,29295,W
23720,62004,85210,23206,E
19524,55914,85210,29296,W
23724,62009,85215,23206,E
19526,55918,85215,29297,W
23727,62014,85220,23206,E
19529,55922,85220,29298,W
23731,62019,85225,23206,E
19532,55926,85225,29299,W
23734,62024,85230,23206,E
19535,55930,85230,29300,W
23737,62029,85235,23206,E
19538,55934,85235,29301,W
23741,62034,85240,23206,E
19540,55938,85240,29302,W
23744,62039,85245,23206,E
19542,55942,85245,29303,W
23748,62044,85250,23206,E
19546,55946,85250,29304,W
23751,62049,85255,23206,E
19549,55950,85255,29305,W
31881,85207,85260,53,N
31655,83349,85260,1911,S
31660,83388,85265,1877,S
31888,85267,85270,3,N
31664,83427,85270,1843,S
31669,83466,85275,1809,S
31674,83505,85280,1775,S
31678,83544,85285,1741,S
31683,83583,85290,1707,S
31688,83622,85295,1673,S
31694,83661,85300,1639,S
31697,83700,85305,1605,S
31702,83739,85310,1571,S
31708,83778,85315,1537,S
23755,62054,85320,23266,E
19551,55954,85320,29366,W
23758,62059,85325,23266,E
19554,55958,85325,29367,W
23762,62064,85330,23266,E
19556,55962,85330,29368,W
23765,62069,85335,23266,E
19559,55966,85335,29369,W
23767,62074,85340,23266,E
19562,55970,85340,29370,W
23772,62079,85345,23266,E
19565,55974,85345,29371,W
23775,62084,85350,23266,E
19568,55978,85350,29372,W
23779,62089,85355,23266,E
19570,55982,85355,29373,W
23781,62094,85360,23266,E
19573,55986,85360,29374,W
23786,62099,85365,23266,E
19576,55990,85365,29375,W
23789,62104,85370,23266,E
19579,55994,85370,29376,W
23792,62109,85375,23266,E
19580,55998,85375,29377,W
31895,85327,85380,53,N
31711,83817,85380,1563,S
31717,83856,85385,1529,S
31903,85387,85390,3,N
31722,83895,85390,1495,S
31725,83934,85395,1461,S
31731,83973,85400,1427,S
31736,84012,85405,1393,S
31741,84051,85410,1359,S
31745,84090,85415,1325,S
31750,84129,85420,1291,S
31755,84168,85425,1257,S
31759,84207,85430,1223,S
31763,84246,85435,1189,S
23795,62114,85440,23326,E
19584,56002,85440,29438,W
23800,62119,85445,23326,E
19587,56006,85445,29439,W
23803,62124,85450,23326,E
19589,56010,85450,29440,W
23805,62129,85455,23326,E
19593,56014,85455,29441,W
23809,62134,85460,23326,E
19594,56018,85460,29442,W
23813,62139,85465,23326,E
19598,56022,85465,29443,W
23816,62144,85470,23326,E
19600,56026,85470,29444,W
23819,62149,85475,23326,E
19603,56030,85475,29445,W
23823,62154,85480,23326,E
19607,56034,85480,29446,W
23827,62159,85485,23326,E
19608,56038,85485,29447,W
23830,62164,85490,23326,E
19611,56042,85490,29448,W
23833,62169,85495,23326,E
19614,56046,85495,29449,W
31909,85447,85500,53,N
31769,84285,85500,1215,S
31773,84324,85505,1181,S
31918,85507,85510,3,N
31778,84363,85510,1147,S
31783,84402,85515,1113,S
31787,84441,85520,1079,S
31792,84480,85525,1045,S
31797,84519,85530,1011,S
31803,84558,85535,977,S
31806,84597,85540,943,S
31811,84636,85545,909,S
31817,84675,85550,875,S
31820,84714,85555,841,S
23837,62174,85560,23386,E
19617,56050,85560,29510,W
23840,62179,85565,23386,E
19619,56054,85565,29511,W
23843,62184,85570,23386,E
19622,56058,85570,29512,W
23847,62189,85575,23386,E
19625,56062,85575,29513,W
23850,62194,85580,23386,E
19628,56066,85580,29514,W
23854,62199,85585,23386,E
19631,56070,85585,29515,W
23857,62204,85590,23386,E
19633,56074,85590,29516,W
23861,62209,85595,23386,E
19636,56078,85595,29517,W
23863,62214,85600,23386,E
19638,56082,85600,29518,W
23868,62219,85605,23386,E
19641,56086,85605,29519,W
23871,62224,85610,23386,E
19645,56090,85610,29520,W
23875,62229,85615,23386,E
19647,56094,85615,29521,W
31924,85567,85620,53,N
31826,84753,85620,867,S
31831,84792,85625,833,S
31932,85627,85630,3,N
31834,84831,85630,799,S
31840,84870,85635,765,S
31845,84909,85640,731,S
31850,84948,85645,697,S
31854,84987,85650,663,S
31858,85026,85655,629,S
31864,85065,85660,595,S
31868,85104,85665,561,S
31873,85143,85670,527,S
31878,85182,85675,493,S
23877,62234,85680,23446,E
19649,56098,85680,29582,W
23881,62239,85685,23446,E
19652,56102,85685,29583,W
23885,62244,85690,23446,E
19655,56106,85690,29584,W
23887,62249,85695,23446,E
19658,56110,85695,29585,W
23891,62254,85700,23446,E
19661,56114,85700,29586,W
23895,62259,85705,23446,E
19663,56118,85705,29587,W
23899,62264,85710,23446,E
19666,56122,85710,29588,W
23901,62269,85715,23446,E
19669,56126,85715,29589,W
23905,62274,85720,23446,E
19671,56130,85720,29590,W
23909,62279,85725,23446,E
19675,56134,85725,29591,W
23912,62284,85730,23446,E
19676,56138,85730,29592,W
23915,62289,85735,23446,E
19679,56142,85735,29593,W
31939,85687,85740,53,N
31882,85221,85740,519,S
31887,85260,85745,485,S
31946,85747,85750,3,N
31892,85299,85750,451,S
31896,85338,85755,417,S
31901,85377,85760,383,S
31906,85416,85765,349,S
31912,85455,85770,315,S
31915,85494,85775,281,S
31920,85533,85780,247,S
31926,85572,85785,213,S
31929,85611,85790,179,S
31935,85650,85795,145,S
23918,62294,85800,23506,E
19683,56146,85800,29654,W
23923,62299,85805,23506,E
19685,56150,85805,29655,W
23925,62304,85810,23506,E
19689,56154,85810,29656,W
23929,62309,85815,23506,E
19690,56158,85815,29657,W
23932,62314,85820,23506,E
19693,56162,85820,29658,W
23936,62319,85825,23506,E
19696,56166,85825,29659,W
23939,62324,85830,23506,E
19699,56170,85830,29660,W
23943,62329,85835,23506,E
19702,56174,85835,29661,W
23946,62334,85840,23506,E
19704,56178,85840,29662,W
23950,62339,85845,23506,E
19707,56182,85845,29663,W
23953,62344,85850,23506,E
19709,56186,85850,29664,W
23956,62349,85855,23506,E
19713,56190,85855,29665,W
31954,85807,85860,53,N
31940,85689,85860,171,S
31943,85728,85865,137,S
31960,85867,85870,3,N
31949,85767,85870,103,S
31953,85806,85875,69,S
31959,85845,85880,35,S
31963,85884,85885,1,S
23959,62354,85920,23566,E
19715,56194,85920,29726,W
23963,62359,85925,23566,E
19718,56198,85925,29727,W
23967,62364,85930,23566,E
19721,56202,85930,29728,W
23970,62369,85935,23566,E
19723,56206,85935,29729,W
23973,62374,85940,23566,E
19727,56210,85940,29730,W
23977,62379,85945,23566,E
19729,56214,85945,29731,W
23981,62384,85950,23566,E
19731,56218,85950,29732,W
23983,62389,85955,23566,E
19734,56222,85955,29733,W
23987,62394,85960,23566,E
19737,56226,85960,29734,W
23991,62399,85965,23566,E
19740,56230,85965,29735,W
23994,62404,85970,23566,E
19743,56234,85970,29736,W
23997,62409,85975,23566,E
19745,56238,85975,29737,W
31969,85927,85980,53,N
31967,85923,85980,57,S
31973,85962,85985,23,S
31976,85987,85990,3,N
31977,86001,86005,4,S
24000,62414,86040,23626,E
19748,56242,86040,29798,W
24005,62419,86045,23626,E
19751,56246,86045,29799,W
24007,62424,86050,23626,E
19753,56250,86050,29800,W
24011,62429,86055,23626,E
19757,56254,86055,29801,W
24014,62434,86060,23626,E
19759,56258,86060,29802,W
24019,62439,86065,23626,E
19761,56262,86065,29803,W
24021,62444,86070,23626,E
19765,56266,86070,29804,W
24025,62449,86075,23626,E
19767,56270,86075,29805,W
24028,62454,86080,23626,E
19770,56274,86080,29806,W
24031,62459,86085,23626,E
19772,56278,86085,29807,W
24035,62464,86090,23626,E
19775,56282,86090,29808,W
24038,62469,86095,23626,E
19779,56286,86095,29809,W
31983,86047,86100,53,N
31982,86040,86100,60,S
31987,86079,86105,26,S
31990,86107,86110,3,N
31991,86118,86120,2,S
24042,62474,86160,23686,E
19781,56290,86160,29870,W
24045,62479,86165,23686,E
19784,56294,86165,29871,W
24049,62484,86170,23686,E
19786,56298,86170,29872,W
24052,62489,86175,23686,E
19789,56302,86175,29873,W
24055,62494,86180,23686,E
19791,56306,86180,29874,W
24059,62499,86185,23686,E
19795,56310,86185,29875,W
24063,62504,86190,23686,E
19798,56314,86190,29876,W
24066,62509,86195,23686,E
19799,56318,86195,29877,W
24068,62514,86200,23686,E
19803,56322,86200,29878,W
24073,62519,86205,23686,E
19805,56326,86205,29879,W
24076,62524,86210,23686,E
19809,56330,86210,29880,W
24079,62529,86215,23686,E
19811,56334,86215,29881,W
31998,86167,86220,53,N
31996,86157,86220,63,S
32001,86196,86225,29,S
32004,86227,86230,3,N
32006,86235,86235,0,S
32010,86274,86275,1,S
24082,62534,86280,23746,E
19813,56338,86280,29942,W
24087,62539,86285,23746,E
19817,56342,86285,29943,W
24090,62544,86290,23746,E
19819,56346,86290,29944,W
24093,62549,86295,23746,E
19822,56350,86295,29945,W
24096,62554,86300,23746,E
19825,56354,86300,29946,W
24101,62559,86305,23746,E
19827,56358,86305,29947,W
24103,62564,86310,23746,E
19829,56362,86310,29948,W
24106,62569,86315,23746,E
19833,56366,86315,29949,W
24110,62574,86320,23746,E
19836,56370,86320,29950,W
24114,62579,86325,23746,E
19839,56374,86325,29951,W
24117,62584,86330,23746,E
19841,56378,86330,29952,W
24120,62589,86335,23746,E
19843,56382,86335,29953,W
32012,86287,86340,53,N
32015,86313,86340,27,S
32019,86347,86350,3,N
32021,86352,86355,3,S
32024,86391,86395,4,S
