Car_Number,Arrive,Depart,Wait,Direction
3,0,0,0,E
4,0,0,0,W
5,39,40,1,W
6,48,48,0,E
1,0,60,60,N
2,0,60,60,S
7,66,66,0,S
10,102,102,0,N
9,96,106,10,E
8,78,106,28,W
11,117,118,1,W
13,144,144,0,E
14,156,156,0,W
12,132,166,34,S
17,198,198,0,S
18,204,204,0,N
15,192,210,18,E
16,195,210,15,W
19,234,234,0,W
20,240,240,0,E
21,264,270,6,S
24,306,306,0,N
23,288,316,28,E
22,273,316,43,W
25,312,316,4,W
27,336,336,0,E
28,351,352,1,W
26,330,376,46,S
31,396,396,0,S
32,408,408,0,N
29,384,420,36,E
30,390,420,30,W
33,429,430,1,W
34,432,432,0,E
36,468,468,0,W
35,462,480,18,S
39,510,510,0,N
37,480,526,46,E
38,507,526,19,W
41,528,528,0,E
42,546,546,0,W
43,576,576,0,E
40,528,586,58,S
45,594,594,0,S
46,612,612,0,N
47,624,630,6,E
44,585,630,45,W
48,624,630,6,W
50,663,664,1,W
51,672,672,0,E
49,660,690,30,S
53,714,714,0,N
55,726,726,0,S
54,720,736,16,E
52,702,736,34,W
56,741,742,1,W
57,768,768,0,E
58,780,780,0,W
59,792,796,4,S
60,816,816,0,N
61,816,840,24,E
62,819,840,21,W
64,858,858,0,W
65,864,864,0,E
66,897,898,1,W
63,858,900,42,S
68,918,918,0,N
69,924,924,0,S
67,912,946,34,E
70,936,946,10,W
71,960,960,0,E
72,975,976,1,W
73,990,1006,16,S
76,1020,1020,0,N
74,1008,1050,42,E
75,1014,1050,36,W
77,1053,1054,1,W
79,1056,1056,0,E
80,1092,1092,0,W
81,1104,1104,0,E
78,1056,1110,54,S
82,1122,1122,0,N
83,1122,1122,0,S
85,1152,1156,4,E
84,1131,1156,25,W
86,1170,1170,0,W
88,1200,1200,0,E
89,1209,1210,1,W
87,1188,1216,28,S
90,1224,1224,0,N
93,1254,1254,0,S
91,1248,1260,12,E
92,1248,1260,12,W
94,1287,1288,1,W
95,1296,1296,0,E
96,1320,1320,0,S
97,1326,1326,0,N
99,1344,1366,22,E
98,1326,1366,40,W
100,1365,1366,1,W
102,1392,1392,0,E
103,1404,1404,0,W
101,1386,1426,40,S
104,1428,1428,0,N
107,1452,1452,0,S
105,1440,1470,30,E
106,1443,1470,27,W
108,1482,1482,0,W
109,1488,1488,0,E
111,1521,1522,1,W
112,1530,1530,0,N
110,1518,1530,12,S
113,1536,1576,40,E
114,1560,1576,16,W
116,1584,1584,0,E
117,1599,1600,1,W
119,1632,1632,0,E
118,1632,1636,4,N
115,1584,1636,52,S
121,1650,1650,0,S
123,1680,1680,0,E
120,1638,1680,42,W
122,1677,1680,3,W
125,1716,1716,0,W
126,1728,1728,0,E
127,1734,1740,6,N
124,1716,1740,24,S
130,1782,1782,0,S
129,1776,1786,10,E
128,1755,1786,31,W
131,1794,1794,0,W
132,1824,1824,0,E
133,1833,1834,1,W
134,1836,1846,10,N
135,1848,1848,0,S
136,1872,1890,18,E
137,1872,1890,18,W
138,1911,1912,1,W
140,1920,1920,0,E
141,1938,1950,12,N
139,1914,1950,36,S
144,1980,1980,0,S
143,1968,1996,28,E
142,1950,1996,46,W
145,1989,1996,7,W
146,2016,2016,0,E
147,2028,2028,0,W
148,2040,2056,16,N
149,2046,2056,10,S
150,2064,2100,36,E
151,2067,2100,33,W
152,2106,2106,0,W
154,2112,2112,0,E
156,2145,2146,1,W
155,2142,2160,18,N
153,2112,2160,48,S
158,2178,2178,0,S
157,2160,2206,46,E
159,2184,2206,22,W
160,2208,2208,0,E
161,2223,2224,1,W
164,2256,2256,0,E
165,2262,2262,0,W
162,2244,2266,22,N
163,2244,2266,22,S
167,2304,2310,6,E
166,2301,2310,9,W
169,2340,2340,0,W
171,2352,2352,0,E
170,2346,2370,24,N
168,2310,2370,60,S
172,2376,2376,0,S
174,2400,2416,16,E
173,2379,2416,37,W
175,2418,2418,0,W
178,2448,2448,0,E
179,2457,2458,1,W
177,2448,2476,28,N
176,2442,2476,34,S
182,2508,2508,0,S
180,2496,2520,24,E
181,2496,2520,24,W
183,2535,2536,1,W
184,2544,2544,0,E
187,2574,2574,0,W
185,2550,2580,30,N
186,2574,2580,6,S
188,2592,2626,34,E
189,2613,2626,13,W
191,2640,2640,0,E
193,2652,2652,0,W
192,2652,2686,34,N
190,2640,2686,46,S
196,2706,2706,0,S
194,2688,2730,42,E
195,2691,2730,39,W
197,2730,2730,0,W
198,2736,2736,0,E
200,2769,2770,1,W
202,2784,2784,0,E
199,2754,2790,36,N
201,2772,2790,18,S
204,2832,2836,4,E
203,2808,2836,28,W
206,2847,2848,1,W
208,2880,2880,0,E
209,2886,2886,0,W
207,2856,2896,40,N
205,2838,2896,58,S
210,2904,2904,0,S
212,2928,2940,12,E
211,2925,2940,15,W
214,2964,2964,0,W
216,2976,2976,0,E
213,2958,3000,42,N
215,2970,3000,30,S
219,3036,3036,0,S
218,3024,3046,22,E
217,3003,3046,43,W
220,3042,3046,4,W
222,3072,3072,0,E
223,3081,3082,1,W
221,3060,3106,46,N
224,3102,3106,4,S
225,3120,3150,30,E
226,3120,3150,30,W
227,3159,3160,1,W
230,3168,3168,0,E
231,3198,3198,0,W
228,3162,3210,48,N
229,3168,3210,42,S
233,3234,3234,0,S
232,3216,3256,40,E
234,3237,3256,19,W
236,3264,3264,0,E
237,3276,3276,0,W
239,3312,3312,0,E
235,3264,3316,52,N
238,3300,3316,16,S
242,3360,3360,0,E
240,3315,3360,45,W
241,3354,3360,6,W
245,3393,3394,1,W
246,3408,3408,0,E
243,3366,3420,54,N
244,3366,3420,54,S
247,3432,3432,0,S
249,3456,3466,10,E
248,3432,3466,34,W
251,3471,3472,1,W
253,3504,3504,0,E
254,3510,3510,0,W
250,3468,3526,58,N
252,3498,3526,28,S
257,3564,3564,0,S
256,3552,3570,18,E
255,3549,3570,21,W
259,3588,3588,0,W
260,3600,3600,0,E
261,3627,3628,1,W
258,3570,3630,60,N
262,3630,3630,0,S
263,3672,3672,0,N
264,3674,3676,2,E
265,3687,3688,1,W
266,3732,3736,4,S
268,3748,3780,32,E
267,3747,3780,33,W
269,3807,3808,1,W
270,3822,3822,0,E
271,3830,3840,10,N
272,3834,3840,6,S
273,3867,3886,19,W
274,3896,3896,0,E
275,3927,3928,1,W
276,3936,3946,10,S
279,3988,3988,0,N
277,3970,3990,20,E
278,3987,3990,3,W
281,4044,4044,0,E
282,4047,4048,1,W
280,4038,4050,12,S
283,4107,4108,1,W
284,4118,4118,0,E
286,4146,4156,10,N
285,4140,4156,16,S
288,4192,4200,8,E
287,4167,4200,33,W
289,4227,4228,1,W
290,4242,4260,18,S
293,4304,4304,0,N
291,4266,4306,40,E
292,4287,4306,19,W
294,4340,4340,0,E
296,4347,4348,1,W
295,4344,4366,22,S
297,4407,4410,3,W
298,4414,4414,0,E
301,4467,4468,1,W
300,4462,4470,8,N
299,4446,4470,24,S
302,4488,4516,28,E
303,4527,4528,1,W
305,4562,4562,0,E
304,4548,4576,28,S
306,4587,4620,33,W
308,4636,4636,0,E
309,4647,4648,1,W
307,4620,4680,60,N
310,4650,4680,30,S
312,4710,4726,16,E
311,4707,4726,19,W
314,4767,4768,1,W
316,4784,4784,0,E
315,4778,4786,8,N
313,4752,4786,34,S
317,4827,4830,3,W
319,4858,4858,0,E
320,4887,4888,1,W
318,4854,4890,36,S
321,4932,4936,4,E
323,4947,4948,1,W
322,4936,4996,60,N
324,4956,4996,40,S
325,5006,5040,34,E
326,5007,5040,33,W
328,5067,5068,1,W
329,5080,5080,0,E
330,5094,5100,6,N
327,5058,5100,42,S
331,5127,5146,19,W
332,5154,5154,0,E
334,5187,5188,1,W
333,5160,5206,46,S
335,5228,5250,22,E
336,5247,5250,3,W
339,5302,5302,0,E
340,5307,5308,1,W
337,5252,5310,58,N
338,5262,5310,48,S
342,5367,5368,1,W
343,5376,5376,0,E
344,5410,5416,6,N
341,5364,5416,52,S
346,5450,5460,10,E
345,5427,5460,33,W
348,5487,5488,1,W
347,5466,5520,54,S
349,5524,5566,42,E
350,5547,5566,19,W
353,5598,5598,0,E
354,5607,5608,1,W
351,5568,5626,58,N
352,5568,5626,58,S
355,5667,5670,3,W
357,5672,5672,0,E
359,5727,5728,1,W
358,5726,5730,4,N
356,5670,5730,60,S
361,5772,5772,0,S
360,5746,5776,30,E
362,5787,5788,1,W
363,5820,5820,0,E
365,5874,5874,0,S
364,5847,5880,33,W
367,5894,5894,0,E
368,5907,5908,1,W
366,5884,5940,56,N
371,5976,5976,0,S
370,5968,5986,18,E
369,5967,5986,19,W
372,6027,6028,1,W
374,6042,6042,0,E
373,6042,6046,4,N
375,6078,6078,0,S
376,6087,6090,3,W
377,6116,6116,0,E
378,6147,6148,1,W
379,6180,6180,0,S
380,6190,6196,6,E
382,6207,6208,1,W
381,6200,6256,56,N
385,6282,6282,0,S
383,6264,6300,36,E
384,6267,6300,33,W
386,6327,6328,1,W
387,6338,6338,0,E
388,6358,6360,2,N
389,6384,6384,0,S
390,6387,6406,19,W
391,6412,6412,0,E
392,6447,6448,1,W
393,6486,6486,0,S
394,6486,6510,24,E
395,6507,6510,3,W
397,6560,6560,0,E
398,6567,6568,1,W
396,6516,6570,54,N
399,6588,6588,0,S
400,6627,6628,1,W
401,6634,6634,0,E
402,6674,6676,2,N
404,6690,6690,0,S
405,6708,6720,12,E
403,6687,6720,33,W
406,6747,6748,1,W
408,6792,6792,0,S
407,6782,6826,44,E
409,6807,6826,19,W
411,6856,6856,0,E
412,6867,6868,1,W
410,6832,6886,54,N
413,6894,6894,0,S
415,6930,6930,0,E
414,6927,6930,3,W
416,6987,6988,1,W
417,6990,6990,0,N
418,6996,6996,0,S
419,7004,7036,32,E
420,7047,7048,1,W
421,7078,7078,0,E
422,7098,7098,0,S
423,7107,7140,33,W
425,7152,7152,0,E
426,7167,7168,1,W
424,7148,7200,52,N
427,7200,7200,0,S
428,7226,7246,20,E
429,7227,7246,19,W
430,7294,7294,0,W
431,7306,7306,0,N
433,7313,7314,1,S
432,7308,7350,42,E
434,7361,7362,1,W
435,7390,7390,0,E
436,7426,7426,0,S
437,7428,7456,28,W
438,7472,7472,0,E
440,7495,7496,1,W
439,7481,7516,35,N
441,7539,7540,1,S
442,7554,7560,6,E
443,7562,7562,0,W
446,7652,7652,0,S
447,7656,7656,0,N
445,7636,7666,30,E
444,7629,7666,37,W
448,7696,7696,0,W
449,7718,7718,0,E
451,7765,7766,1,S
450,7763,7770,7,W
452,7800,7800,0,E
454,7831,7832,1,N
453,7830,7876,46,W
456,7882,7882,0,E
457,7897,7898,1,W
455,7878,7936,58,S
458,7964,7980,16,E
459,7964,7980,16,W
462,8031,8032,1,W
461,8006,8040,34,N
460,7991,8040,49,S
463,8046,8086,40,E
464,8098,8098,0,W
466,8128,8128,0,E
465,8104,8146,42,S
468,8181,8182,1,N
467,8165,8190,25,W
469,8210,8210,0,E
471,8232,8232,0,W
470,8217,8250,33,S
472,8292,8296,4,E
473,8299,8300,1,W
475,8356,8356,0,N
474,8330,8356,26,S
477,8374,8400,26,E
476,8366,8400,34,W
478,8433,8434,1,W
480,8456,8456,0,E
479,8443,8460,17,S
481,8500,8506,6,W
483,8538,8538,0,E
482,8531,8566,35,N
484,8556,8566,10,S
485,8567,8610,43,W
486,8620,8620,0,E
487,8634,8634,0,W
488,8669,8670,1,S
491,8706,8706,0,N
490,8702,8716,14,E
489,8701,8716,15,W
492,8768,8768,0,W
493,8782,8782,0,S
494,8784,8820,36,E
495,8835,8836,1,W
496,8866,8866,0,E
497,8881,8882,1,N
498,8895,8896,1,S
499,8902,8926,24,W
500,8948,8948,0,E
501,8969,8970,1,W
502,9008,9008,0,S
503,9030,9030,0,E
504,9036,9036,0,W
505,9056,9090,34,N
508,9121,9122,1,S
507,9112,9136,24,E
506,9103,9136,33,W
509,9170,9170,0,W
510,9194,9194,0,E
511,9231,9232,1,N
512,9234,9234,0,S
513,9237,9240,3,W
514,9276,9276,0,E
515,9304,9346,42,W
517,9358,9358,0,E
518,9371,9372,1,W
519,9406,9406,0,N
516,9347,9406,59,S
521,9440,9450,10,E
520,9438,9450,12,W
523,9505,9506,1,W
522,9460,9510,50,S
524,9522,9556,34,E
525,9572,9572,0,W
528,9604,9604,0,E
527,9581,9616,35,N
526,9573,9616,43,S
529,9639,9660,21,W
531,9686,9686,0,E
532,9706,9706,0,W
530,9686,9720,34,S
533,9756,9756,0,N
534,9768,9768,0,E
535,9773,9774,1,W
536,9799,9826,27,S
538,9850,9870,20,E
537,9840,9870,30,W
539,9907,9908,1,W
540,9912,9930,18,S
541,9931,9932,1,N
542,9932,9976,44,E
543,9974,9976,2,W
544,10014,10014,0,E
545,10025,10036,11,S
546,10041,10080,39,W
547,10096,10096,0,E
549,10108,10108,0,W
548,10106,10140,34,N
550,10138,10140,2,S
552,10178,10186,8,E
551,10175,10186,11,W
553,10242,10242,0,W
554,10251,10252,1,S
556,10281,10282,1,N
555,10260,10290,30,E
557,10309,10310,1,W
558,10342,10342,0,E
559,10364,10364,0,S
560,10376,10396,20,W
561,10424,10424,0,E
562,10443,10444,1,W
563,10456,10456,0,N
564,10477,10478,1,S
565,10506,10506,0,E
566,10510,10510,0,W
569,10590,10590,0,S
568,10588,10606,18,E
567,10577,10606,29,W
571,10644,10644,0,W
570,10631,10666,35,N
573,10703,10704,1,S
572,10670,10710,40,E
574,10711,10712,1,W
575,10752,10752,0,E
577,10806,10806,0,N
576,10778,10816,38,W
579,10834,10834,0,E
580,10845,10846,1,W
578,10816,10876,60,S
583,10909,10910,1,S
582,10902,10920,18,E
581,10900,10920,20,W
585,10955,10956,1,W
586,10970,10970,0,E
584,10950,10980,30,N
587,11002,11002,0,S
588,11010,11026,16,W
589,11038,11038,0,E
590,11065,11066,1,W
591,11094,11094,0,N
592,11095,11096,1,S
593,11106,11130,24,E
594,11120,11130,10,W
595,11174,11174,0,E
596,11175,11176,1,W
597,11188,11190,2,S
598,11230,11236,6,W
600,11242,11242,0,E
602,11285,11286,1,W
599,11238,11296,58,N
601,11281,11296,15,S
603,11310,11340,30,E
604,11340,11340,0,W
606,11378,11378,0,E
608,11395,11396,1,W
607,11382,11400,18,N
605,11374,11400,26,S
609,11446,11446,0,E
610,11450,11450,0,W
611,11467,11506,39,S
614,11526,11526,0,N
613,11514,11550,36,E
612,11505,11550,45,W
616,11560,11560,0,W
617,11582,11582,0,E
615,11560,11610,50,S
620,11653,11654,1,S
619,11650,11656,6,E
618,11615,11656,41,W
622,11670,11670,0,W
621,11670,11716,46,N
625,11746,11746,0,S
623,11718,11760,42,E
624,11725,11760,35,W
626,11780,11780,0,W
627,11786,11786,0,E
628,11814,11820,6,N
630,11839,11840,1,S
631,11854,11866,12,E
629,11835,11866,31,W
632,11890,11890,0,W
633,11922,11922,0,E
634,11932,11932,0,S
636,11958,11958,0,N
635,11945,11970,25,W
637,11990,11990,0,E
638,12000,12000,0,W
639,12025,12030,5,S
641,12058,12076,18,E
640,12055,12076,21,W
643,12110,12110,0,W
645,12126,12126,0,E
642,12102,12136,34,N
644,12118,12136,18,S
646,12165,12180,15,W
647,12194,12194,0,E
649,12220,12220,0,W
648,12211,12240,29,S
650,12246,12246,0,N
651,12262,12286,24,E
652,12275,12286,11,W
654,12330,12330,0,E
655,12330,12330,0,W
653,12304,12346,42,S
656,12385,12390,5,W
659,12398,12398,0,E
660,12440,12440,0,W
657,12390,12450,60,N
658,12397,12450,53,S
662,12490,12490,0,S
661,12466,12496,30,E
663,12495,12496,1,W
665,12534,12534,0,E
666,12550,12550,0,W
664,12534,12556,22,N
667,12583,12584,1,S
668,12602,12602,0,E
669,12605,12606,1,W
672,12676,12676,0,S
673,12678,12678,0,N
671,12670,12706,36,E
670,12660,12706,46,W
674,12715,12716,1,W
675,12738,12738,0,E
676,12769,12770,1,S
678,12806,12810,4,E
677,12770,12810,40,W
680,12825,12826,1,W
679,12822,12870,48,N
681,12862,12870,8,S
682,12874,12916,42,E
683,12880,12916,36,W
684,12935,12936,1,W
685,12942,12942,0,E
687,12966,12976,10,N
686,12955,12976,21,S
689,13010,13020,10,E
688,12990,13020,30,W
690,13045,13046,1,W
692,13078,13078,0,E
691,13048,13080,32,S
694,13110,13110,0,N
693,13100,13126,26,W
696,13146,13146,0,E
697,13155,13156,1,W
695,13141,13186,45,S
699,13214,13230,16,E
698,13210,13230,20,W
702,13265,13266,1,W
703,13282,13282,0,E
701,13254,13290,36,N
700,13234,13290,56,S
705,13327,13328,1,S
704,13320,13336,16,W
706,13350,13350,0,E
707,13375,13376,1,W
708,13398,13398,0,N
710,13420,13420,0,S
709,13418,13440,22,E
711,13430,13440,10,W
713,13486,13486,0,E
712,13485,13486,1,W
714,13513,13514,1,S
716,13542,13542,0,N
715,13540,13546,6,W
717,13554,13554,0,E
718,13595,13596,1,W
719,13606,13606,0,S
720,13622,13650,28,E
721,13650,13650,0,W
723,13690,13690,0,E
725,13705,13706,1,W
722,13686,13710,24,N
724,13699,13710,11,S
726,13758,13758,0,E
727,13760,13760,0,W
728,13792,13816,24,S
731,13830,13830,0,N
730,13826,13860,34,E
729,13815,13860,45,W
732,13870,13870,0,W
734,13894,13894,0,E
733,13885,13920,35,S
736,13962,13966,4,E
735,13925,13966,41,W
739,13980,13980,0,W
737,13974,14026,52,N
738,13978,14026,48,S
740,14030,14070,40,E
741,14035,14070,35,W
743,14090,14090,0,W
744,14098,14098,0,E
745,14118,14130,12,N
742,14071,14130,59,S
747,14164,14164,0,S
748,14166,14176,10,E
746,14145,14176,31,W
749,14200,14200,0,W
750,14234,14234,0,E
752,14257,14258,1,S
753,14262,14262,0,N
751,14255,14280,25,W
754,14302,14302,0,E
755,14310,14310,0,W
756,14350,14350,0,S
758,14370,14386,16,E
757,14365,14386,21,W
760,14420,14420,0,W
761,14438,14438,0,E
759,14406,14446,40,N
762,14443,14446,3,S
764,14477,14490,13,E
763,14452,14490,38,W
765,14484,14490,6,W
768,14516,14516,0,E
769,14516,14516,0,W
770,14548,14548,0,W
766,14489,14550,61,N
767,14497,14550,53,S
771,14551,14552,1,S
773,14572,14572,0,N
772,14555,14596,41,E
774,14580,14596,16,W
775,14594,14596,2,E
777,14612,14612,0,W
778,14633,14634,1,E
779,14644,14644,0,W
780,14655,14656,1,N
776,14605,14656,51,S
781,14659,14660,1,S
782,14672,14700,28,E
783,14676,14700,24,W
784,14708,14708,0,W
785,14711,14712,1,E
788,14740,14740,0,W
789,14750,14750,0,E
787,14738,14760,22,N
786,14713,14760,47,S
790,14767,14768,1,S
792,14789,14806,17,E
791,14772,14806,34,W
793,14804,14806,2,W
796,14828,14828,0,E
797,14836,14836,0,W
794,14821,14866,45,N
795,14821,14866,45,S
800,14875,14876,1,S
802,14904,14904,0,N
798,14867,14910,43,E
799,14868,14910,42,W
803,14906,14910,4,E
801,14900,14910,10,W
805,14932,14932,0,W
806,14945,14946,1,E
807,14964,14964,0,W
804,14929,14970,41,S
808,14983,14984,1,S
810,14987,14988,1,N
809,14984,15016,32,E
811,14996,15016,20,W
812,15023,15024,1,E
813,15028,15028,0,W
815,15060,15060,0,W
816,15062,15062,0,E
817,15070,15076,6,N
814,15037,15076,39,S
818,15091,15092,1,S
820,15101,15120,19,E
819,15092,15120,28,W
821,15124,15124,0,W
822,15140,15140,0,E
825,15156,15156,0,W
824,15153,15180,27,N
823,15145,15180,35,S
828,15199,15200,1,S
826,15179,15226,47,E
827,15188,15226,38,W
829,15218,15226,8,E
830,15220,15226,6,W
832,15252,15252,0,W
834,15257,15258,1,E
835,15284,15284,0,W
831,15236,15286,50,N
833,15253,15286,33,S
837,15307,15308,1,S
839,15319,15320,1,N
836,15296,15330,34,E
838,15316,15330,14,W
840,15335,15336,1,E
841,15348,15348,0,W
843,15374,15374,0,E
844,15380,15380,0,W
842,15361,15390,29,S
845,15402,15402,0,N
848,15415,15416,1,S
847,15413,15436,23,E
846,15412,15436,24,W
849,15444,15444,0,W
850,15452,15452,0,E
852,15476,15476,0,W
854,15491,15492,1,E
853,15485,15496,11,N
851,15469,15496,27,S
856,15523,15524,1,S
857,15530,15540,10,E
855,15508,15540,32,W
858,15540,15540,0,W
860,15569,15570,1,E
861,15572,15572,0,W
859,15568,15600,32,N
862,15577,15600,23,S
865,15631,15632,1,S
864,15608,15646,38,E
863,15604,15646,42,W
866,15636,15646,10,W
867,15647,15648,1,E
869,15668,15668,0,W
871,15686,15686,0,E
872,15700,15700,0,W
868,15651,15706,55,N
870,15685,15706,21,S
875,15734,15734,0,N
876,15739,15740,1,S
873,15725,15750,25,E
874,15732,15750,18,W
877,15764,15764,0,E
878,15764,15764,0,W
880,15796,15796,0,W
881,15803,15804,1,E
879,15793,15810,17,S
882,15817,15818,1,N
885,15847,15848,1,S
884,15842,15856,14,E
883,15828,15856,28,W
886,15860,15860,0,W
887,15881,15882,1,E
888,15892,15892,0,W
889,15900,15916,16,N
890,15901,15916,15,S
893,15955,15956,1,S
891,15920,15960,40,E
892,15924,15960,36,W
895,15959,15960,1,E
894,15956,15960,4,W
897,15988,15988,0,W
898,15998,15998,0,E
896,15983,16020,37,N
899,16009,16020,11,S
903,16063,16064,1,S
901,16037,16066,29,E
900,16020,16066,46,W
902,16052,16066,14,W
905,16076,16076,0,E
906,16084,16084,0,W
907,16115,16116,1,E
908,16116,16116,0,W
904,16066,16126,60,N
909,16117,16126,9,S
911,16149,16150,1,N
912,16154,16170,16,E
910,16148,16170,22,W
914,16180,16180,0,W
915,16193,16194,1,E
916,16212,16212,0,W
913,16171,16230,59,S
918,16232,16232,0,N
917,16225,16232,7,S
919,16232,16276,44,E
920,16244,16276,32,W
921,16271,16276,5,E
922,16276,16276,0,W
924,16308,16308,0,W
925,16310,16310,0,E
926,16315,16336,21,N
923,16279,16336,57,S
927,16333,16338,5,S
929,16349,16380,31,E
928,16340,16380,40,W
930,16372,16380,8,W
932,16388,16388,0,E
934,16404,16404,0,W
935,16427,16428,1,E
936,16436,16436,0,W
933,16398,16440,42,N
931,16387,16440,53,S
937,16441,16442,1,S
940,16481,16482,1,N
938,16466,16486,20,E
939,16468,16486,18,W
942,16500,16500,0,W
943,16505,16506,1,E
944,16532,16532,0,W
945,16544,16544,0,E
941,16495,16546,51,S
946,16549,16550,1,S
947,16564,16564,0,N
949,16583,16590,7,E
948,16564,16590,26,W
950,16596,16596,0,W
952,16622,16622,0,E
953,16628,16628,0,W
954,16647,16650,3,N
951,16603,16650,47,S
955,16657,16658,1,S
957,16661,16696,35,E
956,16660,16696,36,W
958,16692,16696,4,W
959,16700,16700,0,E
961,16724,16724,0,W
963,16739,16740,1,E
962,16730,16756,26,N
960,16711,16756,45,S
965,16765,16766,1,S
966,16778,16800,22,E
964,16756,16800,44,W
967,16788,16800,12,W
969,16817,16818,1,E
971,16820,16820,0,W
972,16852,16852,0,W
973,16856,16856,0,E
968,16813,16860,47,N
970,16819,16860,41,S
974,16873,16874,1,S
977,16896,16896,0,N
976,16895,16906,11,E
975,16884,16906,22,W
978,16916,16916,0,W
980,16934,16934,0,E
981,16948,16948,0,W
979,16927,16966,39,S
983,16979,16980,1,N
985,16981,16982,1,S
982,16973,17010,37,E
984,16980,17010,30,W
986,17012,17012,0,E
987,17012,17012,0,W
989,17044,17044,0,W
990,17051,17052,1,E
991,17062,17070,8,N
988,17035,17070,35,S
993,17089,17090,1,S
994,17090,17116,26,E
992,17076,17116,40,W
995,17108,17116,8,W
996,17129,17130,1,E
997,17140,17140,0,W
1000,17168,17168,0,E
1001,17172,17172,0,W
999,17145,17176,31,N
998,17143,17176,33,S
1002,17197,17198,1,S
1004,17207,17220,13,E
1003,17204,17220,16,W
1006,17236,17236,0,W
1007,17246,17246,0,E
1009,17268,17268,0,W
1005,17228,17280,52,N
1008,17251,17280,29,S
1012,17305,17306,1,S
1013,17311,17312,1,N
1010,17285,17326,41,E
1011,17300,17326,26,W
1014,17324,17326,2,E
1015,17332,17332,0,W
1017,17363,17364,1,E
1018,17364,17364,0,W
1016,17359,17386,27,S
1019,17394,17394,0,N
1022,17413,17414,1,S
1021,17402,17430,28,E
1020,17396,17430,34,W
1023,17428,17430,2,W
1024,17441,17442,1,E
1025,17460,17460,0,W
1028,17480,17480,0,E
1027,17477,17490,13,N
1026,17467,17490,23,S
1031,17521,17522,1,S
1030,17519,17536,17,E
1029,17492,17536,44,W
1032,17524,17536,12,W
1033,17556,17556,0,W
1034,17558,17558,0,E
1037,17588,17588,0,W
1035,17560,17596,36,N
1036,17575,17596,21,S
1040,17629,17630,1,S
1038,17597,17640,43,E
1039,17620,17640,20,W
1041,17636,17640,4,E
1043,17652,17652,0,W
1044,17675,17676,1,E
1046,17684,17684,0,W
1042,17643,17700,57,N
1045,17683,17700,17,S
1049,17726,17726,0,N
1050,17737,17738,1,S
1047,17714,17746,32,E
1048,17716,17746,30,W
1051,17748,17748,0,W
1052,17753,17754,1,E
1053,17780,17780,0,W
1055,17792,17792,0,E
1054,17791,17806,15,S
1056,17809,17810,1,N
1060,17845,17846,1,S
1058,17831,17850,19,E
1057,17812,17850,38,W
1059,17844,17850,6,W
1061,17870,17870,0,E
1062,17876,17876,0,W
1065,17908,17908,0,W
1063,17892,17910,18,N
1064,17899,17910,11,S
1069,17953,17954,1,S
1066,17909,17956,47,E
1067,17940,17956,16,W
1068,17948,17956,8,E
1070,17972,17972,0,W
1072,17987,17988,1,E
1073,18004,18004,0,W
1071,17975,18016,41,N
1074,18007,18016,9,S
1077,18030,18030,0,S
1081,18053,18054,1,S
1082,18058,18058,0,N
1076,18026,18060,34,E
1075,18018,18060,42,W
1079,18043,18060,17,E
1078,18032,18060,28,W
1083,18060,18062,2,E
1080,18046,18062,16,W
1084,18060,18062,2,W
1085,18074,18074,0,W
1087,18077,18078,1,E
1088,18088,18088,0,W
1090,18094,18094,0,E
1092,18102,18102,0,W
1093,18111,18112,1,E
1094,18116,18116,0,W
1089,18094,18120,26,N
1086,18076,18120,44,S
1091,18099,18122,23,S
1095,18122,18124,2,S
1097,18130,18130,0,N
1100,18145,18146,1,S
1096,18128,18166,38,E
1098,18130,18166,36,W
1101,18145,18166,21,E
1099,18144,18166,22,W
1103,18162,18168,6,E
1102,18158,18168,10,W
1106,18172,18172,0,W
1107,18179,18180,1,E
1108,18186,18186,0,W
1110,18196,18196,0,E
1111,18200,18200,0,W
1113,18213,18214,1,E
1115,18214,18214,0,W
1104,18166,18226,60,N
1105,18168,18226,58,S
1112,18202,18228,26,N
1109,18191,18228,37,S
1114,18214,18230,16,S
1119,18238,18238,0,N
1118,18237,18238,1,S
1123,18260,18260,0,S
1117,18230,18270,40,E
1116,18228,18270,42,W
1121,18247,18270,23,E
1120,18242,18270,28,W
1124,18264,18272,8,E
1122,18256,18272,16,W
1125,18270,18272,2,W
1127,18281,18282,1,E
1129,18284,18284,0,W
1130,18298,18298,0,E
1131,18298,18298,0,W
1134,18312,18312,0,W
1135,18315,18316,1,E
1136,18326,18326,0,W
1126,18274,18330,56,N
1128,18283,18330,47,S
1133,18310,18332,22,N
1132,18306,18332,26,S
1137,18329,18334,5,S
1140,18346,18346,0,N
1142,18352,18352,0,S
1138,18332,18376,44,E
1139,18340,18376,36,W
1141,18349,18376,27,E
1143,18354,18376,22,W
1144,18366,18378,12,E
1145,18368,18378,10,W
1148,18382,18382,0,W
1149,18383,18384,1,E
1150,18396,18396,0,W
1152,18400,18400,0,E
1153,18410,18410,0,W
1154,18417,18418,1,E
1157,18424,18424,0,W
1158,18434,18434,0,E
1147,18382,18436,54,N
1146,18375,18436,61,S
1155,18418,18438,20,N
1151,18398,18438,40,S
1156,18421,18440,19,S
1160,18444,18444,0,S
1163,18454,18454,0,N
1165,18467,18468,1,S
1161,18451,18480,29,E
1159,18438,18480,42,W
1166,18468,18480,12,E
1162,18452,18480,28,W
1164,18466,18482,16,W
1167,18480,18482,2,W
1168,18485,18486,1,E
1171,18494,18494,0,W
1172,18502,18502,0,E
1173,18508,18508,0,W
1175,18519,18520,1,E
1176,18522,18522,0,W
1179,18536,18536,0,E
1180,18536,18536,0,W
1169,18490,18540,50,N
1170,18490,18540,50,S
1177,18526,18542,16,N
1174,18513,18542,29,S
1178,18536,18544,8,S
1183,18559,18560,1,S
1184,18562,18562,0,N
1188,18582,18582,0,S
1182,18553,18586,33,E
1181,18550,18586,36,W
1186,18570,18586,16,E
1185,18564,18586,22,W
1189,18587,18588,1,E
1187,18578,18588,10,W
1190,18592,18592,0,W
1192,18604,18604,0,E
1194,18606,18606,0,W
1195,18620,18620,0,W
1196,18621,18622,1,E
1199,18634,18634,0,W
1200,18638,18638,0,E
1191,18598,18646,48,N
1193,18605,18646,41,S
1198,18634,18648,14,N
1197,18628,18648,20,S
1202,18651,18652,1,S
1205,18670,18670,0,N
1207,18674,18674,0,S
1203,18655,18690,35,E
1201,18648,18690,42,W
1206,18672,18690,18,E
1204,18662,18690,28,W
1209,18689,18692,3,E
1208,18676,18692,16,W
1210,18690,18692,2,W
1212,18704,18704,0,W
1214,18706,18706,0,E
1215,18718,18718,0,W
1217,18723,18724,1,E
1218,18732,18732,0,W
1219,18740,18740,0,E
1222,18746,18746,0,W
1213,18706,18750,44,N
1211,18697,18750,53,S
1220,18742,18752,10,N
1216,18720,18752,32,S
1221,18743,18754,11,S
1225,18766,18766,0,S
1228,18778,18778,0,N
1230,18789,18790,1,S
1223,18757,18796,39,E
1224,18760,18796,36,W
1226,18774,18796,22,E
1227,18774,18796,22,W
1231,18791,18798,7,E
1229,18788,18798,10,W
1232,18802,18802,0,W
1233,18808,18808,0,E
1236,18816,18816,0,W
1237,18825,18826,1,E
1238,18830,18830,0,W
1240,18842,18842,0,E
1241,18844,18844,0,W
1235,18814,18856,42,N
1234,18812,18856,44,S
1242,18850,18858,8,N
1239,18835,18858,23,S
1243,18858,18860,2,S
1248,18881,18882,1,S
1249,18886,18886,0,N
1245,18859,18900,41,E
1244,18858,18900,42,W
1247,18876,18900,24,E
1246,18872,18900,28,W
1251,18893,18902,9,E
1250,18886,18902,16,W
1252,18900,18902,2,W
1254,18910,18910,0,E
1255,18914,18914,0,W
1258,18927,18928,1,E
1259,18928,18928,0,W
1260,18942,18942,0,W
1261,18944,18944,0,E
1263,18956,18956,0,W
1256,18922,18960,38,N
1253,18904,18960,56,S
1264,18958,18962,4,N
1257,18927,18962,35,S
1262,18950,18964,14,S
1267,18973,18974,1,S
1270,18994,18994,0,N
1272,18996,18996,0,S
1265,18961,19006,45,E
1266,18970,19006,36,W
1268,18978,19006,28,E
1269,18984,19006,22,W
1271,18995,19008,13,E
1273,18998,19008,10,W
1274,19012,19012,0,E
1275,19012,19012,0,W
1277,19026,19026,0,W
1278,19029,19030,1,E
1280,19040,19040,0,W
1282,19046,19046,0,E
1283,19054,19054,0,W
1284,19063,19064,1,E
1279,19030,19066,36,N
1276,19019,19066,47,S
1286,19066,19068,2,N
1281,19042,19068,26,S
1285,19065,19070,5,S
1290,19088,19088,0,S
1293,19102,19102,0,N
1288,19080,19110,30,E
1287,19068,19110,42,W
1292,19097,19110,13,E
1289,19082,19110,28,W
1291,19096,19112,16,W
1294,19110,19112,2,W
1296,19114,19114,0,E
1297,19124,19124,0,W
1298,19131,19132,1,E
1301,19138,19138,0,W
1302,19148,19148,0,E
1303,19152,19152,0,W
1305,19165,19166,1,E
1306,19166,19166,0,W
1300,19138,19170,32,N
1295,19111,19170,59,S
1299,19134,19172,38,S
1307,19174,19174,0,N
1304,19157,19174,17,S
1308,19180,19180,0,S
1313,19203,19204,1,S
1315,19210,19210,0,N
1310,19182,19216,34,E
1309,19180,19216,36,W
1312,19199,19216,17,E
1311,19194,19216,22,W
1316,19216,19218,2,E
1314,19208,19218,10,W
1317,19222,19222,0,W
1319,19233,19234,1,E
1320,19236,19236,0,W
1323,19250,19250,0,E
1324,19250,19250,0,W
1325,19264,19264,0,W
1326,19267,19268,1,E
1321,19246,19276,30,N
1318,19226,19276,50,S
1322,19249,19278,29,S
1327,19272,19280,8,S
1329,19282,19282,0,N
1332,19295,19296,1,S
1335,19318,19318,0,N
1336,19318,19318,0,S
1330,19284,19320,36,E
1328,19278,19320,42,W
1333,19301,19320,19,E
1331,19292,19320,28,W
1337,19318,19322,4,E
1334,19306,19322,16,W
1338,19320,19322,2,W
1339,19334,19334,0,W
1340,19335,19336,1,E
1342,19348,19348,0,W
1343,19352,19352,0,E
1345,19362,19362,0,W
1347,19369,19370,1,E
1348,19376,19376,0,W
1344,19354,19380,26,N
1341,19341,19380,39,S
1346,19364,19382,18,S
1350,19387,19388,1,S
1351,19390,19390,0,N
1355,19410,19410,0,S
1349,19386,19426,40,E
1352,19390,19426,36,W
1353,19403,19426,23,E
1354,19404,19426,22,W
1357,19420,19428,8,E
1356,19418,19428,10,W
1359,19432,19432,0,W
1361,19437,19438,1,E
1362,19446,19446,0,W
1363,19454,19454,0,E
1365,19460,19460,0,W
1367,19471,19472,1,E
1368,19474,19474,0,W
1358,19426,19486,60,N
1360,19433,19486,53,S
1366,19462,19488,26,N
1364,19456,19488,32,S
1369,19479,19490,11,S
1372,19498,19498,0,N
1373,19502,19502,0,S
1378,19525,19526,1,S
1370,19488,19530,42,E
1371,19488,19530,42,W
1375,19505,19530,25,E
1374,19502,19530,28,W
1377,19522,19532,10,E
1376,19516,19532,16,W
1379,19530,19532,2,W
1381,19539,19540,1,E
1382,19544,19544,0,W
1384,19556,19556,0,E
1385,19558,19558,0,W
1388,19572,19572,0,W
1389,19573,19574,1,E
1390,19586,19586,0,W
1380,19534,19590,56,N
1383,19548,19590,42,S
1386,19570,19592,22,N
1387,19571,19592,21,S
1392,19594,19594,0,S
1394,19606,19606,0,N
1397,19617,19618,1,S
1391,19590,19636,46,E
1393,19600,19636,36,W
1395,19607,19636,29,E
1396,19614,19636,22,W
1398,19624,19638,14,E
1399,19628,19638,10,W
1401,19641,19642,1,E
1403,19642,19642,0,W
1404,19656,19656,0,W
1405,19658,19658,0,E
1407,19670,19670,0,W
1408,19675,19676,1,E
1410,19684,19684,0,W
1412,19692,19692,0,E
1402,19642,19696,54,N
1400,19640,19696,56,S
1409,19678,19698,20,N
1406,19663,19698,35,S
1411,19686,19700,14,S
1414,19709,19710,1,S
1417,19714,19714,0,N
1420,19732,19732,0,S
1415,19709,19740,31,E
1413,19698,19740,42,W
1418,19726,19740,14,E
1416,19712,19740,28,W
1419,19726,19742,16,W
1421,19740,19742,2,W
1422,19743,19744,1,E
1424,19754,19754,0,W
1426,19760,19760,0,E
1427,19768,19768,0,W
1428,19777,19778,1,E
1430,19782,19782,0,W
1432,19794,19794,0,E
1433,19796,19796,0,W
1423,19750,19800,50,N
1425,19755,19800,45,S
1431,19786,19802,16,N
1429,19778,19802,24,S
1434,19801,19804,3,S
1437,19822,19822,0,N
1438,19824,19824,0,S
1436,19811,19846,35,E
1435,19810,19846,36,W
1440,19828,19846,18,E
1439,19824,19846,22,W
1442,19845,19848,3,E
1441,19838,19848,10,W
1444,19852,19852,0,W
1446,19862,19862,0,E
1447,19866,19866,0,W
1449,19879,19880,1,E
1450,19880,19880,0,W
1453,19894,19894,0,W
1454,19896,19896,0,E
1445,19858,19906,48,N
1443,19847,19906,59,S
1452,19894,19908,14,N
1448,19870,19908,38,S
1451,19893,19910,17,S
1457,19916,19916,0,S
1459,19930,19930,0,N
1462,19939,19940,1,S
1456,19913,19950,37,E
1455,19908,19950,42,W
1460,19930,19950,20,E
1458,19922,19950,28,W
1463,19947,19952,5,E
1461,19936,19952,16,W
1464,19950,19952,2,W
1466,19964,19964,0,E
1467,19964,19964,0,W
1469,19978,19978,0,W
1470,19981,19982,1,E
1472,19992,19992,0,W
1473,19998,19998,0,E
1475,20006,20006,0,W
1468,19966,20010,44,N
1465,19962,20010,48,S
1474,20002,20012,10,N
1471,19985,20012,27,S
1476,20008,20014,6,S
1479,20031,20032,1,S
1482,20038,20038,0,N
1485,20054,20054,0,S
1477,20015,20056,41,E
1478,20020,20056,36,W
1480,20032,20056,24,E
1481,20034,20056,22,W
1484,20049,20058,9,E
1483,20048,20058,10,W
1486,20062,20062,0,W
1487,20066,20066,0,E
1489,20076,20076,0,W
1491,20083,20084,1,E
1492,20090,20090,0,W
1494,20100,20100,0,E
1495,20104,20104,0,W
1488,20074,20116,42,N
1490,20077,20116,39,S
1496,20110,20118,8,N
1493,20100,20118,18,S
1499,20123,20124,1,S
1502,20146,20146,0,N
1503,20146,20146,0,S
1497,20117,20160,43,E
1498,20118,20160,42,W
1501,20134,20160,26,E
1500,20132,20160,28,W
1505,20151,20162,11,E
1504,20146,20162,16,W
1506,20160,20162,2,W
1507,20168,20168,0,E
1509,20174,20174,0,W
1511,20185,20186,1,E
1512,20188,20188,0,W
1514,20202,20202,0,E
1515,20202,20202,0,W
1517,20216,20216,0,W
1510,20182,20220,38,N
1508,20169,20220,51,S
1518,20218,20222,4,N
1513,20192,20222,30,S
1516,20215,20224,9,S
1522,20238,20238,0,S
1525,20254,20254,0,N
1527,20261,20262,1,S
1519,20219,20266,47,E
1520,20230,20266,36,W
1521,20236,20266,30,E
1523,20244,20266,22,W
1524,20253,20268,15,E
1526,20258,20268,10,W
1528,20270,20270,0,E
1529,20272,20272,0,W
1531,20286,20286,0,W
1532,20287,20288,1,E
1534,20300,20300,0,W
1535,20304,20304,0,E
1537,20314,20314,0,W
1538,20321,20322,1,E
1533,20290,20326,36,N
1530,20284,20326,42,S
1539,20326,20328,2,N
1536,20307,20328,21,S
1541,20330,20330,0,S
1544,20353,20354,1,S
1547,20362,20362,0,N
1542,20338,20370,32,E
1540,20328,20370,42,W
1545,20355,20370,15,E
1543,20342,20370,28,W
1549,20372,20372,0,E
1546,20356,20372,16,W
1548,20370,20372,2,W
1551,20384,20384,0,W
1552,20389,20390,1,E
1554,20398,20398,0,W
1556,20406,20406,0,E
1557,20412,20412,0,W
1559,20423,20424,1,E
1560,20426,20426,0,W
1553,20398,20430,32,N
1550,20376,20430,54,S
1555,20399,20432,33,S
1561,20434,20434,0,N
1558,20422,20434,12,S
1564,20445,20446,1,S
1567,20468,20468,0,S
1569,20470,20470,0,N
1562,20440,20476,36,E
1563,20440,20476,36,W
1566,20457,20476,19,E
1565,20454,20476,22,W
1570,20474,20478,4,E
1568,20468,20478,10,W
1571,20482,20482,0,W
1573,20491,20492,1,E
1574,20496,20496,0,W
1576,20508,20508,0,E
1577,20510,20510,0,W
1579,20524,20524,0,W
1580,20525,20526,1,E
1575,20506,20536,30,N
1572,20491,20536,45,S
1578,20514,20538,24,S
1581,20537,20540,3,S
1583,20542,20542,0,N
1587,20560,20560,0,S
1590,20578,20578,0,N
1584,20542,20580,38,E
1582,20538,20580,42,W
1586,20559,20580,21,E
1585,20552,20580,28,W
1589,20576,20582,6,E
1588,20566,20582,16,W
1591,20580,20582,2,W
1593,20593,20594,1,E
1594,20594,20594,0,W
1596,20608,20608,0,W
1597,20610,20610,0,E
1599,20622,20622,0,W
1600,20627,20628,1,E
1602,20636,20636,0,W
1598,20614,20640,26,N
1592,20583,20640,57,S
1595,20606,20642,36,S
1601,20629,20644,15,S
1604,20650,20650,0,N
1606,20652,20652,0,S
1609,20675,20676,1,S
1603,20644,20686,42,E
1605,20650,20686,36,W
1607,20661,20686,25,E
1608,20664,20686,22,W
1610,20678,20688,10,E
1611,20678,20688,10,W
1613,20692,20692,0,W
1614,20695,20696,1,E
1616,20706,20706,0,W
1617,20712,20712,0,E
1618,20720,20720,0,W
1621,20729,20730,1,E
1622,20734,20734,0,W
1612,20686,20746,60,N
1615,20698,20746,48,S
1620,20722,20748,26,N
1619,20721,20748,27,S
1623,20744,20750,6,S
1626,20758,20758,0,N
1629,20767,20768,1,S
1624,20746,20790,44,E
1625,20748,20790,42,W
1628,20763,20790,27,E
1627,20762,20790,28,W
1631,20780,20792,12,E
1630,20776,20792,16,W
1633,20790,20792,2,W
1635,20797,20798,1,E
1636,20804,20804,0,W
1638,20814,20814,0,E
1639,20818,20818,0,W
1641,20831,20832,1,E
1642,20832,20832,0,W
1644,20846,20846,0,W
1645,20848,20848,0,E
1634,20794,20850,56,N
1632,20790,20850,60,S
1640,20830,20852,22,N
1637,20813,20852,39,S
1643,20836,20854,18,S
1646,20859,20860,1,S
1649,20866,20866,0,N
1651,20882,20882,0,S
1648,20865,20896,31,E
1647,20860,20896,36,W
1652,20882,20896,14,E
1650,20874,20896,22,W
1653,20888,20898,10,W
1654,20899,20900,1,E
1656,20902,20902,0,W
1658,20916,20916,0,E
1659,20916,20916,0,W
1661,20930,20930,0,W
1662,20933,20934,1,E
1664,20944,20944,0,W
1665,20950,20950,0,E
1655,20902,20956,54,N
1657,20905,20956,51,S
1663,20938,20958,20,N
1660,20928,20958,30,S
1666,20951,20960,9,S
1670,20974,20974,0,N
1671,20974,20974,0,S
1674,20997,20998,1,S
1668,20967,21000,33,E
1667,20958,21000,42,W
1672,20984,21000,16,E
1669,20972,21000,28,W
1676,21001,21002,1,E
1673,20986,21002,16,W
1675,21000,21002,2,W
1678,21014,21014,0,W
1679,21018,21018,0,E
1681,21028,21028,0,W
1682,21035,21036,1,E
1683,21042,21042,0,W
1686,21052,21052,0,E
1687,21056,21056,0,W
1677,21010,21060,50,N
1680,21020,21060,40,S
1685,21046,21062,16,N
1684,21043,21062,19,S
1688,21066,21066,0,S
1691,21082,21082,0,N
1694,21089,21090,1,S
1689,21069,21106,37,E
1690,21070,21106,36,W
1693,21086,21106,20,E
1692,21084,21106,22,W
1696,21103,21108,5,E
1695,21098,21108,10,W
1698,21112,21112,0,W
1700,21120,21120,0,E
1701,21126,21126,0,W
1703,21137,21138,1,E
1704,21140,21140,0,W
1706,21154,21154,0,E
1707,21154,21154,0,W
1699,21118,21166,48,N
1697,21112,21166,54,S
1705,21154,21168,14,N
1702,21135,21168,33,S
1708,21158,21170,12,S
1711,21181,21182,1,S
1714,21190,21190,0,N
1716,21204,21204,0,S
1710,21171,21210,39,E
1709,21168,21210,42,W
1713,21188,21210,22,E
1712,21182,21210,28,W
1717,21205,21212,7,E
1715,21196,21212,16,W
1718,21210,21212,2,W
1719,21222,21222,0,E
1720,21224,21224,0,W
1723,21238,21238,0,W
1724,21239,21240,1,E
1726,21252,21252,0,W
1727,21256,21256,0,E
1729,21266,21266,0,W
1721,21226,21270,44,N
1722,21227,21270,43,S
1728,21262,21272,10,N
1725,21250,21272,22,S
1730,21273,21274,1,S
1735,21296,21296,0,S
1736,21298,21298,0,N
1731,21273,21316,43,E
1732,21280,21316,36,W
1733,21290,21316,26,E
1734,21294,21316,22,W
1737,21307,21318,11,E
1738,21308,21318,10,W
1740,21322,21322,0,W
1741,21324,21324,0,E
1743,21336,21336,0,W
1744,21341,21342,1,E
1746,21350,21350,0,W
1747,21358,21358,0,E
1748,21364,21364,0,W
1742,21334,21376,42,N
1739,21319,21376,57,S
1750,21370,21378,8,N
1745,21342,21378,36,S
1749,21365,21380,15,S
1753,21388,21388,0,S
1756,21406,21406,0,N
1759,21411,21412,1,S
1751,21375,21420,45,E
1752,21378,21420,42,W
1754,21392,21420,28,E
1755,21392,21420,28,W
1758,21409,21422,13,E
1757,21406,21422,16,W
1760,21420,21422,2,W
1761,21426,21426,0,E
1763,21434,21434,0,W
1765,21443,21444,1,E
1766,21448,21448,0,W
1768,21460,21460,0,E
1769,21462,21462,0,W
1770,21476,21476,0,W
1771,21477,21478,1,E
1764,21442,21480,38,N
1762,21434,21480,46,S
1772,21478,21482,4,N
1767,21457,21482,25,S
1773,21480,21484,4,S
1776,21503,21504,1,S
1779,21514,21514,0,N
1775,21494,21526,32,E
1774,21490,21526,36,W
1778,21511,21526,15,E
1777,21504,21526,22,W
1782,21528,21528,0,E
1780,21518,21528,10,W
1783,21532,21532,0,W
1784,21545,21546,1,E
1785,21546,21546,0,W
1788,21560,21560,0,W
1789,21562,21562,0,E
1791,21574,21574,0,W
1792,21579,21580,1,E
1787,21550,21586,36,N
1781,21526,21586,60,S
1793,21586,21588,2,N
1786,21549,21588,39,S
1790,21572,21590,18,S
1795,21595,21596,1,S
1801,21618,21618,0,S
1804,21622,21622,0,N
1796,21596,21630,34,E
1794,21588,21630,42,W
1799,21613,21630,17,E
1797,21602,21630,28,W
1803,21621,21632,11,E
1798,21608,21632,24,W
1807,21629,21632,3,E
1800,21614,21632,18,W
1802,21620,21634,14,W
1805,21626,21634,8,W
1808,21632,21636,4,W
1809,21637,21638,1,E
1810,21638,21638,0,W
1813,21644,21644,0,W
1814,21645,21646,1,E
1815,21650,21650,0,W
1817,21653,21654,1,E
1819,21656,21656,0,W
1820,21661,21662,1,E
1822,21662,21662,0,W
1823,21668,21668,0,W
1824,21669,21670,1,E
1827,21674,21674,0,W
1828,21677,21678,1,E
1829,21680,21680,0,W
1831,21685,21686,1,E
1832,21686,21686,0,W
1811,21639,21690,51,N
1806,21629,21690,61,S
1818,21656,21692,36,N
1812,21640,21692,52,S
1825,21673,21694,21,N
1816,21651,21694,43,S
1833,21690,21696,6,N
1821,21662,21696,34,S
1826,21673,21698,25,S
1830,21684,21700,16,S
1836,21695,21702,7,S
1840,21706,21706,0,S
1841,21707,21708,1,N
1845,21717,21718,1,S
1848,21724,21724,0,N
1850,21728,21728,0,S
1835,21693,21736,43,E
1834,21692,21736,44,W
1838,21701,21736,35,E
1837,21698,21736,38,W
1842,21709,21738,29,E
1839,21704,21738,34,W
1846,21717,21738,21,E
1843,21710,21738,28,W
1849,21725,21740,15,E
1844,21716,21740,24,W
1852,21733,21740,7,E
1847,21722,21740,18,W
1857,21741,21742,1,E
1851,21728,21742,14,W
1853,21734,21742,8,W
1855,21740,21744,4,W
1858,21746,21746,0,W
1859,21749,21750,1,E
1861,21752,21752,0,W
1862,21757,21758,1,E
1864,21758,21758,0,W
1866,21764,21764,0,W
1867,21765,21766,1,E
1868,21770,21770,0,W
1870,21773,21774,1,E
1872,21776,21776,0,W
1873,21781,21782,1,E
1874,21782,21782,0,W
1876,21788,21788,0,W
1877,21789,21790,1,E
1880,21794,21794,0,W
1856,21741,21796,55,N
1854,21739,21796,57,S
1863,21758,21798,40,N
1860,21750,21798,48,S
1871,21775,21800,25,N
1865,21761,21800,39,S
1878,21792,21802,10,N
1869,21772,21802,30,S
1875,21783,21804,21,S
1879,21794,21806,12,S
1883,21805,21808,3,S
1886,21809,21810,1,N
1889,21816,21816,0,S
1893,21826,21826,0,N
1894,21827,21828,1,S
1899,21838,21838,0,S
1881,21797,21840,43,E
1882,21800,21840,40,W
1884,21805,21840,35,E
1885,21806,21840,34,W
1888,21813,21842,29,E
1887,21812,21842,30,W
1891,21821,21842,21,E
1890,21818,21842,24,W
1895,21829,21844,15,E
1892,21824,21844,20,W
1898,21837,21844,7,E
1896,21830,21844,14,W
1902,21845,21846,1,E
1897,21836,21846,10,W
1900,21842,21846,4,W
1903,21848,21848,0,W
1905,21853,21854,1,E
1906,21854,21854,0,W
1909,21860,21860,0,W
1910,21861,21862,1,E
1911,21866,21866,0,W
1912,21869,21870,1,E
1914,21872,21872,0,W
1916,21877,21878,1,E
1917,21878,21878,0,W
1919,21884,21884,0,W
1920,21885,21886,1,E
1921,21890,21890,0,W
1923,21893,21894,1,E
1925,21896,21896,0,W
1901,21843,21900,57,N
1904,21849,21900,51,S
1907,21860,21902,42,N
1908,21860,21902,42,S
1915,21877,21904,27,N
1913,21871,21904,33,S
1924,21894,21906,12,N
1918,21882,21906,24,S
1922,21893,21908,15,S
1928,21904,21910,6,S
1931,21911,21912,1,N
1933,21915,21916,1,S
1937,21926,21926,0,S
1939,21928,21928,0,N
1942,21937,21938,1,S
1926,21901,21946,45,E
1927,21902,21946,44,W
1930,21909,21946,37,E
1929,21908,21946,38,W
1934,21917,21948,31,E
1932,21914,21948,34,W
1936,21925,21948,23,E
1935,21920,21948,28,W
1941,21933,21950,17,E
1938,21926,21950,24,W
1944,21941,21950,9,E
1940,21932,21950,18,W
1948,21949,21952,3,E
1943,21938,21952,14,W
1945,21944,21952,8,W
1949,21950,21954,4,W
1950,21956,21956,0,W
1951,21957,21958,1,E
1954,21962,21962,0,W
1955,21965,21966,1,E
1956,21968,21968,0,W
1958,21973,21974,1,E
1959,21974,21974,0,W
1961,21980,21980,0,W
1963,21981,21982,1,E
1964,21986,21986,0,W
1965,21989,21990,1,E
1967,21992,21992,0,W
1969,21997,21998,1,E
1970,21998,21998,0,W
1972,22004,22004,0,W
1946,21945,22006,61,N
1947,21948,22006,58,S
1953,21962,22008,46,N
1952,21959,22008,49,S
1960,21979,22010,31,N
1957,21970,22010,40,S
1968,21996,22012,16,N
1962,21981,22012,31,S
1975,22013,22014,1,N
1966,21992,22014,22,S
1971,22003,22016,13,S
1977,22014,22018,4,S
1981,22025,22026,1,S
1984,22030,22030,0,N
1986,22036,22036,0,S
1991,22047,22048,1,N
1992,22047,22048,1,S
1973,22005,22050,45,E
1974,22010,22050,40,W
1976,22013,22050,37,E
1978,22016,22050,34,W
1979,22021,22052,31,E
1980,22022,22052,30,W
1983,22029,22052,23,E
1982,22028,22052,24,W
1987,22037,22054,17,E
1985,22034,22054,20,W
1989,22045,22054,9,E
1988,22040,22054,14,W
1994,22053,22056,3,E
1990,22046,22056,10,W
1993,22052,22056,4,W
1996,22058,22058,0,W
1997,22061,22062,1,E
1999,22064,22064,0,W
2001,22069,22070,1,E
2002,22070,22070,0,W
2003,22076,22076,0,W
2004,22077,22078,1,E
2007,22082,22082,0,W
2008,22085,22086,1,E
2009,22088,22088,0,W
2011,22093,22094,1,E
2012,22094,22094,0,W
2014,22100,22100,0,W
2015,22101,22102,1,E
2017,22106,22106,0,W
1998,22064,22110,46,N
1995,22058,22110,52,S
2006,22081,22112,31,N
2000,22069,22112,43,S
2013,22098,22114,16,N
2005,22080,22114,34,S
2021,22115,22116,1,N
2010,22091,22116,25,S
2016,22102,22118,16,S
2020,22113,22120,7,S
2024,22124,22124,0,S
2028,22132,22132,0,N
2030,22135,22136,1,S
2034,22146,22146,0,S
2036,22149,22150,1,N
2018,22109,22156,47,E
2019,22112,22156,44,W
2022,22117,22156,39,E
2023,22118,22156,38,W
2026,22125,22158,33,E
2025,22124,22158,34,W
2029,22133,22158,25,E
2027,22130,22158,28,W
2032,22141,22160,19,E
2031,22136,22160,24,W
2037,22149,22160,11,E
2033,22142,22160,18,W
2040,22157,22162,5,E
2035,22148,22162,14,W
2038,22154,22162,8,W
2041,22160,22164,4,W
2042,22165,22166,1,E
2044,22166,22166,0,W
2046,22172,22172,0,W
2047,22173,22174,1,E
2048,22178,22178,0,W
2050,22181,22182,1,E
2052,22184,22184,0,W
2053,22189,22190,1,E
2055,22190,22190,0,W
2056,22196,22196,0,W
2057,22197,22198,1,E
2060,22202,22202,0,W
2061,22205,22206,1,E
2062,22208,22208,0,W
2064,22213,22214,1,E
2065,22214,22214,0,W
2043,22166,22216,50,N
2039,22157,22216,59,S
2051,22183,22218,35,N
2045,22168,22218,50,S
2058,22200,22220,20,N
2049,22179,22220,41,S
2066,22217,22222,5,N
2054,22190,22222,32,S
2059,22201,22224,23,S
2063,22212,22226,14,S
2069,22223,22228,5,S
2073,22234,22234,0,N
2074,22234,22234,0,S
2078,22245,22246,1,S
2081,22251,22252,1,N
2083,22256,22256,0,S
2068,22221,22260,39,E
2067,22220,22260,40,W
2071,22229,22260,31,E
2070,22226,22260,34,W
2075,22237,22262,25,E
2072,22232,22262,30,W
2079,22245,22262,17,E
2076,22238,22262,24,W
2082,22253,22264,11,E
2077,22244,22264,20,W
2085,22261,22264,3,E
2080,22250,22264,14,W
2084,22256,22266,10,W
2086,22262,22266,4,W
2089,22268,22268,0,W
2090,22269,22270,1,E
2091,22274,22274,0,W
2092,22277,22278,1,E
2094,22280,22280,0,W
2096,22285,22286,1,E
2097,22286,22286,0,W
2099,22292,22292,0,W
2100,22293,22294,1,E
2101,22298,22298,0,W
2103,22301,22302,1,E
2105,22304,22304,0,W
2106,22309,22310,1,E
2107,22310,22310,0,W
2109,22316,22316,0,W
2110,22317,22318,1,E
2088,22268,22320,52,N
2087,22267,22320,53,S
2095,22285,22322,37,N
2093,22278,22322,44,S
2104,22302,22324,22,N
2098,22289,22324,35,S
2111,22319,22326,7,N
2102,22300,22326,26,S
2108,22311,22328,17,S
2112,22322,22330,8,S
2116,22333,22334,1,S
2119,22336,22336,0,N
2122,22344,22344,0,S
2126,22353,22354,1,N
2127,22355,22356,1,S
2114,22325,22366,41,E
2113,22322,22366,44,W
2117,22333,22366,33,E
2115,22328,22366,38,W
2121,22341,22368,27,E
2118,22334,22368,34,W
2124,22349,22368,19,E
2120,22340,22368,28,W
2128,22357,22370,13,E
2123,22346,22370,24,W
2131,22365,22370,5,E
2125,22352,22370,18,W
2129,22358,22372,14,W
2130,22364,22372,8,W
2135,22373,22374,1,E
2134,22370,22374,4,W
2136,22376,22376,0,W
2138,22381,22382,1,E
2139,22382,22382,0,W
2142,22388,22388,0,W
2143,22389,22390,1,E
2144,22394,22394,0,W
2145,22397,22398,1,E
2147,22400,22400,0,W
2149,22405,22406,1,E
2150,22406,22406,0,W
2152,22412,22412,0,W
2153,22413,22414,1,E
2154,22418,22418,0,W
2157,22421,22422,1,E
2158,22424,22424,0,W
2133,22370,22426,56,N
2132,22366,22426,60,S
2140,22387,22428,41,N
2137,22377,22428,51,S
2148,22404,22430,26,N
2141,22388,22430,42,S
2155,22421,22432,11,N
2146,22399,22432,33,S
2151,22410,22434,24,S
2156,22421,22436,15,S
2164,22438,22438,0,N
2161,22432,22438,6,S
2166,22443,22444,1,S
2170,22454,22454,0,S
2172,22455,22456,1,N
2175,22465,22466,1,S
2159,22429,22470,41,E
2160,22430,22470,40,W
2163,22437,22470,33,E
2162,22436,22470,34,W
2167,22445,22472,27,E
2165,22442,22472,30,W
2169,22453,22472,19,E
2168,22448,22472,24,W
2174,22461,22474,13,E
2171,22454,22474,20,W
2177,22469,22474,5,E
2173,22460,22474,14,W
2176,22466,22476,10,W
2179,22472,22476,4,W
2181,22477,22478,1,E
2182,22478,22478,0,W
2183,22484,22484,0,W
2184,22485,22486,1,E
2187,22490,22490,0,W
2188,22493,22494,1,E
2189,22496,22496,0,W
2191,22501,22502,1,E
2192,22502,22502,0,W
2194,22508,22508,0,W
2196,22509,22510,1,E
2197,22514,22514,0,W
2198,22517,22518,1,E
2200,22520,22520,0,W
2202,22525,22526,1,E
2203,22526,22526,0,W
2178,22472,22530,58,N
2180,22476,22530,54,S
2186,22489,22532,43,N
2185,22487,22532,45,S
2193,22506,22534,28,N
2190,22498,22534,36,S
2201,22523,22536,13,N
2195,22509,22536,27,S
2199,22520,22538,18,S
2208,22540,22540,0,N
2204,22531,22540,9,S
2210,22542,22542,0,S
2214,22553,22554,1,S
2216,22557,22558,1,N
2219,22564,22564,0,S
2223,22574,22574,0,N
2206,22533,22576,43,E
2205,22532,22576,44,W
2209,22541,22576,35,E
2207,22538,22576,38,W
2212,22549,22578,29,E
2211,22544,22578,34,W
2217,22557,22578,21,E
2213,22550,22578,28,W
2220,22565,22580,15,E
2215,22556,22580,24,W
2222,22573,22580,7,E
2218,22562,22580,18,W
2227,22581,22582,1,E
2221,22568,22582,14,W
2224,22574,22582,8,W
2226,22580,22584,4,W
2229,22586,22586,0,W
2230,22589,22590,1,E
2232,22592,22592,0,W
2234,22597,22598,1,E
2235,22598,22598,0,W
2236,22604,22604,0,W
2237,22605,22606,1,E
2240,22610,22610,0,W
2241,22613,22614,1,E
2242,22616,22616,0,W
2244,22621,22622,1,E
2245,22622,22622,0,W
2247,22628,22628,0,W
2248,22629,22630,1,E
2250,22634,22634,0,W
2231,22591,22636,45,N
2225,22575,22636,61,S
2238,22608,22638,30,N
2228,22586,22638,52,S
2246,22625,22640,15,N
2233,22597,22640,43,S
2254,22642,22642,0,N
2239,22608,22642,34,S
2243,22619,22644,25,S
2249,22630,22646,16,S
2253,22641,22648,7,S
2257,22652,22652,0,S
2261,22659,22660,1,N
2263,22663,22664,1,S
2267,22674,22674,0,S
2268,22676,22676,0,N
2251,22637,22680,43,E
2252,22640,22680,40,W
2255,22645,22680,35,E
2256,22646,22680,34,W
2259,22653,22682,29,E
2258,22652,22682,30,W
2262,22661,22682,21,E
2260,22658,22682,24,W
2265,22669,22684,15,E
2264,22664,22684,20,W
2270,22677,22684,7,E
2266,22670,22684,14,W
2273,22685,22686,1,E
2269,22676,22686,10,W
2271,22682,22686,4,W
2274,22688,22688,0,W
2276,22693,22694,1,E
2277,22694,22694,0,W
2279,22700,22700,0,W
2280,22701,22702,1,E
2281,22706,22706,0,W
2283,22709,22710,1,E
2285,22712,22712,0,W
2286,22717,22718,1,E
2288,22718,22718,0,W
2289,22724,22724,0,W
2290,22725,22726,1,E
2293,22730,22730,0,W
2294,22733,22734,1,E
2295,22736,22736,0,W
2275,22693,22740,47,N
2272,22685,22740,55,S
2284,22710,22742,32,N
2278,22696,22742,46,S
2291,22727,22744,17,N
2282,22707,22744,37,S
2299,22744,22746,2,N
2287,22718,22746,28,S
2292,22729,22748,19,S
2296,22740,22750,10,S
2302,22751,22752,1,S
2306,22761,22762,1,N
2307,22762,22762,0,S
2311,22773,22774,1,S
2313,22778,22778,0,N
2316,22784,22784,0,S
2297,22741,22786,45,E
2298,22742,22786,44,W
2301,22749,22786,37,E
2300,22748,22786,38,W
2304,22757,22788,31,E
2303,22754,22788,34,W
2308,22765,22788,23,E
2305,22760,22788,28,W
2312,22773,22790,17,E
2309,22766,22790,24,W
2315,22781,22790,9,E
2310,22772,22790,18,W
2318,22789,22792,3,E
2314,22778,22792,14,W
2317,22784,22792,8,W
2319,22790,22794,4,W
2322,22796,22796,0,W
2323,22797,22798,1,E
2324,22802,22802,0,W
2325,22805,22806,1,E
2327,22808,22808,0,W
2329,22813,22814,1,E
2330,22814,22814,0,W
2332,22820,22820,0,W
2333,22821,22822,1,E
2334,22826,22826,0,W
2337,22829,22830,1,E
2338,22832,22832,0,W
2339,22837,22838,1,E
2340,22838,22838,0,W
2342,22844,22844,0,W
2320,22795,22846,51,N
2321,22795,22846,51,S
2328,22812,22848,36,N
2326,22806,22848,42,S
2336,22829,22850,21,N
2331,22817,22850,33,S
2344,22846,22852,6,N
2335,22828,22852,24,S
2341,22839,22854,15,S
2345,22850,22856,6,S
2349,22861,22862,1,S
2352,22863,22864,1,N
2355,22872,22872,0,S
2358,22880,22880,0,N
2360,22883,22884,1,S
2343,22845,22890,45,E
2346,22850,22890,40,W
2347,22853,22890,37,E
2348,22856,22890,34,W
2350,22861,22892,31,E
2351,22862,22892,30,W
2354,22869,22892,23,E
2353,22868,22892,24,W
2357,22877,22894,17,E
2356,22874,22894,20,W
2361,22885,22894,9,E
2359,22880,22894,14,W
2364,22893,22896,3,E
2362,22886,22896,10,W
2363,22892,22896,4,W
2367,22898,22898,0,W
2368,22901,22902,1,E
2369,22904,22904,0,W
2371,22909,22910,1,E
2372,22910,22910,0,W
2375,22916,22916,0,W
2376,22917,22918,1,E
2377,22922,22922,0,W
2378,22925,22926,1,E
2380,22928,22928,0,W
2382,22933,22934,1,E
2383,22934,22934,0,W
2385,22940,22940,0,W
2386,22941,22942,1,E
2387,22946,22946,0,W
2366,22897,22950,53,N
2365,22894,22950,56,S
2373,22914,22952,38,N
2370,22905,22952,47,S
2381,22931,22954,23,N
2374,22916,22954,38,S
2388,22948,22956,8,N
2379,22927,22956,29,S
2384,22938,22958,20,S
2389,22949,22960,11,S
2394,22960,22962,2,S
2396,22965,22966,1,N
2399,22971,22972,1,S
2403,22982,22982,0,N
2404,22982,22982,0,S
2408,22993,22994,1,S
2390,22949,22996,47,E
2391,22952,22996,44,W
2392,22957,22996,39,E
2393,22958,22996,38,W
2397,22965,22998,33,E
2395,22964,22998,34,W
2400,22973,22998,25,E
2398,22970,22998,28,W
2402,22981,23000,19,E
2401,22976,23000,24,W
2407,22989,23000,11,E
2405,22982,23000,18,W
2410,22997,23002,5,E
2406,22988,23002,14,W
2409,22994,23002,8,W
2412,23000,23004,4,W
2414,23005,23006,1,E
2415,23006,23006,0,W
2416,23012,23012,0,W
2417,23013,23014,1,E
2420,23018,23018,0,W
2421,23021,23022,1,E
2422,23024,23024,0,W
2424,23029,23030,1,E
2425,23030,23030,0,W
2427,23036,23036,0,W
2429,23037,23038,1,E
2430,23042,23042,0,W
2431,23045,23046,1,E
2433,23048,23048,0,W
2435,23053,23054,1,E
2436,23054,23054,0,W
2411,22999,23056,57,N
2413,23004,23056,52,S
2419,23016,23058,42,N
2418,23015,23058,43,S
2426,23033,23060,27,N
2423,23026,23060,34,S
2434,23050,23062,12,N
2428,23037,23062,25,S
2432,23048,23064,16,S
2437,23059,23066,7,S
2441,23067,23068,1,N
2443,23070,23070,0,S
2447,23081,23082,1,S
2448,23084,23084,0,N
2452,23092,23092,0,S
2439,23061,23100,39,E
2438,23060,23100,40,W
2442,23069,23100,31,E
2440,23066,23100,34,W
2445,23077,23102,25,E
2444,23072,23102,30,W
2450,23085,23102,17,E
2446,23078,23102,24,W
2453,23093,23104,11,E
2449,23084,23104,20,W
2456,23101,23104,3,E
2451,23090,23104,14,W
2454,23096,23106,10,W
2457,23102,23106,4,W
2459,23108,23108,0,W
2460,23109,23110,1,E
2462,23114,23114,0,W
2463,23117,23118,1,E
2465,23120,23120,0,W
2467,23125,23126,1,E
2468,23126,23126,0,W
2469,23132,23132,0,W
2470,23133,23134,1,E
2473,23138,23138,0,W
2474,23141,23142,1,E
2475,23144,23144,0,W
2477,23149,23150,1,E
2478,23150,23150,0,W
2480,23156,23156,0,W
2481,23157,23158,1,E
2455,23101,23160,59,N
2458,23103,23160,57,S
2464,23118,23162,44,N
2461,23114,23162,48,S
2471,23135,23164,29,N
2466,23125,23164,39,S
2479,23152,23166,14,N
2472,23136,23166,30,S
2476,23147,23168,21,S
2486,23169,23170,1,N
2482,23158,23170,12,S
2487,23169,23172,3,S
2490,23180,23180,0,S
2493,23186,23186,0,N
2496,23191,23192,1,S
2500,23202,23202,0,S
2501,23203,23204,1,N
2484,23165,23206,41,E
2483,23162,23206,44,W
2488,23173,23206,33,E
2485,23168,23206,38,W
2492,23181,23208,27,E
2489,23174,23208,34,W
2495,23189,23208,19,E
2491,23180,23208,28,W
2498,23197,23210,13,E
2494,23186,23210,24,W
2503,23205,23210,5,E
2497,23192,23210,18,W
2499,23198,23212,14,W
2502,23204,23212,8,W
2506,23213,23214,1,E
2504,23210,23214,4,W
2507,23216,23216,0,W
2509,23221,23222,1,E
2510,23222,23222,0,W
2512,23228,23228,0,W
2513,23229,23230,1,E
2514,23234,23234,0,W
2517,23237,23238,1,E
2518,23240,23240,0,W
2519,23245,23246,1,E
2521,23246,23246,0,W
2522,23252,23252,0,W
2523,23253,23254,1,E
2526,23258,23258,0,W
2527,23261,23262,1,E
2528,23264,23264,0,W
2508,23220,23266,46,N
2505,23213,23266,53,S
2516,23237,23268,31,N
2511,23224,23268,44,S
2524,23254,23270,16,N
2515,23235,23270,35,S
2532,23271,23272,1,N
2520,23246,23272,26,S
2525,23257,23274,17,S
2529,23268,23276,8,S
2535,23279,23280,1,S
2538,23288,23288,0,N
2540,23290,23290,0,S
2544,23301,23302,1,S
2546,23305,23306,1,N
2530,23269,23310,41,E
2531,23270,23310,40,W
2534,23277,23310,33,E
2533,23276,23310,34,W
2537,23285,23312,27,E
2536,23282,23312,30,W
2541,23293,23312,19,E
2539,23288,23312,24,W
2545,23301,23314,13,E
2542,23294,23314,20,W
2548,23309,23314,5,E
2543,23300,23314,14,W
2547,23306,23316,10,W
2550,23312,23316,4,W
2551,23317,23318,1,E
2552,23318,23318,0,W
2555,23324,23324,0,W
2556,23325,23326,1,E
2557,23330,23330,0,W
2558,23333,23334,1,E
2560,23336,23336,0,W
2562,23341,23342,1,E
2563,23342,23342,0,W
2565,23348,23348,0,W
2566,23349,23350,1,E
2567,23354,23354,0,W
2570,23357,23358,1,E
2571,23360,23360,0,W
2572,23365,23366,1,E
2573,23366,23366,0,W
2553,23322,23370,48,N
2549,23312,23370,58,S
2561,23339,23372,33,N
2554,23323,23372,49,S
2568,23356,23374,18,N
2559,23334,23374,40,S
2576,23373,23376,3,N
2564,23345,23376,31,S
2569,23356,23378,22,S
2574,23367,23380,13,S
2578,23378,23382,4,S
2584,23390,23390,0,N
2582,23389,23390,1,S
2588,23400,23400,0,S
2591,23407,23408,1,N
2593,23411,23412,1,S
2577,23373,23416,43,E
2575,23372,23416,44,W
2580,23381,23416,35,E
2579,23378,23416,38,W
2583,23389,23418,29,E
2581,23384,23418,34,W
2587,23397,23418,21,E
2585,23390,23418,28,W
2590,23405,23420,15,E
2586,23396,23420,24,W
2594,23413,23420,7,E
2589,23402,23420,18,W
2597,23421,23422,1,E
2592,23408,23422,14,W
2595,23414,23422,8,W
2596,23420,23424,4,W
2600,23426,23426,0,W
2601,23429,23430,1,E
2602,23432,23432,0,W
2604,23437,23438,1,E
2605,23438,23438,0,W
2608,23444,23444,0,W
2609,23445,23446,1,E
2610,23450,23450,0,W
2611,23453,23454,1,E
2613,23456,23456,0,W
2615,23461,23462,1,E
2616,23462,23462,0,W
2618,23468,23468,0,W
2619,23469,23470,1,E
2620,23474,23474,0,W
2599,23424,23476,52,N
2598,23422,23476,54,S
2606,23441,23478,37,N
2603,23433,23478,45,S
2614,23458,23480,22,N
2607,23444,23480,36,S
2621,23475,23482,7,N
2612,23455,23482,27,S
2617,23466,23484,18,S
2622,23477,23486,9,S
2627,23488,23488,0,S
2628,23492,23492,0,N
2632,23499,23500,1,S
2635,23509,23510,1,N
2637,23510,23510,0,S
2623,23477,23520,43,E
2624,23480,23520,40,W
2625,23485,23520,35,E
2626,23486,23520,34,W
2630,23493,23522,29,E
2629,23492,23522,30,W
2633,23501,23522,21,E
2631,23498,23522,24,W
2636,23509,23524,15,E
2634,23504,23524,20,W
2640,23517,23524,7,E
2638,23510,23524,14,W
2643,23525,23526,1,E
2639,23516,23526,10,W
2642,23522,23526,4,W
2645,23528,23528,0,W
2647,23533,23534,1,E
2648,23534,23534,0,W
2649,23540,23540,0,W
2650,23541,23542,1,E
2653,23546,23546,0,W
2654,23549,23550,1,E
2655,23552,23552,0,W
2657,23557,23558,1,E
2658,23558,23558,0,W
2660,23564,23564,0,W
2662,23565,23566,1,E
2663,23570,23570,0,W
2664,23573,23574,1,E
2666,23576,23576,0,W
2644,23526,23580,54,N
2641,23521,23580,59,S
2651,23543,23582,39,N
2646,23532,23582,50,S
2659,23560,23584,24,N
2652,23543,23584,41,S
2667,23577,23586,9,N
2656,23554,23586,32,S
2661,23565,23588,23,S
2665,23576,23590,14,S
2670,23587,23592,5,S
2673,23594,23594,0,N
2676,23598,23598,0,S
2680,23609,23610,1,S
2681,23611,23612,1,N
2685,23620,23620,0,S
2668,23581,23626,45,E
2669,23582,23626,44,W
2672,23589,23626,37,E
2671,23588,23626,38,W
2675,23597,23628,31,E
2674,23594,23628,34,W
2678,23605,23628,23,E
2677,23600,23628,28,W
2683,23613,23630,17,E
2679,23606,23630,24,W
2686,23621,23630,9,E
2682,23612,23630,18,W
2689,23629,23632,3,E
2684,23618,23632,14,W
2687,23624,23632,8,W
2690,23630,23634,4,W
2692,23636,23636,0,W
2693,23637,23638,1,E
2695,23642,23642,0,W
2697,23645,23646,1,E
2698,23648,23648,0,W
2700,23653,23654,1,E
2701,23654,23654,0,W
2702,23660,23660,0,W
2703,23661,23662,1,E
2706,23666,23666,0,W
2707,23669,23670,1,E
2708,23672,23672,0,W
2710,23677,23678,1,E
2711,23678,23678,0,W
2713,23684,23684,0,W
2688,23628,23686,58,N
2691,23631,23686,55,S
2696,23645,23688,43,N
2694,23642,23688,46,S
2704,23662,23690,28,N
2699,23653,23690,37,S
2712,23679,23692,13,N
2705,23664,23692,28,S
2709,23675,23694,19,S
2718,23696,23696,0,N
2715,23686,23696,10,S
2720,23697,23698,1,S
2723,23708,23708,0,S
2726,23713,23714,1,N
2729,23719,23720,1,S
2714,23685,23730,45,E
2716,23690,23730,40,W
2717,23693,23730,37,E
2719,23696,23730,34,W
2721,23701,23732,31,E
2722,23702,23732,30,W
2725,23709,23732,23,E
2724,23708,23732,24,W
2728,23717,23734,17,E
2727,23714,23734,20,W
2731,23725,23734,9,E
2730,23720,23734,14,W
2736,23733,23736,3,E
2732,23726,23736,10,W
2735,23732,23736,4,W
2737,23738,23738,0,W
2739,23741,23742,1,E
2740,23744,23744,0,W
2742,23749,23750,1,E
2743,23750,23750,0,W
2745,23756,23756,0,W
2746,23757,23758,1,E
2747,23762,23762,0,W
2750,23765,23766,1,E
2751,23768,23768,0,W
2752,23773,23774,1,E
2754,23774,23774,0,W
2755,23780,23780,0,W
2757,23781,23782,1,E
2759,23786,23786,0,W
2733,23730,23790,60,N
2734,23730,23790,60,S
2741,23747,23792,45,N
2738,23741,23792,51,S
2749,23764,23794,30,N
2744,23752,23794,42,S
2756,23781,23796,15,N
2748,23763,23796,33,S
2764,23798,23798,0,N
2753,23774,23798,24,S
2758,23785,23800,15,S
2762,23796,23802,6,S
2768,23807,23808,1,S
2771,23815,23816,1,N
2773,23818,23818,0,S
2777,23829,23830,1,S
2779,23832,23832,0,N
2760,23789,23836,47,E
2761,23792,23836,44,W
2763,23797,23836,39,E
2765,23798,23836,38,W
2767,23805,23838,33,E
2766,23804,23838,34,W
2770,23813,23838,25,E
2769,23810,23838,28,W
2774,23821,23840,19,E
2772,23816,23840,24,W
2778,23829,23840,11,E
2775,23822,23840,18,W
2781,23837,23842,5,E
2776,23828,23842,14,W
2780,23834,23842,8,W
2783,23840,23844,4,W
2784,23845,23846,1,E
2785,23846,23846,0,W
2788,23852,23852,0,W
2789,23853,23854,1,E
2790,23858,23858,0,W
2791,23861,23862,1,E
2793,23864,23864,0,W
2795,23869,23870,1,E
2796,23870,23870,0,W
2798,23876,23876,0,W
2799,23877,23878,1,E
2800,23882,23882,0,W
2803,23885,23886,1,E
2804,23888,23888,0,W
2805,23893,23894,1,E
2806,23894,23894,0,W
2786,23849,23896,47,N
2782,23840,23896,56,S
2794,23866,23898,32,N
2787,23851,23898,47,S
2801,23883,23900,17,N
2792,23862,23900,38,S
2808,23900,23902,2,N
2797,23873,23902,29,S
2802,23884,23904,20,S
2807,23895,23906,11,S
2811,23906,23908,2,S
2815,23917,23918,1,N
2816,23917,23918,1,S
2821,23928,23928,0,S
2824,23934,23934,0,N
2810,23901,23940,39,E
2809,23900,23940,40,W
2813,23909,23940,31,E
2812,23906,23940,34,W
2817,23917,23942,25,E
2814,23912,23942,30,W
2820,23925,23942,17,E
2818,23918,23942,24,W
2823,23933,23944,11,E
2819,23924,23944,20,W
2827,23941,23944,3,E
2822,23930,23944,14,W
2825,23936,23946,10,W
2828,23942,23946,4,W
2829,23948,23948,0,W
2830,23949,23950,1,E
2833,23954,23954,0,W
2834,23957,23958,1,E
2835,23960,23960,0,W
2837,23965,23966,1,E
2838,23966,23966,0,W
2841,23972,23972,0,W
2842,23973,23974,1,E
2843,23978,23978,0,W
2844,23981,23982,1,E
2846,23984,23984,0,W
2848,23989,23990,1,E
2849,23990,23990,0,W
2851,23996,23996,0,W
2852,23997,23998,1,E
2832,23951,24000,49,N
2826,23939,24000,61,S
2839,23968,24002,34,N
2831,23950,24002,52,S
2847,23985,24004,19,N
2836,23961,24004,43,S
2853,24002,24006,4,N
2840,23972,24006,34,S
2845,23983,24008,25,S
2850,23994,24010,16,S
2855,24005,24012,7,S
2860,24016,24016,0,S
2861,24019,24020,1,N
2865,24027,24028,1,S
2868,24036,24036,0,N
2870,24038,24038,0,S
2856,24005,24046,41,E
2854,24002,24046,44,W
2858,24013,24046,33,E
2857,24008,24046,38,W
2863,24021,24048,27,E
2859,24014,24048,34,W
2866,24029,24048,19,E
2862,24020,24048,28,W
2869,24037,24050,13,E
2864,24026,24050,24,W
2873,24045,24050,5,E
2867,24032,24050,18,W
2871,24038,24052,14,W
2872,24044,24052,8,W
2877,24053,24054,1,E
2875,24050,24054,4,W
2878,24056,24056,0,W
2880,24061,24062,1,E
2881,24062,24062,0,W
2882,24068,24068,0,W
2883,24069,24070,1,E
2886,24074,24074,0,W
2887,24077,24078,1,E
2888,24080,24080,0,W
2890,24085,24086,1,E
2891,24086,24086,0,W
2893,24092,24092,0,W
2895,24093,24094,1,E
2896,24098,24098,0,W
2897,24101,24102,1,E
2900,24104,24104,0,W
2876,24053,24106,53,N
2874,24049,24106,57,S
2884,24070,24108,38,N
2879,24060,24108,48,S
2892,24087,24110,23,N
2885,24071,24110,39,S
2898,24104,24112,8,N
2889,24082,24112,30,S
2894,24093,24114,21,S
2899,24104,24116,12,S
2903,24115,24118,3,S
2906,24121,24122,1,N
2909,24126,24126,0,S
2914,24138,24138,0,N
2913,24137,24138,1,S
2918,24148,24148,0,S
2901,24109,24150,41,E
2902,24110,24150,40,W
2905,24117,24150,33,E
2904,24116,24150,34,W
2908,24125,24152,27,E
2907,24122,24152,30,W
2911,24133,24152,19,E
2910,24128,24152,24,W
2916,24141,24154,13,E
2912,24134,24154,20,W
2919,24149,24154,5,E
2915,24140,24154,14,W
2917,24146,24156,10,W
2920,24152,24156,4,W
2922,24157,24158,1,E
2923,24158,24158,0,W
2925,24164,24164,0,W
2926,24165,24166,1,E
2928,24170,24170,0,W
2930,24173,24174,1,E
2931,24176,24176,0,W
2933,24181,24182,1,E
2934,24182,24182,0,W
2935,24188,24188,0,W
2937,24189,24190,1,E
2939,24194,24194,0,W
2940,24197,24198,1,E
2941,24200,24200,0,W
2943,24205,24206,1,E
2945,24206,24206,0,W
2921,24155,24210,55,N
2924,24159,24210,51,S
2929,24172,24212,40,N
2927,24170,24212,42,S
2936,24189,24214,25,N
2932,24181,24214,33,S
2944,24206,24216,10,N
2938,24192,24216,24,S
2942,24203,24218,15,S
2948,24214,24220,6,S
2951,24223,24224,1,N
2953,24225,24226,1,S
2956,24236,24236,0,S
2959,24240,24240,0,N
2962,24247,24248,1,S
2947,24213,24256,43,E
2946,24212,24256,44,W
2950,24221,24256,35,E
2949,24218,24256,38,W
2954,24229,24258,29,E
2952,24224,24258,34,W
2958,24237,24258,21,E
2955,24230,24258,28,W
2961,24245,24260,15,E
2957,24236,24260,24,W
2964,24253,24260,7,E
2960,24242,24260,18,W
2969,24261,24262,1,E
2963,24248,24262,14,W
2965,24254,24262,8,W
2968,24260,24264,4,W
2970,24266,24266,0,W
2972,24269,24270,1,E
2973,24272,24272,0,W
2975,24277,24278,1,E
2976,24278,24278,0,W
2978,24284,24284,0,W
2979,24285,24286,1,E
2980,24290,24290,0,W
2983,24293,24294,1,E
2984,24296,24296,0,W
2985,24301,24302,1,E
2987,24302,24302,0,W
2989,24308,24308,0,W
2990,24309,24310,1,E
2992,24314,24314,0,W
2966,24257,24316,59,N
2967,24258,24316,58,S
2974,24274,24318,44,N
2971,24269,24318,49,S
2981,24291,24320,29,N
2977,24280,24320,40,S
2988,24308,24322,14,N
2982,24291,24322,31,S
2986,24302,24324,22,S
2996,24325,24326,1,N
2991,24313,24326,13,S
2995,24324,24328,4,S
3001,24335,24336,1,S
3004,24342,24342,0,N
3006,24346,24346,0,S
3010,24357,24358,1,S
2993,24317,24360,43,E
2994,24320,24360,40,W
2997,24325,24360,35,E
2998,24326,24360,34,W
3000,24333,24362,29,E
2999,24332,24362,30,W
3003,24341,24362,21,E
3002,24338,24362,24,W
3007,24349,24364,15,E
3005,24344,24364,20,W
3011,24357,24364,7,E
3008,24350,24364,14,W
3014,24365,24366,1,E
3009,24356,24366,10,W
3013,24362,24366,4,W
3016,24368,24368,0,W
3017,24373,24374,1,E
3018,24374,24374,0,W
3021,24380,24380,0,W
3022,24381,24382,1,E
3023,24386,24386,0,W
3024,24389,24390,1,E
3026,24392,24392,0,W
3028,24397,24398,1,E
3029,24398,24398,0,W
3031,24404,24404,0,W
3032,24405,24406,1,E
3034,24410,24410,0,W
3036,24413,24414,1,E
3037,24416,24416,0,W
3012,24359,24420,61,N
3015,24368,24420,52,S
3019,24376,24422,46,N
3020,24379,24422,43,S
3027,24393,24424,31,N
3025,24390,24424,34,S
3033,24410,24426,16,N
3030,24401,24426,25,S
3041,24427,24428,1,N
3035,24412,24428,16,S
3040,24423,24430,7,S
3044,24434,24434,0,S
3048,24444,24444,0,N
3049,24445,24446,1,S
3054,24456,24456,0,S
3056,24461,24462,1,N
3038,24421,24466,45,E
3039,24422,24466,44,W
3043,24429,24466,37,E
3042,24428,24466,38,W
3046,24437,24468,31,E
3045,24434,24468,34,W
3050,24445,24468,23,E
3047,24440,24468,28,W
3053,24453,24470,17,E
3051,24446,24470,24,W
3057,24461,24470,9,E
3052,24452,24470,18,W
3060,24469,24472,3,E
3055,24458,24472,14,W
3058,24464,24472,8,W
3061,24470,24474,4,W
3062,24476,24476,0,W
3063,24477,24478,1,E
3066,24482,24482,0,W
3067,24485,24486,1,E
3068,24488,24488,0,W
3070,24493,24494,1,E
3071,24494,24494,0,W
3074,24500,24500,0,W
3075,24501,24502,1,E
3076,24506,24506,0,W
3077,24509,24510,1,E
3080,24512,24512,0,W
3081,24517,24518,1,E
3082,24518,24518,0,W
3084,24524,24524,0,W
3064,24478,24526,48,N
3059,24467,24526,59,S
3072,24495,24528,33,N
3065,24478,24528,50,S
3079,24512,24530,18,N
3069,24489,24530,41,S
3086,24529,24532,3,N
3073,24500,24532,32,S
3078,24511,24534,23,S
3083,24522,24536,14,S
3088,24533,24538,5,S
3093,24544,24544,0,S
3094,24546,24546,0,N
3098,24555,24556,1,S
3101,24563,24564,1,N
3103,24566,24566,0,S
3085,24525,24570,45,E
3087,24530,24570,40,W
3089,24533,24570,37,E
3090,24536,24570,34,W
3091,24541,24572,31,E
3092,24542,24572,30,W
3096,24549,24572,23,E
3095,24548,24572,24,W
3099,24557,24574,17,E
3097,24554,24574,20,W
3102,24565,24574,9,E
3100,24560,24574,14,W
3106,24573,24576,3,E
3104,24566,24576,10,W
3105,24572,24576,4,W
3108,24578,24578,0,W
3110,24581,24582,1,E
3111,24584,24584,0,W
3113,24589,24590,1,E
3114,24590,24590,0,W
3115,24596,24596,0,W
3117,24597,24598,1,E
3119,24602,24602,0,W
3120,24605,24606,1,E
3121,24608,24608,0,W
3123,24613,24614,1,E
3125,24614,24614,0,W
3126,24620,24620,0,W
3128,24621,24622,1,E
3129,24626,24626,0,W
3109,24580,24630,50,N
3107,24577,24630,53,S
3116,24597,24632,35,N
3112,24588,24632,44,S
3124,24614,24634,20,N
3118,24599,24634,35,S
3131,24631,24636,5,N
3122,24610,24636,26,S
3127,24621,24638,17,S
3132,24632,24640,8,S
3136,24643,24644,1,S
3139,24648,24648,0,N
3142,24654,24654,0,S
3146,24665,24666,1,N
3147,24665,24666,1,S
3130,24629,24676,47,E
3133,24632,24676,44,W
3134,24637,24676,39,E
3135,24638,24676,38,W
3138,24645,24678,33,E
3137,24644,24678,34,W
3141,24653,24678,25,E
3140,24650,24678,28,W
3144,24661,24680,19,E
3143,24656,24680,24,W
3149,24669,24680,11,E
3145,24662,24680,18,W
3152,24677,24682,5,E
3148,24668,24682,14,W
3150,24674,24682,8,W
3153,24680,24684,4,W
3155,24685,24686,1,E
3156,24686,24686,0,W
3158,24692,24692,0,W
3159,24693,24694,1,E
3161,24698,24698,0,W
3163,24701,24702,1,E
3164,24704,24704,0,W
3166,24709,24710,1,E
3167,24710,24710,0,W
3169,24716,24716,0,W
3170,24717,24718,1,E
3172,24722,24722,0,W
3173,24725,24726,1,E
3174,24728,24728,0,W
3177,24733,24734,1,E
3178,24734,24734,0,W
3154,24682,24736,54,N
3151,24676,24736,60,S
3162,24699,24738,39,N
3157,24687,24738,51,S
3168,24716,24740,24,N
3160,24698,24740,42,S
3176,24733,24742,9,N
3165,24709,24742,33,S
3171,24720,24744,24,S
3175,24731,24746,15,S
3181,24742,24748,6,S
3184,24750,24750,0,N
3186,24753,24754,1,S
3189,24764,24764,0,S
3192,24767,24768,1,N
3195,24775,24776,1,S
3180,24741,24780,39,E
3179,24740,24780,40,W
3183,24749,24780,31,E
3182,24746,24780,34,W
3187,24757,24782,25,E
3185,24752,24782,30,W
3191,24765,24782,17,E
3188,24758,24782,24,W
3194,24773,24784,11,E
3190,24764,24784,20,W
3197,24781,24784,3,E
3193,24770,24784,14,W
3196,24776,24786,10,W
3198,24782,24786,4,W
3201,24788,24788,0,W
3202,24789,24790,1,E
3203,24794,24794,0,W
3205,24797,24798,1,E
3206,24800,24800,0,W
3208,24805,24806,1,E
3209,24806,24806,0,W
3211,24812,24812,0,W
3212,24813,24814,1,E
3214,24818,24818,0,W
3216,24821,24822,1,E
3217,24824,24824,0,W
3218,24829,24830,1,E
3220,24830,24830,0,W
3222,24836,24836,0,W
3223,24837,24838,1,E
3199,24784,24840,56,N
3200,24786,24840,54,S
3207,24801,24842,41,N
3204,24797,24842,45,S
3213,24818,24844,26,N
3210,24808,24844,36,S
3221,24835,24846,11,N
3215,24819,24846,27,S
3219,24830,24848,18,S
3224,24841,24850,9,S
3228,24852,24852,0,N
3229,24852,24852,0,S
3234,24863,24864,1,S
3236,24869,24870,1,N
3239,24874,24874,0,S
3226,24845,24886,41,E
3225,24842,24886,44,W
3230,24853,24886,33,E
3227,24848,24886,38,W
3233,24861,24888,27,E
3231,24854,24888,34,W
3237,24869,24888,19,E
3232,24860,24888,28,W
3240,24877,24890,13,E
3235,24866,24890,24,W
3244,24885,24890,5,E
3238,24872,24890,18,W
3241,24878,24892,14,W
3242,24884,24892,8,W
3247,24893,24894,1,E
3246,24890,24894,4,W
3249,24896,24896,0,W
3250,24901,24902,1,E
3251,24902,24902,0,W
3254,24908,24908,0,W
3255,24909,24910,1,E
3256,24914,24914,0,W
3257,24917,24918,1,E
3260,24920,24920,0,W
3261,24925,24926,1,E
3262,24926,24926,0,W
3264,24932,24932,0,W
3265,24933,24934,1,E
3267,24938,24938,0,W
3269,24941,24942,1,E
3270,24944,24944,0,W
3245,24886,24946,60,N
3243,24885,24946,61,S
3252,24903,24948,45,N
3248,24896,24948,52,S
3259,24920,24950,30,N
3253,24907,24950,43,S
3266,24937,24952,15,N
3258,24918,24952,34,S
3274,24954,24954,0,N
3263,24929,24954,25,S
3268,24940,24956,16,S
3273,24951,24958,7,S
3277,24962,24962,0,S
3281,24971,24972,1,N
3282,24973,24974,1,S
3287,24984,24984,0,S
3289,24988,24988,0,N
3271,24949,24990,41,E
3272,24950,24990,40,W
3276,24957,24990,33,E
3275,24956,24990,34,W
3279,24965,24992,27,E
3278,24962,24992,30,W
3283,24973,24992,19,E
3280,24968,24992,24,W
3286,24981,24994,13,E
3284,24974,24994,20,W
3290,24989,24994,5,E
3285,24980,24994,14,W
3288,24986,24996,10,W
3291,24992,24996,4,W
3293,24997,24998,1,E
3294,24998,24998,0,W
3295,25004,25004,0,W
3297,25005,25006,1,E
3299,25010,25010,0,W
3300,25013,25014,1,E
3301,25016,25016,0,W
3303,25021,25022,1,E
3305,25022,25022,0,W
3307,25028,25028,0,W
3308,25029,25030,1,E
3309,25034,25034,0,W
3310,25037,25038,1,E
3313,25040,25040,0,W
3314,25045,25046,1,E
3315,25046,25046,0,W
3296,25005,25050,45,N
3292,24995,25050,55,S
3304,25022,25052,30,N
3298,25006,25052,46,S
3311,25039,25054,15,N
3302,25017,25054,37,S
3319,25056,25056,0,N
3306,25028,25056,28,S
3312,25039,25058,19,S
3316,25050,25060,10,S
3321,25061,25062,1,S
3326,25072,25072,0,S
3327,25073,25074,1,N
3331,25083,25084,1,S
3334,25090,25090,0,N
3336,25094,25094,0,S
3318,25053,25096,43,E
3317,25052,25096,44,W
3322,25061,25096,35,E
3320,25058,25096,38,W
3324,25069,25098,29,E
3323,25064,25098,34,W
3329,25077,25098,21,E
3325,25070,25098,28,W
3332,25085,25100,15,E
3328,25076,25100,24,W
3335,25093,25100,7,E
3330,25082,25100,18,W
3339,25101,25102,1,E
3333,25088,25102,14,W
3337,25094,25102,8,W
3338,25100,25104,4,W
3341,25106,25106,0,W
3343,25109,25110,1,E
3344,25112,25112,0,W
3346,25117,25118,1,E
3347,25118,25118,0,W
3349,25124,25124,0,W
3350,25125,25126,1,E
3352,25130,25130,0,W
3353,25133,25134,1,E
3354,25136,25136,0,W
3357,25141,25142,1,E
3358,25142,25142,0,W
3359,25148,25148,0,W
3361,25149,25150,1,E
3362,25154,25154,0,W
3342,25107,25156,49,N
3340,25105,25156,51,S
3348,25124,25158,34,N
3345,25116,25158,42,S
3356,25141,25160,19,N
3351,25127,25160,33,S
3364,25158,25162,4,N
3355,25138,25162,24,S
3360,25149,25164,15,S
3365,25160,25166,6,S
3369,25171,25172,1,S
3372,25175,25176,1,N
3375,25182,25182,0,S
3379,25192,25192,0,N
3380,25193,25194,1,S
3363,25157,25200,43,E
3366,25160,25200,40,W
3367,25165,25200,35,E
3368,25166,25200,34,W
3371,25173,25202,29,E
3370,25172,25202,30,W
3374,25181,25202,21,E
3373,25178,25202,24,W
3377,25189,25204,15,E
3376,25184,25204,20,W
3382,25197,25204,7,E
3378,25190,25204,14,W
3385,25205,25206,1,E
3381,25196,25206,10,W
3383,25202,25206,4,W
3386,25207,25208,1,W
3388,25211,25212,1,E
3390,25212,25212,0,W
3391,25217,25218,1,E
3392,25217,25218,1,W
3395,25222,25222,0,W
3396,25223,25224,1,E
3397,25227,25228,1,W
3399,25229,25230,1,E
3400,25232,25232,0,W
3402,25235,25236,1,E
3404,25237,25238,1,W
3405,25241,25242,1,E
3406,25242,25242,0,W
3409,25247,25248,1,E
3410,25247,25248,1,W
3412,25252,25252,0,W
3413,25253,25254,1,E
3415,25257,25258,1,W
3387,25209,25260,51,N
3384,25204,25260,56,S
3394,25221,25262,41,N
3389,25212,25262,50,S
3401,25233,25264,31,N
3393,25220,25264,44,S
3408,25245,25266,21,N
3398,25228,25266,38,S
3414,25257,25268,11,N
3403,25236,25268,32,S
3422,25269,25270,1,N
3407,25244,25270,26,S
3411,25252,25272,20,S
3417,25260,25274,14,S
3421,25268,25276,8,S
3425,25276,25278,2,S
3428,25281,25282,1,N
3431,25284,25284,0,S
3434,25292,25292,0,S
3436,25293,25294,1,N
3439,25300,25300,0,S
3416,25259,25306,47,E
3418,25262,25306,44,W
3419,25265,25306,41,E
3420,25267,25306,39,W
3423,25271,25308,37,E
3424,25272,25308,36,W
3426,25277,25308,31,E
3427,25277,25308,31,W
3430,25283,25310,27,E
3429,25282,25310,28,W
3433,25289,25310,21,E
3432,25287,25310,23,W
3437,25295,25312,17,E
3435,25292,25312,20,W
3440,25301,25312,11,E
3438,25297,25312,15,W
3443,25307,25314,7,E
3441,25302,25314,12,W
3447,25313,25314,1,E
3444,25307,25314,7,W
3446,25312,25316,4,W
3450,25317,25318,1,W
3451,25319,25320,1,E
3452,25322,25322,0,W
3454,25325,25326,1,E
3455,25327,25328,1,W
3457,25331,25332,1,E
3459,25332,25332,0,W
3460,25337,25338,1,E
3461,25337,25338,1,W
3464,25342,25342,0,W
3465,25343,25344,1,E
3466,25347,25348,1,W
3468,25349,25350,1,E
3469,25352,25352,0,W
3471,25355,25356,1,E
3473,25357,25358,1,W
3474,25361,25362,1,E
3475,25362,25362,0,W
3442,25305,25366,61,N
3445,25308,25366,58,S
3449,25317,25368,51,N
3448,25316,25368,52,S
3456,25329,25370,41,N
3453,25324,25370,46,S
3463,25341,25372,31,N
3458,25332,25372,40,S
3470,25353,25374,21,N
3462,25340,25374,34,S
3477,25365,25376,11,N
3467,25348,25376,28,S
3483,25377,25378,1,N
3472,25356,25378,22,S
3476,25364,25380,16,S
3480,25372,25382,10,S
3486,25380,25384,4,S
3490,25388,25388,0,S
3491,25389,25390,1,N
3494,25396,25396,0,S
3497,25401,25402,1,N
3500,25404,25404,0,S
3478,25367,25410,43,E
3479,25367,25410,43,W
3482,25373,25410,37,E
3481,25372,25410,38,W
3485,25379,25412,33,E
3484,25377,25412,35,W
3488,25385,25412,27,E
3487,25382,25412,30,W
3492,25391,25414,23,E
3489,25387,25414,27,W
3495,25397,25414,17,E
3493,25392,25414,22,W
3499,25403,25416,13,E
3496,25397,25416,19,W
3502,25409,25416,7,E
3498,25402,25416,14,W
3506,25415,25418,3,E
3501,25407,25418,11,W
3504,25412,25418,6,W
3507,25417,25420,3,W
3509,25421,25422,1,E
3510,25422,25422,0,W
3512,25427,25428,1,E
3513,25427,25428,1,W
3515,25432,25432,0,W
3516,25433,25434,1,E
3519,25437,25438,1,W
3520,25439,25440,1,E
3521,25442,25442,0,W
3523,25445,25446,1,E
3524,25447,25448,1,W
3526,25451,25452,1,E
3528,25452,25452,0,W
3529,25457,25458,1,E
3530,25457,25458,1,W
3533,25462,25462,0,W
3534,25463,25464,1,E
3535,25467,25468,1,W
3505,25413,25470,57,N
3503,25412,25470,58,S
3511,25425,25472,47,N
3508,25420,25472,52,S
3518,25437,25474,37,N
3514,25428,25474,46,S
3525,25449,25476,27,N
3517,25436,25476,40,S
3532,25461,25478,17,N
3522,25444,25478,34,S
3539,25473,25480,7,N
3527,25452,25480,28,S
3531,25460,25482,22,S
3536,25468,25484,16,S
3546,25485,25486,1,N
3541,25476,25486,10,S
3545,25484,25488,4,S
3549,25492,25492,0,S
3552,25497,25498,1,N
3555,25500,25500,0,S
3559,25508,25508,0,S
3560,25509,25510,1,N
3537,25469,25516,47,E
3538,25472,25516,44,W
3540,25475,25516,41,E
3542,25477,25516,39,W
3543,25481,25518,37,E
3544,25482,25518,36,W
3547,25487,25518,31,E
3548,25487,25518,31,W
3551,25493,25520,27,E
3550,25492,25520,28,W
3554,25499,25520,21,E
3553,25497,25520,23,W
3557,25505,25522,17,E
3556,25502,25522,20,W
3561,25511,25522,11,E
3558,25507,25522,15,W
3564,25517,25524,7,E
3562,25512,25524,12,W
3568,25523,25524,1,E
3565,25517,25524,7,W
3567,25522,25526,4,W
3570,25527,25528,1,W
3571,25529,25530,1,E
3573,25532,25532,0,W
3575,25535,25536,1,E
3576,25537,25538,1,W
3578,25541,25542,1,E
3579,25542,25542,0,W
3581,25547,25548,1,E
3582,25547,25548,1,W
3584,25552,25552,0,W
3585,25553,25554,1,E
3588,25557,25558,1,W
3589,25559,25560,1,E
3590,25562,25562,0,W
3592,25565,25566,1,E
3593,25567,25568,1,W
3595,25571,25572,1,E
3597,25572,25572,0,W
3566,25521,25576,55,N
3563,25516,25576,60,S
3574,25533,25578,45,N
3569,25524,25578,54,S
3580,25545,25580,35,N
3572,25532,25580,48,S
3587,25557,25582,25,N
3577,25540,25582,42,S
3594,25569,25584,15,N
3583,25548,25584,36,S
3601,25581,25586,5,N
3586,25556,25586,30,S
3591,25564,25588,24,S
3596,25572,25590,18,S
3600,25580,25592,12,S
3608,25593,25594,1,N
3605,25588,25594,6,S
3610,25596,25596,0,S
3614,25604,25604,0,S
3615,25605,25606,1,N
3618,25612,25612,0,S
3621,25617,25618,1,N
3598,25577,25620,43,E
3599,25577,25620,43,W
3603,25583,25620,37,E
3602,25582,25620,38,W
3606,25589,25622,33,E
3604,25587,25622,35,W
3609,25595,25622,27,E
3607,25592,25622,30,W
3612,25601,25624,23,E
3611,25597,25624,27,W
3616,25607,25624,17,E
3613,25602,25624,22,W
3620,25613,25626,13,E
3617,25607,25626,19,W
3623,25619,25626,7,E
3619,25612,25626,14,W
3626,25625,25628,3,E
3622,25617,25628,11,W
3625,25622,25628,6,W
3627,25627,25630,3,W
3630,25631,25632,1,E
3631,25632,25632,0,W
3633,25637,25638,1,E
3634,25637,25638,1,W
3636,25642,25642,0,W
3637,25643,25644,1,E
3639,25647,25648,1,W
3640,25649,25650,1,E
3642,25652,25652,0,W
3644,25655,25656,1,E
3645,25657,25658,1,W
3647,25661,25662,1,E
3648,25662,25662,0,W
3650,25667,25668,1,E
3651,25667,25668,1,W
3653,25672,25672,0,W
3654,25673,25674,1,E
3657,25677,25678,1,W
3629,25629,25680,51,N
3624,25620,25680,60,S
3635,25641,25682,41,N
3628,25628,25682,54,S
3643,25653,25684,31,N
3632,25636,25684,48,S
3649,25665,25686,21,N
3638,25644,25686,42,S
3656,25677,25688,11,N
3641,25652,25688,36,S
3663,25689,25690,1,N
3646,25660,25690,30,S
3652,25668,25692,24,S
3655,25676,25694,18,S
3660,25684,25696,12,S
3665,25692,25698,6,S
3669,25700,25700,0,S
3670,25701,25702,1,N
3674,25708,25708,0,S
3677,25713,25714,1,N
3679,25716,25716,0,S
3683,25724,25724,0,S
3658,25679,25726,47,E
3659,25682,25726,44,W
3661,25685,25726,41,E
3662,25687,25726,39,W
3664,25691,25728,37,E
3666,25692,25728,36,W
3667,25697,25728,31,E
3668,25697,25728,31,W
3672,25703,25730,27,E
3671,25702,25730,28,W
3675,25709,25730,21,E
3673,25707,25730,23,W
3678,25715,25732,17,E
3676,25712,25732,20,W
3681,25721,25732,11,E
3680,25717,25732,15,W
3685,25727,25734,7,E
3682,25722,25734,12,W
3689,25733,25734,1,E
3686,25727,25734,7,W
3688,25732,25736,4,W
3691,25737,25738,1,W
3692,25739,25740,1,E
3694,25742,25742,0,W
3695,25745,25746,1,E
3696,25747,25748,1,W
3699,25751,25752,1,E
3700,25752,25752,0,W
3702,25757,25758,1,E
3703,25757,25758,1,W
3705,25762,25762,0,W
3706,25763,25764,1,E
3708,25767,25768,1,W
3709,25769,25770,1,E
3711,25772,25772,0,W
3713,25775,25776,1,E
3714,25777,25778,1,W
3716,25781,25782,1,E
3717,25782,25782,0,W
3684,25725,25786,61,N
3687,25732,25786,54,S
3690,25737,25788,51,N
3693,25740,25788,48,S
3698,25749,25790,41,N
3697,25748,25790,42,S
3704,25761,25792,31,N
3701,25756,25792,36,S
3712,25773,25794,21,N
3707,25764,25794,30,S
3718,25785,25796,11,N
3710,25772,25796,24,S
3725,25797,25798,1,N
3715,25780,25798,18,S
3721,25788,25800,12,S
3724,25796,25802,6,S
3729,25804,25804,0,S
3732,25809,25810,1,N
3734,25812,25812,0,S
3738,25820,25820,0,S
3739,25821,25822,1,N
3743,25828,25828,0,S
3719,25787,25830,43,E
3720,25787,25830,43,W
3723,25793,25830,37,E
3722,25792,25830,38,W
3727,25799,25832,33,E
3726,25797,25832,35,W
3730,25805,25832,27,E
3728,25802,25832,30,W
3733,25811,25834,23,E
3731,25807,25834,27,W
3736,25817,25834,17,E
3735,25812,25834,22,W
3741,25823,25836,13,E
3737,25817,25836,19,W
3744,25829,25836,7,E
3740,25822,25836,14,W
3747,25835,25838,3,E
3742,25827,25838,11,W
3745,25832,25838,6,W
3749,25837,25840,3,W
3750,25841,25842,1,E
3751,25842,25842,0,W
3754,25847,25848,1,E
3755,25847,25848,1,W
3757,25852,25852,0,W
3758,25853,25854,1,E
3760,25857,25858,1,W
3761,25859,25860,1,E
3763,25862,25862,0,W
3764,25865,25866,1,E
3765,25867,25868,1,W
3768,25871,25872,1,E
3769,25872,25872,0,W
3771,25877,25878,1,E
3772,25877,25878,1,W
3774,25882,25882,0,W
3775,25883,25884,1,E
3777,25887,25888,1,W
3746,25833,25890,57,N
3748,25836,25890,54,S
3753,25845,25892,47,N
3752,25844,25892,48,S
3759,25857,25894,37,N
3756,25852,25894,42,S
3767,25869,25896,27,N
3762,25860,25896,36,S
3773,25881,25898,17,N
3766,25868,25898,30,S
3781,25893,25900,7,N
3770,25876,25900,24,S
3776,25884,25902,18,S
3779,25892,25904,12,S
3787,25905,25906,1,N
3784,25900,25906,6,S
3790,25908,25908,0,S
3793,25916,25916,0,S
3794,25917,25918,1,N
3798,25924,25924,0,S
3801,25929,25930,1,N
3803,25932,25932,0,S
3778,25889,25936,47,E
3780,25892,25936,44,W
3782,25895,25936,41,E
3783,25897,25936,39,W
3785,25901,25938,37,E
3786,25902,25938,36,W
3788,25907,25938,31,E
3789,25907,25938,31,W
3792,25913,25940,27,E
3791,25912,25940,28,W
3796,25919,25940,21,E
3795,25917,25940,23,W
3799,25925,25942,17,E
3797,25922,25942,20,W
3802,25931,25942,11,E
3800,25927,25942,15,W
3805,25937,25944,7,E
3804,25932,25944,12,W
3810,25943,25944,1,E
3806,25937,25944,7,W
3809,25942,25946,4,W
3811,25947,25948,1,W
3813,25949,25950,1,E
3814,25952,25952,0,W
3816,25955,25956,1,E
3818,25957,25958,1,W
3819,25961,25962,1,E
3820,25962,25962,0,W
3823,25967,25968,1,E
3824,25967,25968,1,W
3826,25972,25972,0,W
3827,25973,25974,1,E
3829,25977,25978,1,W
3830,25979,25980,1,E
3832,25982,25982,0,W
3833,25985,25986,1,E
3834,25987,25988,1,W
3837,25991,25992,1,E
3838,25992,25992,0,W
3808,25941,25996,55,N
3807,25940,25996,56,S
3815,25953,25998,45,N
3812,25948,25998,50,S
3822,25965,26000,35,N
3817,25956,26000,44,S
3828,25977,26002,25,N
3821,25964,26002,38,S
3836,25989,26004,15,N
3825,25972,26004,32,S
3842,26001,26006,5,N
3831,25980,26006,26,S
3835,25988,26008,20,S
3839,25996,26010,14,S
3845,26004,26012,8,S
3850,26013,26014,1,N
3848,26012,26014,2,S
3853,26020,26020,0,S
3856,26025,26026,1,N
3859,26028,26028,0,S
3862,26036,26036,0,S
3863,26037,26038,1,N
3840,25997,26040,43,E
3841,25997,26040,43,W
3844,26003,26040,37,E
3843,26002,26040,38,W
3847,26009,26042,33,E
3846,26007,26042,35,W
3851,26015,26042,27,E
3849,26012,26042,30,W
3854,26021,26044,23,E
3852,26017,26044,27,W
3857,26027,26044,17,E
3855,26022,26044,22,W
3861,26033,26046,13,E
3858,26027,26046,19,W
3865,26039,26046,7,E
3860,26032,26046,14,W
3868,26045,26048,3,E
3864,26037,26048,11,W
3866,26042,26048,6,W
3869,26047,26050,3,W
3871,26051,26052,1,E
3873,26052,26052,0,W
3874,26057,26058,1,E
3875,26057,26058,1,W
3878,26062,26062,0,W
3879,26063,26064,1,E
3880,26067,26068,1,W
3882,26069,26070,1,E
3883,26072,26072,0,W
3885,26075,26076,1,E
3887,26077,26078,1,W
3888,26081,26082,1,E
3889,26082,26082,0,W
3892,26087,26088,1,E
3893,26087,26088,1,W
3895,26092,26092,0,W
3896,26093,26094,1,E
3898,26097,26098,1,W
3870,26049,26100,51,N
3867,26044,26100,56,S
3877,26061,26102,41,N
3872,26052,26102,50,S
3884,26073,26104,31,N
3876,26060,26104,44,S
3891,26085,26106,21,N
3881,26068,26106,38,S
3897,26097,26108,11,N
3886,26076,26108,32,S
3905,26109,26110,1,N
3890,26084,26110,26,S
3894,26092,26112,20,S
3900,26100,26114,14,S
3904,26108,26116,8,S
3908,26116,26118,2,S
3911,26121,26122,1,N
3914,26124,26124,0,S
3917,26132,26132,0,S
3919,26133,26134,1,N
3922,26140,26140,0,S
3899,26099,26146,47,E
3901,26102,26146,44,W
3902,26105,26146,41,E
3903,26107,26146,39,W
3906,26111,26148,37,E
3907,26112,26148,36,W
3909,26117,26148,31,E
3910,26117,26148,31,W
3913,26123,26150,27,E
3912,26122,26150,28,W
3916,26129,26150,21,E
3915,26127,26150,23,W
3920,26135,26152,17,E
3918,26132,26152,20,W
3923,26141,26152,11,E
3921,26137,26152,15,W
3926,26147,26154,7,E
3924,26142,26154,12,W
3930,26153,26154,1,E
3927,26147,26154,7,W
3929,26152,26156,4,W
3933,26157,26158,1,W
3934,26159,26160,1,E
3935,26162,26162,0,W
3937,26165,26166,1,E
3938,26167,26168,1,W
3940,26171,26172,1,E
3942,26172,26172,0,W
3943,26177,26178,1,E
3944,26177,26178,1,W
3947,26182,26182,0,W
3948,26183,26184,1,E
3949,26187,26188,1,W
3951,26189,26190,1,E
3952,26192,26192,0,W
3954,26195,26196,1,E
3956,26197,26198,1,W
3957,26201,26202,1,E
3958,26202,26202,0,W
3925,26145,26206,61,N
3928,26148,26206,58,S
3932,26157,26208,51,N
3931,26156,26208,52,S
3939,26169,26210,41,N
3936,26164,26210,46,S
3946,26181,26212,31,N
3941,26172,26212,40,S
3953,26193,26214,21,N
3945,26180,26214,34,S
3960,26205,26216,11,N
3950,26188,26216,28,S
3966,26217,26218,1,N
3955,26196,26218,22,S
3959,26204,26220,16,S
3963,26212,26222,10,S
3969,26220,26224,4,S
3973,26228,26228,0,S
3974,26229,26230,1,N
3977,26236,26236,0,S
3980,26241,26242,1,N
3983,26244,26244,0,S
3961,26207,26250,43,E
3962,26207,26250,43,W
3965,26213,26250,37,E
3964,26212,26250,38,W
3968,26219,26252,33,E
3967,26217,26252,35,W
3971,26225,26252,27,E
3970,26222,26252,30,W
3975,26231,26254,23,E
3972,26227,26254,27,W
3978,26237,26254,17,E
3976,26232,26254,22,W
3982,26243,26256,13,E
3979,26237,26256,19,W
3985,26249,26256,7,E
3981,26242,26256,14,W
3989,26255,26258,3,E
3984,26247,26258,11,W
3987,26252,26258,6,W
3990,26257,26260,3,W
3992,26261,26262,1,E
3993,26262,26262,0,W
3995,26267,26268,1,E
3996,26267,26268,1,W
3998,26272,26272,0,W
3999,26273,26274,1,E
4002,26277,26278,1,W
4003,26279,26280,1,E
4004,26282,26282,0,W
4006,26285,26286,1,E
4007,26287,26288,1,W
4009,26291,26292,1,E
4011,26292,26292,0,W
4012,26297,26298,1,E
4013,26297,26298,1,W
4016,26302,26302,0,W
4017,26303,26304,1,E
4018,26307,26308,1,W
3988,26253,26310,57,N
3986,26252,26310,58,S
3994,26265,26312,47,N
3991,26260,26312,52,S
4001,26277,26314,37,N
3997,26268,26314,46,S
4008,26289,26316,27,N
4000,26276,26316,40,S
4015,26301,26318,17,N
4005,26284,26318,34,S
4022,26313,26320,7,N
4010,26292,26320,28,S
4014,26300,26322,22,S
4019,26308,26324,16,S
4029,26325,26326,1,N
4024,26316,26326,10,S
4028,26324,26328,4,S
4032,26332,26332,0,S
4035,26337,26338,1,N
4038,26340,26340,0,S
4042,26348,26348,0,S
4043,26349,26350,1,N
4020,26309,26356,47,E
4021,26312,26356,44,W
4023,26315,26356,41,E
4025,26317,26356,39,W
4026,26321,26358,37,E
4027,26322,26358,36,W
4030,26327,26358,31,E
4031,26327,26358,31,W
4034,26333,26360,27,E
4033,26332,26360,28,W
4037,26339,26360,21,E
4036,26337,26360,23,W
4040,26345,26362,17,E
4039,26342,26362,20,W
4044,26351,26362,11,E
4041,26347,26362,15,W
4047,26357,26364,7,E
4045,26352,26364,12,W
4051,26363,26364,1,E
4048,26357,26364,7,W
4050,26362,26366,4,W
4053,26367,26368,1,W
4054,26369,26370,1,E
4056,26372,26372,0,W
4058,26375,26376,1,E
4059,26377,26378,1,W
4061,26381,26382,1,E
4062,26382,26382,0,W
4064,26387,26388,1,E
4065,26387,26388,1,W
4067,26392,26392,0,W
4068,26393,26394,1,E
4071,26397,26398,1,W
4072,26399,26400,1,E
4073,26402,26402,0,W
4075,26405,26406,1,E
4076,26407,26408,1,W
4078,26411,26412,1,E
4080,26412,26412,0,W
4049,26361,26416,55,N
4046,26356,26416,60,S
4057,26373,26418,45,N
4052,26364,26418,54,S
4063,26385,26420,35,N
4055,26372,26420,48,S
4070,26397,26422,25,N
4060,26380,26422,42,S
4077,26409,26424,15,N
4066,26388,26424,36,S
4084,26421,26426,5,N
4069,26396,26426,30,S
4074,26404,26428,24,S
4079,26412,26430,18,S
4083,26420,26432,12,S
4091,26433,26434,1,N
4088,26428,26434,6,S
4093,26436,26436,0,S
4097,26444,26444,0,S
4098,26445,26446,1,N
4101,26452,26452,0,S
4104,26457,26458,1,N
4081,26417,26460,43,E
4082,26417,26460,43,W
4086,26423,26460,37,E
4085,26422,26460,38,W
4089,26429,26462,33,E
4087,26427,26462,35,W
4092,26435,26462,27,E
4090,26432,26462,30,W
4095,26441,26464,23,E
4094,26437,26464,27,W
4099,26447,26464,17,E
4096,26442,26464,22,W
4103,26453,26466,13,E
4100,26447,26466,19,W
4106,26459,26466,7,E
4102,26452,26466,14,W
4109,26465,26468,3,E
4105,26457,26468,11,W
4108,26462,26468,6,W
4110,26467,26470,3,W
4113,26471,26472,1,E
4114,26472,26472,0,W
4116,26477,26478,1,E
4117,26477,26478,1,W
4119,26482,26482,0,W
4120,26483,26484,1,E
4122,26487,26488,1,W
4123,26489,26490,1,E
4125,26492,26492,0,W
4127,26495,26496,1,E
4128,26497,26498,1,W
4130,26501,26502,1,E
4131,26502,26502,0,W
4133,26507,26508,1,E
4134,26507,26508,1,W
4136,26512,26512,0,W
4137,26513,26514,1,E
4140,26517,26518,1,W
4112,26469,26520,51,N
4107,26460,26520,60,S
4118,26481,26522,41,N
4111,26468,26522,54,S
4126,26493,26524,31,N
4115,26476,26524,48,S
4132,26505,26526,21,N
4121,26484,26526,42,S
4139,26517,26528,11,N
4124,26492,26528,36,S
4146,26529,26530,1,N
4129,26500,26530,30,S
4135,26508,26532,24,S
4138,26516,26534,18,S
4143,26524,26536,12,S
4148,26532,26538,6,S
4152,26540,26540,0,S
4153,26541,26542,1,N
4157,26548,26548,0,S
4160,26553,26554,1,N
4162,26556,26556,0,S
4166,26564,26564,0,S
4141,26519,26566,47,E
4142,26522,26566,44,W
4144,26525,26566,41,E
4145,26527,26566,39,W
4147,26531,26568,37,E
4149,26532,26568,36,W
4150,26537,26568,31,E
4151,26537,26568,31,W
4155,26543,26570,27,E
4154,26542,26570,28,W
4158,26549,26570,21,E
4156,26547,26570,23,W
4161,26555,26572,17,E
4159,26552,26572,20,W
4164,26561,26572,11,E
4163,26557,26572,15,W
4168,26567,26574,7,E
4165,26562,26574,12,W
4172,26573,26574,1,E
4169,26567,26574,7,W
4171,26572,26576,4,W
4174,26577,26578,1,W
4175,26579,26580,1,E
4177,26582,26582,0,W
4178,26585,26586,1,E
4179,26587,26588,1,W
4182,26591,26592,1,E
4183,26592,26592,0,W
4185,26597,26598,1,E
4186,26597,26598,1,W
4188,26602,26602,0,W
4189,26603,26604,1,E
4191,26607,26608,1,W
4192,26609,26610,1,E
4194,26612,26612,0,W
4196,26615,26616,1,E
4197,26617,26618,1,W
4199,26621,26622,1,E
4200,26622,26622,0,W
4167,26565,26626,61,N
4170,26572,26626,54,S
4173,26577,26628,51,N
4176,26580,26628,48,S
4181,26589,26630,41,N
4180,26588,26630,42,S
4187,26601,26632,31,N
4184,26596,26632,36,S
4195,26613,26634,21,N
4190,26604,26634,30,S
4201,26625,26636,11,N
4193,26612,26636,24,S
4208,26637,26638,1,N
4198,26620,26638,18,S
4204,26628,26640,12,S
4207,26636,26642,6,S
4212,26644,26644,0,S
4215,26649,26650,1,N
4217,26652,26652,0,S
4221,26660,26660,0,S
4222,26661,26662,1,N
4226,26668,26668,0,S
4202,26627,26670,43,E
4203,26627,26670,43,W
4206,26633,26670,37,E
4205,26632,26670,38,W
4210,26639,26672,33,E
4209,26637,26672,35,W
4213,26645,26672,27,E
4211,26642,26672,30,W
4216,26651,26674,23,E
4214,26647,26674,27,W
4219,26657,26674,17,E
4218,26652,26674,22,W
4224,26663,26676,13,E
4220,26657,26676,19,W
4227,26669,26676,7,E
4223,26662,26676,14,W
4230,26675,26678,3,E
4225,26667,26678,11,W
4228,26672,26678,6,W
4232,26677,26680,3,W
4233,26681,26682,1,E
4234,26682,26682,0,W
4237,26687,26688,1,E
4238,26687,26688,1,W
4240,26692,26692,0,W
4241,26693,26694,1,E
4243,26697,26698,1,W
4244,26699,26700,1,E
4246,26702,26702,0,W
4247,26705,26706,1,E
4248,26707,26708,1,W
4251,26711,26712,1,E
4252,26712,26712,0,W
4254,26717,26718,1,E
4255,26717,26718,1,W
4257,26722,26722,0,W
4258,26723,26724,1,E
4260,26727,26728,1,W
4229,26673,26730,57,N
4231,26676,26730,54,S
4236,26685,26732,47,N
4235,26684,26732,48,S
4242,26697,26734,37,N
4239,26692,26734,42,S
4250,26709,26736,27,N
4245,26700,26736,36,S
4256,26721,26738,17,N
4249,26708,26738,30,S
4264,26733,26740,7,N
4253,26716,26740,24,S
4259,26724,26742,18,S
4262,26732,26744,12,S
4270,26745,26746,1,N
4267,26740,26746,6,S
4273,26748,26748,0,S
4276,26756,26756,0,S
4277,26757,26758,1,N
4281,26764,26764,0,S
4284,26769,26770,1,N
4286,26772,26772,0,S
4261,26729,26776,47,E
4263,26732,26776,44,W
4265,26735,26776,41,E
4266,26737,26776,39,W
4268,26741,26778,37,E
4269,26742,26778,36,W
4271,26747,26778,31,E
4272,26747,26778,31,W
4275,26753,26780,27,E
4274,26752,26780,28,W
4279,26759,26780,21,E
4278,26757,26780,23,W
4282,26765,26782,17,E
4280,26762,26782,20,W
4285,26771,26782,11,E
4283,26767,26782,15,W
4288,26777,26784,7,E
4287,26772,26784,12,W
4293,26783,26784,1,E
4289,26777,26784,7,W
4292,26782,26786,4,W
4294,26787,26788,1,W
4296,26789,26790,1,E
4297,26792,26792,0,W
4299,26795,26796,1,E
4301,26797,26798,1,W
4302,26801,26802,1,E
4303,26802,26802,0,W
4306,26807,26808,1,E
4307,26807,26808,1,W
4309,26812,26812,0,W
4310,26813,26814,1,E
4312,26817,26818,1,W
4313,26819,26820,1,E
4315,26822,26822,0,W
4316,26825,26826,1,E
4317,26827,26828,1,W
4320,26831,26832,1,E
4321,26832,26832,0,W
4291,26781,26836,55,N
4290,26780,26836,56,S
4298,26793,26838,45,N
4295,26788,26838,50,S
4305,26805,26840,35,N
4300,26796,26840,44,S
4311,26817,26842,25,N
4304,26804,26842,38,S
4319,26829,26844,15,N
4308,26812,26844,32,S
4325,26841,26846,5,N
4314,26820,26846,26,S
4318,26828,26848,20,S
4322,26836,26850,14,S
4328,26844,26852,8,S
4333,26853,26854,1,N
4331,26852,26854,2,S
4336,26860,26860,0,S
4339,26865,26866,1,N
4342,26868,26868,0,S
4345,26876,26876,0,S
4346,26877,26878,1,N
4323,26837,26880,43,E
4324,26837,26880,43,W
4327,26843,26880,37,E
4326,26842,26880,38,W
4330,26849,26882,33,E
4329,26847,26882,35,W
4334,26855,26882,27,E
4332,26852,26882,30,W
4337,26861,26884,23,E
4335,26857,26884,27,W
4340,26867,26884,17,E
4338,26862,26884,22,W
4344,26873,26886,13,E
4341,26867,26886,19,W
4348,26879,26886,7,E
4343,26872,26886,14,W
4351,26885,26888,3,E
4347,26877,26888,11,W
4349,26882,26888,6,W
4352,26887,26890,3,W
4354,26891,26892,1,E
4356,26892,26892,0,W
4357,26897,26898,1,E
4358,26897,26898,1,W
4361,26902,26902,0,W
4362,26903,26904,1,E
4363,26907,26908,1,W
4365,26909,26910,1,E
4366,26912,26912,0,W
4368,26915,26916,1,E
4370,26917,26918,1,W
4371,26921,26922,1,E
4372,26922,26922,0,W
4375,26927,26928,1,E
4376,26927,26928,1,W
4378,26932,26932,0,W
4379,26933,26934,1,E
4381,26937,26938,1,W
4353,26889,26940,51,N
4350,26884,26940,56,S
4360,26901,26942,41,N
4355,26892,26942,50,S
4367,26913,26944,31,N
4359,26900,26944,44,S
4374,26925,26946,21,N
4364,26908,26946,38,S
4380,26937,26948,11,N
4369,26916,26948,32,S
4388,26949,26950,1,N
4373,26924,26950,26,S
4377,26932,26952,20,S
4383,26940,26954,14,S
4387,26948,26956,8,S
4391,26956,26958,2,S
4394,26961,26962,1,N
4397,26964,26964,0,S
4400,26972,26972,0,S
4402,26973,26974,1,N
4405,26980,26980,0,S
4382,26939,26986,47,E
4384,26942,26986,44,W
4385,26945,26986,41,E
4386,26947,26986,39,W
4389,26951,26988,37,E
4390,26952,26988,36,W
4392,26957,26988,31,E
4393,26957,26988,31,W
4396,26963,26990,27,E
4395,26962,26990,28,W
4399,26969,26990,21,E
4398,26967,26990,23,W
4403,26975,26992,17,E
4401,26972,26992,20,W
4406,26981,26992,11,E
4404,26977,26992,15,W
4409,26987,26994,7,E
4407,26982,26994,12,W
4413,26993,26994,1,E
4410,26987,26994,7,W
4412,26992,26996,4,W
4416,26997,26998,1,W
4417,26999,27000,1,E
4418,27002,27002,0,W
4420,27005,27006,1,E
4421,27007,27008,1,W
4423,27011,27012,1,E
4425,27012,27012,0,W
4426,27017,27018,1,E
4427,27017,27018,1,W
4430,27022,27022,0,W
4431,27023,27024,1,E
4432,27027,27028,1,W
4434,27029,27030,1,E
4435,27032,27032,0,W
4437,27035,27036,1,E
4439,27037,27038,1,W
4440,27041,27042,1,E
4441,27042,27042,0,W
4408,26985,27046,61,N
4411,26988,27046,58,S
4415,26997,27048,51,N
4414,26996,27048,52,S
4422,27009,27050,41,N
4419,27004,27050,46,S
4429,27021,27052,31,N
4424,27012,27052,40,S
4436,27033,27054,21,N
4428,27020,27054,34,S
4443,27045,27056,11,N
4433,27028,27056,28,S
4449,27057,27058,1,N
4438,27036,27058,22,S
4442,27044,27060,16,S
4446,27052,27062,10,S
4452,27060,27064,4,S
4456,27068,27068,0,S
4457,27069,27070,1,N
4460,27076,27076,0,S
4463,27081,27082,1,N
4466,27084,27084,0,S
4444,27047,27090,43,E
4445,27047,27090,43,W
4448,27053,27090,37,E
4447,27052,27090,38,W
4451,27059,27092,33,E
4450,27057,27092,35,W
4454,27065,27092,27,E
4453,27062,27092,30,W
4458,27071,27094,23,E
4455,27067,27094,27,W
4461,27077,27094,17,E
4459,27072,27094,22,W
4465,27083,27096,13,E
4462,27077,27096,19,W
4468,27089,27096,7,E
4464,27082,27096,14,W
4472,27095,27098,3,E
4467,27087,27098,11,W
4470,27092,27098,6,W
4473,27097,27100,3,W
4475,27101,27102,1,E
4476,27102,27102,0,W
4478,27107,27108,1,E
4479,27107,27108,1,W
4481,27112,27112,0,W
4482,27113,27114,1,E
4485,27117,27118,1,W
4486,27119,27120,1,E
4487,27122,27122,0,W
4489,27125,27126,1,E
4490,27127,27128,1,W
4492,27131,27132,1,E
4494,27132,27132,0,W
4495,27137,27138,1,E
4496,27137,27138,1,W
4499,27142,27142,0,W
4500,27143,27144,1,E
4501,27147,27148,1,W
4471,27093,27150,57,N
4469,27092,27150,58,S
4477,27105,27152,47,N
4474,27100,27152,52,S
4484,27117,27154,37,N
4480,27108,27154,46,S
4491,27129,27156,27,N
4483,27116,27156,40,S
4498,27141,27158,17,N
4488,27124,27158,34,S
4505,27153,27160,7,N
4493,27132,27160,28,S
4497,27140,27162,22,S
4502,27148,27164,16,S
4512,27165,27166,1,N
4507,27156,27166,10,S
4511,27164,27168,4,S
4515,27172,27172,0,S
4518,27177,27178,1,N
4521,27180,27180,0,S
4525,27188,27188,0,S
4526,27189,27190,1,N
4503,27149,27196,47,E
4504,27152,27196,44,W
4506,27155,27196,41,E
4508,27157,27196,39,W
4509,27161,27198,37,E
4510,27162,27198,36,W
4513,27167,27198,31,E
4514,27167,27198,31,W
4517,27173,27200,27,E
4516,27172,27200,28,W
4520,27179,27200,21,E
4519,27177,27200,23,W
4523,27185,27202,17,E
4522,27182,27202,20,W
4527,27191,27202,11,E
4524,27187,27202,15,W
4530,27197,27204,7,E
4528,27192,27204,12,W
4534,27203,27204,1,E
4531,27197,27204,7,W
4533,27202,27206,4,W
4536,27207,27208,1,W
4537,27209,27210,1,E
4539,27212,27212,0,W
4541,27215,27216,1,E
4542,27217,27218,1,W
4544,27221,27222,1,E
4545,27222,27222,0,W
4547,27227,27228,1,E
4548,27227,27228,1,W
4550,27232,27232,0,W
4551,27233,27234,1,E
4554,27237,27238,1,W
4555,27239,27240,1,E
4556,27242,27242,0,W
4558,27245,27246,1,E
4559,27247,27248,1,W
4561,27251,27252,1,E
4563,27252,27252,0,W
4532,27201,27256,55,N
4529,27196,27256,60,S
4540,27213,27258,45,N
4535,27204,27258,54,S
4546,27225,27260,35,N
4538,27212,27260,48,S
4553,27237,27262,25,N
4543,27220,27262,42,S
4560,27249,27264,15,N
4549,27228,27264,36,S
4567,27261,27266,5,N
4552,27236,27266,30,S
4557,27244,27268,24,S
4562,27252,27270,18,S
4566,27260,27272,12,S
4574,27273,27274,1,N
4571,27268,27274,6,S
4576,27276,27276,0,S
4580,27284,27284,0,S
4581,27285,27286,1,N
4584,27292,27292,0,S
4587,27297,27298,1,N
4564,27257,27300,43,E
4565,27257,27300,43,W
4569,27263,27300,37,E
4568,27262,27300,38,W
4572,27269,27302,33,E
4570,27267,27302,35,W
4575,27275,27302,27,E
4573,27272,27302,30,W
4578,27281,27304,23,E
4577,27277,27304,27,W
4582,27287,27304,17,E
4579,27282,27304,22,W
4586,27293,27306,13,E
4583,27287,27306,19,W
4589,27299,27306,7,E
4585,27292,27306,14,W
4592,27305,27308,3,E
4588,27297,27308,11,W
4591,27302,27308,6,W
4593,27307,27310,3,W
4596,27311,27312,1,E
4597,27312,27312,0,W
4599,27317,27318,1,E
4600,27317,27318,1,W
4602,27322,27322,0,W
4603,27323,27324,1,E
4605,27327,27328,1,W
4606,27329,27330,1,E
4608,27332,27332,0,W
4610,27335,27336,1,E
4611,27337,27338,1,W
4613,27341,27342,1,E
4614,27342,27342,0,W
4616,27347,27348,1,E
4617,27347,27348,1,W
4619,27352,27352,0,W
4620,27353,27354,1,E
4623,27357,27358,1,W
4595,27309,27360,51,N
4590,27300,27360,60,S
4601,27321,27362,41,N
4594,27308,27362,54,S
4609,27333,27364,31,N
4598,27316,27364,48,S
4615,27345,27366,21,N
4604,27324,27366,42,S
4622,27357,27368,11,N
4607,27332,27368,36,S
4629,27369,27370,1,N
4612,27340,27370,30,S
4618,27348,27372,24,S
4621,27356,27374,18,S
4626,27364,27376,12,S
4631,27372,27378,6,S
4635,27380,27380,0,S
4636,27381,27382,1,N
4640,27388,27388,0,S
4643,27393,27394,1,N
4645,27396,27396,0,S
4649,27404,27404,0,S
4624,27359,27406,47,E
4625,27362,27406,44,W
4627,27365,27406,41,E
4628,27367,27406,39,W
4630,27371,27408,37,E
4632,27372,27408,36,W
4633,27377,27408,31,E
4634,27377,27408,31,W
4638,27383,27410,27,E
4637,27382,27410,28,W
4641,27389,27410,21,E
4639,27387,27410,23,W
4644,27395,27412,17,E
4642,27392,27412,20,W
4647,27401,27412,11,E
4646,27397,27412,15,W
4651,27407,27414,7,E
4648,27402,27414,12,W
4655,27413,27414,1,E
4652,27407,27414,7,W
4654,27412,27416,4,W
4657,27417,27418,1,W
4658,27419,27420,1,E
4660,27422,27422,0,W
4661,27425,27426,1,E
4662,27427,27428,1,W
4665,27431,27432,1,E
4666,27432,27432,0,W
4668,27437,27438,1,E
4669,27437,27438,1,W
4671,27442,27442,0,W
4672,27443,27444,1,E
4674,27447,27448,1,W
4675,27449,27450,1,E
4677,27452,27452,0,W
4679,27455,27456,1,E
4680,27457,27458,1,W
4682,27461,27462,1,E
4683,27462,27462,0,W
4650,27405,27466,61,N
4653,27412,27466,54,S
4656,27417,27468,51,N
4659,27420,27468,48,S
4664,27429,27470,41,N
4663,27428,27470,42,S
4670,27441,27472,31,N
4667,27436,27472,36,S
4678,27453,27474,21,N
4673,27444,27474,30,S
4684,27465,27476,11,N
4676,27452,27476,24,S
4691,27477,27478,1,N
4681,27460,27478,18,S
4687,27468,27480,12,S
4690,27476,27482,6,S
4695,27484,27484,0,S
4698,27489,27490,1,N
4700,27492,27492,0,S
4704,27500,27500,0,S
4705,27501,27502,1,N
4709,27508,27508,0,S
4685,27467,27510,43,E
4686,27467,27510,43,W
4689,27473,27510,37,E
4688,27472,27510,38,W
4693,27479,27512,33,E
4692,27477,27512,35,W
4696,27485,27512,27,E
4694,27482,27512,30,W
4699,27491,27514,23,E
4697,27487,27514,27,W
4702,27497,27514,17,E
4701,27492,27514,22,W
4707,27503,27516,13,E
4703,27497,27516,19,W
4710,27509,27516,7,E
4706,27502,27516,14,W
4713,27515,27518,3,E
4708,27507,27518,11,W
4711,27512,27518,6,W
4715,27517,27520,3,W
4716,27521,27522,1,E
4717,27522,27522,0,W
4720,27527,27528,1,E
4721,27527,27528,1,W
4723,27532,27532,0,W
4724,27533,27534,1,E
4726,27537,27538,1,W
4727,27539,27540,1,E
4729,27542,27542,0,W
4730,27545,27546,1,E
4731,27547,27548,1,W
4734,27551,27552,1,E
4735,27552,27552,0,W
4737,27557,27558,1,E
4738,27557,27558,1,W
4740,27562,27562,0,W
4741,27563,27564,1,E
4743,27567,27568,1,W
4712,27513,27570,57,N
4714,27516,27570,54,S
4719,27525,27572,47,N
4718,27524,27572,48,S
4725,27537,27574,37,N
4722,27532,27574,42,S
4733,27549,27576,27,N
4728,27540,27576,36,S
4739,27561,27578,17,N
4732,27548,27578,30,S
4747,27573,27580,7,N
4736,27556,27580,24,S
4742,27564,27582,18,S
4745,27572,27584,12,S
4753,27585,27586,1,N
4750,27580,27586,6,S
4756,27588,27588,0,S
4759,27596,27596,0,S
4760,27597,27598,1,N
4764,27604,27604,0,S
4767,27609,27610,1,N
4769,27612,27612,0,S
4744,27569,27616,47,E
4746,27572,27616,44,W
4748,27575,27616,41,E
4749,27577,27616,39,W
4751,27581,27618,37,E
4752,27582,27618,36,W
4754,27587,27618,31,E
4755,27587,27618,31,W
4758,27593,27620,27,E
4757,27592,27620,28,W
4762,27599,27620,21,E
4761,27597,27620,23,W
4765,27605,27622,17,E
4763,27602,27622,20,W
4768,27611,27622,11,E
4766,27607,27622,15,W
4771,27617,27624,7,E
4770,27612,27624,12,W
4776,27623,27624,1,E
4772,27617,27624,7,W
4775,27622,27626,4,W
4777,27627,27628,1,W
4779,27629,27630,1,E
4780,27632,27632,0,W
4782,27635,27636,1,E
4784,27637,27638,1,W
4785,27641,27642,1,E
4786,27642,27642,0,W
4789,27647,27648,1,E
4790,27647,27648,1,W
4792,27652,27652,0,W
4793,27653,27654,1,E
4795,27657,27658,1,W
4796,27659,27660,1,E
4798,27662,27662,0,W
4799,27665,27666,1,E
4800,27667,27668,1,W
4803,27671,27672,1,E
4804,27672,27672,0,W
4774,27621,27676,55,N
4773,27620,27676,56,S
4781,27633,27678,45,N
4778,27628,27678,50,S
4788,27645,27680,35,N
4783,27636,27680,44,S
4794,27657,27682,25,N
4787,27644,27682,38,S
4802,27669,27684,15,N
4791,27652,27684,32,S
4808,27681,27686,5,N
4797,27660,27686,26,S
4801,27668,27688,20,S
4805,27676,27690,14,S
4811,27684,27692,8,S
4816,27693,27694,1,N
4814,27692,27694,2,S
4819,27700,27700,0,S
4822,27705,27706,1,N
4825,27708,27708,0,S
4828,27716,27716,0,S
4829,27717,27718,1,N
4806,27677,27720,43,E
4807,27677,27720,43,W
4810,27683,27720,37,E
4809,27682,27720,38,W
4813,27689,27722,33,E
4812,27687,27722,35,W
4817,27695,27722,27,E
4815,27692,27722,30,W
4820,27701,27724,23,E
4818,27697,27724,27,W
4823,27707,27724,17,E
4821,27702,27724,22,W
4827,27713,27726,13,E
4824,27707,27726,19,W
4831,27719,27726,7,E
4826,27712,27726,14,W
4834,27725,27728,3,E
4830,27717,27728,11,W
4832,27722,27728,6,W
4835,27727,27730,3,W
4837,27731,27732,1,E
4839,27732,27732,0,W
4840,27737,27738,1,E
4841,27737,27738,1,W
4844,27742,27742,0,W
4845,27743,27744,1,E
4846,27747,27748,1,W
4848,27749,27750,1,E
4849,27752,27752,0,W
4851,27755,27756,1,E
4853,27757,27758,1,W
4854,27761,27762,1,E
4855,27762,27762,0,W
4858,27767,27768,1,E
4859,27767,27768,1,W
4861,27772,27772,0,W
4862,27773,27774,1,E
4864,27777,27778,1,W
4836,27729,27780,51,N
4833,27724,27780,56,S
4843,27741,27782,41,N
4838,27732,27782,50,S
4850,27753,27784,31,N
4842,27740,27784,44,S
4857,27765,27786,21,N
4847,27748,27786,38,S
4863,27777,27788,11,N
4852,27756,27788,32,S
4871,27789,27790,1,N
4856,27764,27790,26,S
4860,27772,27792,20,S
4866,27780,27794,14,S
4870,27788,27796,8,S
4874,27796,27798,2,S
4877,27801,27802,1,N
4880,27804,27804,0,S
4883,27812,27812,0,S
4885,27813,27814,1,N
4888,27820,27820,0,S
4865,27779,27826,47,E
4867,27782,27826,44,W
4868,27785,27826,41,E
4869,27787,27826,39,W
4872,27791,27828,37,E
4873,27792,27828,36,W
4875,27797,27828,31,E
4876,27797,27828,31,W
4879,27803,27830,27,E
4878,27802,27830,28,W
4882,27809,27830,21,E
4881,27807,27830,23,W
4886,27815,27832,17,E
4884,27812,27832,20,W
4889,27821,27832,11,E
4887,27817,27832,15,W
4892,27827,27834,7,E
4890,27822,27834,12,W
4896,27833,27834,1,E
4893,27827,27834,7,W
4895,27832,27836,4,W
4899,27837,27838,1,W
4900,27839,27840,1,E
4901,27842,27842,0,W
4903,27845,27846,1,E
4904,27847,27848,1,W
4906,27851,27852,1,E
4908,27852,27852,0,W
4909,27857,27858,1,E
4910,27857,27858,1,W
4913,27862,27862,0,W
4914,27863,27864,1,E
4915,27867,27868,1,W
4917,27869,27870,1,E
4918,27872,27872,0,W
4920,27875,27876,1,E
4922,27877,27878,1,W
4923,27881,27882,1,E
4924,27882,27882,0,W
4891,27825,27886,61,N
4894,27828,27886,58,S
4898,27837,27888,51,N
4897,27836,27888,52,S
4905,27849,27890,41,N
4902,27844,27890,46,S
4912,27861,27892,31,N
4907,27852,27892,40,S
4919,27873,27894,21,N
4911,27860,27894,34,S
4926,27885,27896,11,N
4916,27868,27896,28,S
4932,27897,27898,1,N
4921,27876,27898,22,S
4925,27884,27900,16,S
4929,27892,27902,10,S
4935,27900,27904,4,S
4939,27908,27908,0,S
4940,27909,27910,1,N
4943,27916,27916,0,S
4946,27921,27922,1,N
4949,27924,27924,0,S
4927,27887,27930,43,E
4928,27887,27930,43,W
4931,27893,27930,37,E
4930,27892,27930,38,W
4934,27899,27932,33,E
4933,27897,27932,35,W
4937,27905,27932,27,E
4936,27902,27932,30,W
4941,27911,27934,23,E
4938,27907,27934,27,W
4944,27917,27934,17,E
4942,27912,27934,22,W
4948,27923,27936,13,E
4945,27917,27936,19,W
4951,27929,27936,7,E
4947,27922,27936,14,W
4955,27935,27938,3,E
4950,27927,27938,11,W
4953,27932,27938,6,W
4956,27937,27940,3,W
4958,27941,27942,1,E
4959,27942,27942,0,W
4961,27947,27948,1,E
4962,27947,27948,1,W
4964,27952,27952,0,W
4965,27953,27954,1,E
4968,27957,27958,1,W
4969,27959,27960,1,E
4970,27962,27962,0,W
4972,27965,27966,1,E
4973,27967,27968,1,W
4975,27971,27972,1,E
4977,27972,27972,0,W
4978,27977,27978,1,E
4979,27977,27978,1,W
4982,27982,27982,0,W
4983,27983,27984,1,E
4984,27987,27988,1,W
4954,27933,27990,57,N
4952,27932,27990,58,S
4960,27945,27992,47,N
4957,27940,27992,52,S
4967,27957,27994,37,N
4963,27948,27994,46,S
4974,27969,27996,27,N
4966,27956,27996,40,S
4981,27981,27998,17,N
4971,27964,27998,34,S
4988,27993,28000,7,N
4976,27972,28000,28,S
4980,27980,28002,22,S
4985,27988,28004,16,S
4995,28005,28006,1,N
4990,27996,28006,10,S
4994,28004,28008,4,S
4998,28012,28012,0,S
5001,28017,28018,1,N
5004,28020,28020,0,S
5008,28028,28028,0,S
5009,28029,28030,1,N
4986,27989,28036,47,E
4987,27992,28036,44,W
4989,27995,28036,41,E
4991,27997,28036,39,W
4992,28001,28038,37,E
4993,28002,28038,36,W
4996,28007,28038,31,E
4997,28007,28038,31,W
5000,28013,28040,27,E
4999,28012,28040,28,W
5003,28019,28040,21,E
5002,28017,28040,23,W
5006,28025,28042,17,E
5005,28022,28042,20,W
5010,28031,28042,11,E
5007,28027,28042,15,W
5013,28037,28044,7,E
5011,28032,28044,12,W
5017,28043,28044,1,E
5014,28037,28044,7,W
5016,28042,28046,4,W
5019,28047,28048,1,W
5020,28049,28050,1,E
5022,28052,28052,0,W
5024,28055,28056,1,E
5025,28057,28058,1,W
5027,28061,28062,1,E
5028,28062,28062,0,W
5030,28067,28068,1,E
5031,28067,28068,1,W
5033,28072,28072,0,W
5034,28073,28074,1,E
5037,28077,28078,1,W
5038,28079,28080,1,E
5039,28082,28082,0,W
5041,28085,28086,1,E
5042,28087,28088,1,W
5044,28091,28092,1,E
5046,28092,28092,0,W
5015,28041,28096,55,N
5012,28036,28096,60,S
5023,28053,28098,45,N
5018,28044,28098,54,S
5029,28065,28100,35,N
5021,28052,28100,48,S
5036,28077,28102,25,N
5026,28060,28102,42,S
5043,28089,28104,15,N
5032,28068,28104,36,S
5050,28101,28106,5,N
5035,28076,28106,30,S
5040,28084,28108,24,S
5045,28092,28110,18,S
5049,28100,28112,12,S
5057,28113,28114,1,N
5054,28108,28114,6,S
5059,28116,28116,0,S
5063,28124,28124,0,S
5064,28125,28126,1,N
5067,28132,28132,0,S
5070,28137,28138,1,N
5047,28097,28140,43,E
5048,28097,28140,43,W
5052,28103,28140,37,E
5051,28102,28140,38,W
5055,28109,28142,33,E
5053,28107,28142,35,W
5058,28115,28142,27,E
5056,28112,28142,30,W
5061,28121,28144,23,E
5060,28117,28144,27,W
5065,28127,28144,17,E
5062,28122,28144,22,W
5069,28133,28146,13,E
5066,28127,28146,19,W
5072,28139,28146,7,E
5068,28132,28146,14,W
5075,28145,28148,3,E
5071,28137,28148,11,W
5074,28142,28148,6,W
5076,28147,28150,3,W
5079,28151,28152,1,E
5080,28152,28152,0,W
5082,28157,28158,1,E
5083,28157,28158,1,W
5085,28162,28162,0,W
5086,28163,28164,1,E
5088,28167,28168,1,W
5089,28169,28170,1,E
5091,28172,28172,0,W
5093,28175,28176,1,E
5094,28177,28178,1,W
5096,28181,28182,1,E
5097,28182,28182,0,W
5099,28187,28188,1,E
5100,28187,28188,1,W
5102,28192,28192,0,W
5103,28193,28194,1,E
5106,28197,28198,1,W
5078,28149,28200,51,N
5073,28140,28200,60,S
5084,28161,28202,41,N
5077,28148,28202,54,S
5092,28173,28204,31,N
5081,28156,28204,48,S
5098,28185,28206,21,N
5087,28164,28206,42,S
5105,28197,28208,11,N
5090,28172,28208,36,S
5112,28209,28210,1,N
5095,28180,28210,30,S
5101,28188,28212,24,S
5104,28196,28214,18,S
5109,28204,28216,12,S
5114,28212,28218,6,S
5118,28220,28220,0,S
5119,28221,28222,1,N
5123,28228,28228,0,S
5126,28233,28234,1,N
5128,28236,28236,0,S
5132,28244,28244,0,S
5107,28199,28246,47,E
5108,28202,28246,44,W
5110,28205,28246,41,E
5111,28207,28246,39,W
5113,28211,28248,37,E
5115,28212,28248,36,W
5116,28217,28248,31,E
5117,28217,28248,31,W
5121,28223,28250,27,E
5120,28222,28250,28,W
5124,28229,28250,21,E
5122,28227,28250,23,W
5127,28235,28252,17,E
5125,28232,28252,20,W
5130,28241,28252,11,E
5129,28237,28252,15,W
5134,28247,28254,7,E
5131,28242,28254,12,W
5138,28253,28254,1,E
5135,28247,28254,7,W
5137,28252,28256,4,W
5140,28257,28258,1,W
5141,28259,28260,1,E
5143,28262,28262,0,W
5144,28265,28266,1,E
5145,28267,28268,1,W
5148,28271,28272,1,E
5149,28272,28272,0,W
5151,28277,28278,1,E
5152,28277,28278,1,W
5154,28282,28282,0,W
5155,28283,28284,1,E
5157,28287,28288,1,W
5158,28289,28290,1,E
5160,28292,28292,0,W
5162,28295,28296,1,E
5163,28297,28298,1,W
5165,28301,28302,1,E
5166,28302,28302,0,W
5133,28245,28306,61,N
5136,28252,28306,54,S
5139,28257,28308,51,N
5142,28260,28308,48,S
5147,28269,28310,41,N
5146,28268,28310,42,S
5153,28281,28312,31,N
5150,28276,28312,36,S
5161,28293,28314,21,N
5156,28284,28314,30,S
5167,28305,28316,11,N
5159,28292,28316,24,S
5174,28317,28318,1,N
5164,28300,28318,18,S
5170,28308,28320,12,S
5173,28316,28322,6,S
5178,28324,28324,0,S
5181,28329,28330,1,N
5183,28332,28332,0,S
5187,28340,28340,0,S
5188,28341,28342,1,N
5192,28348,28348,0,S
5168,28307,28350,43,E
5169,28307,28350,43,W
5172,28313,28350,37,E
5171,28312,28350,38,W
5176,28319,28352,33,E
5175,28317,28352,35,W
5179,28325,28352,27,E
5177,28322,28352,30,W
5182,28331,28354,23,E
5180,28327,28354,27,W
5185,28337,28354,17,E
5184,28332,28354,22,W
5190,28343,28356,13,E
5186,28337,28356,19,W
5193,28349,28356,7,E
5189,28342,28356,14,W
5196,28355,28358,3,E
5191,28347,28358,11,W
5194,28352,28358,6,W
5198,28357,28360,3,W
5199,28361,28362,1,E
5200,28362,28362,0,W
5203,28367,28368,1,E
5204,28367,28368,1,W
5206,28372,28372,0,W
5207,28373,28374,1,E
5209,28377,28378,1,W
5210,28379,28380,1,E
5212,28382,28382,0,W
5213,28385,28386,1,E
5214,28387,28388,1,W
5217,28391,28392,1,E
5218,28392,28392,0,W
5220,28397,28398,1,E
5221,28397,28398,1,W
5223,28402,28402,0,W
5224,28403,28404,1,E
5226,28407,28408,1,W
5195,28353,28410,57,N
5197,28356,28410,54,S
5202,28365,28412,47,N
5201,28364,28412,48,S
5208,28377,28414,37,N
5205,28372,28414,42,S
5216,28389,28416,27,N
5211,28380,28416,36,S
5222,28401,28418,17,N
5215,28388,28418,30,S
5230,28413,28420,7,N
5219,28396,28420,24,S
5225,28404,28422,18,S
5228,28412,28424,12,S
5236,28425,28426,1,N
5233,28420,28426,6,S
5239,28428,28428,0,S
5242,28436,28436,0,S
5243,28437,28438,1,N
5247,28444,28444,0,S
5250,28449,28450,1,N
5252,28452,28452,0,S
5227,28409,28456,47,E
5229,28412,28456,44,W
5231,28415,28456,41,E
5232,28417,28456,39,W
5234,28421,28458,37,E
5235,28422,28458,36,W
5237,28427,28458,31,E
5238,28427,28458,31,W
5241,28433,28460,27,E
5240,28432,28460,28,W
5245,28439,28460,21,E
5244,28437,28460,23,W
5248,28445,28462,17,E
5246,28442,28462,20,W
5251,28451,28462,11,E
5249,28447,28462,15,W
5254,28457,28464,7,E
5253,28452,28464,12,W
5259,28463,28464,1,E
5255,28457,28464,7,W
5258,28462,28466,4,W
5260,28467,28468,1,W
5262,28469,28470,1,E
5263,28472,28472,0,W
5265,28475,28476,1,E
5267,28477,28478,1,W
5268,28481,28482,1,E
5269,28482,28482,0,W
5272,28487,28488,1,E
5273,28487,28488,1,W
5275,28492,28492,0,W
5276,28493,28494,1,E
5278,28497,28498,1,W
5279,28499,28500,1,E
5281,28502,28502,0,W
5282,28505,28506,1,E
5283,28507,28508,1,W
5286,28511,28512,1,E
5287,28512,28512,0,W
5257,28461,28516,55,N
5256,28460,28516,56,S
5264,28473,28518,45,N
5261,28468,28518,50,S
5271,28485,28520,35,N
5266,28476,28520,44,S
5277,28497,28522,25,N
5270,28484,28522,38,S
5285,28509,28524,15,N
5274,28492,28524,32,S
5291,28521,28526,5,N
5280,28500,28526,26,S
5284,28508,28528,20,S
5288,28516,28530,14,S
5294,28524,28532,8,S
5299,28533,28534,1,N
5297,28532,28534,2,S
5302,28540,28540,0,S
5305,28545,28546,1,N
5308,28548,28548,0,S
5311,28556,28556,0,S
5312,28557,28558,1,N
5289,28517,28560,43,E
5290,28517,28560,43,W
5293,28523,28560,37,E
5292,28522,28560,38,W
5296,28529,28562,33,E
5295,28527,28562,35,W
5300,28535,28562,27,E
5298,28532,28562,30,W
5303,28541,28564,23,E
5301,28537,28564,27,W
5306,28547,28564,17,E
5304,28542,28564,22,W
5310,28553,28566,13,E
5307,28547,28566,19,W
5314,28559,28566,7,E
5309,28552,28566,14,W
5317,28565,28568,3,E
5313,28557,28568,11,W
5315,28562,28568,6,W
5318,28567,28570,3,W
5320,28571,28572,1,E
5322,28572,28572,0,W
5323,28577,28578,1,E
5324,28577,28578,1,W
5327,28582,28582,0,W
5328,28583,28584,1,E
5329,28587,28588,1,W
5331,28589,28590,1,E
5332,28592,28592,0,W
5334,28595,28596,1,E
5336,28597,28598,1,W
5337,28601,28602,1,E
5338,28602,28602,0,W
5341,28607,28608,1,E
5342,28607,28608,1,W
5344,28612,28612,0,W
5345,28613,28614,1,E
5347,28617,28618,1,W
5319,28569,28620,51,N
5316,28564,28620,56,S
5326,28581,28622,41,N
5321,28572,28622,50,S
5333,28593,28624,31,N
5325,28580,28624,44,S
5340,28605,28626,21,N
5330,28588,28626,38,S
5346,28617,28628,11,N
5335,28596,28628,32,S
5354,28629,28630,1,N
5339,28604,28630,26,S
5343,28612,28632,20,S
5349,28620,28634,14,S
5353,28628,28636,8,S
5357,28636,28638,2,S
5360,28641,28642,1,N
5363,28644,28644,0,S
5366,28652,28652,0,S
5368,28653,28654,1,N
5371,28660,28660,0,S
5348,28619,28666,47,E
5350,28622,28666,44,W
5351,28625,28666,41,E
5352,28627,28666,39,W
5355,28631,28668,37,E
5356,28632,28668,36,W
5358,28637,28668,31,E
5359,28637,28668,31,W
5362,28643,28670,27,E
5361,28642,28670,28,W
5365,28649,28670,21,E
5364,28647,28670,23,W
5369,28655,28672,17,E
5367,28652,28672,20,W
5372,28661,28672,11,E
5370,28657,28672,15,W
5375,28667,28674,7,E
5373,28662,28674,12,W
5379,28673,28674,1,E
5376,28667,28674,7,W
5378,28672,28676,4,W
5382,28677,28678,1,W
5383,28679,28680,1,E
5384,28682,28682,0,W
5386,28685,28686,1,E
5387,28687,28688,1,W
5389,28691,28692,1,E
5391,28692,28692,0,W
5392,28697,28698,1,E
5393,28697,28698,1,W
5396,28702,28702,0,W
5397,28703,28704,1,E
5398,28707,28708,1,W
5400,28709,28710,1,E
5401,28712,28712,0,W
5403,28715,28716,1,E
5405,28717,28718,1,W
5406,28721,28722,1,E
5407,28722,28722,0,W
5374,28665,28726,61,N
5377,28668,28726,58,S
5381,28677,28728,51,N
5380,28676,28728,52,S
5388,28689,28730,41,N
5385,28684,28730,46,S
5395,28701,28732,31,N
5390,28692,28732,40,S
5402,28713,28734,21,N
5394,28700,28734,34,S
5409,28725,28736,11,N
5399,28708,28736,28,S
5415,28737,28738,1,N
5404,28716,28738,22,S
5408,28724,28740,16,S
5412,28732,28742,10,S
5418,28740,28744,4,S
5422,28748,28748,0,S
5423,28749,28750,1,N
5426,28756,28756,0,S
5429,28761,28762,1,N
5432,28764,28764,0,S
5410,28727,28770,43,E
5411,28727,28770,43,W
5414,28733,28770,37,E
5413,28732,28770,38,W
5417,28739,28772,33,E
5416,28737,28772,35,W
5420,28745,28772,27,E
5419,28742,28772,30,W
5424,28751,28774,23,E
5421,28747,28774,27,W
5427,28757,28774,17,E
5425,28752,28774,22,W
5431,28763,28776,13,E
5428,28757,28776,19,W
5434,28769,28776,7,E
5430,28762,28776,14,W
5438,28775,28778,3,E
5433,28767,28778,11,W
5436,28772,28778,6,W
5439,28777,28780,3,W
5441,28781,28782,1,E
5442,28782,28782,0,W
5444,28787,28788,1,E
5445,28787,28788,1,W
5447,28792,28792,0,W
5448,28793,28794,1,E
5451,28797,28798,1,W
5452,28799,28800,1,E
5453,28802,28802,0,W
5455,28805,28806,1,E
5456,28807,28808,1,W
5458,28811,28812,1,E
5460,28812,28812,0,W
5461,28817,28818,1,E
5462,28817,28818,1,W
5465,28822,28822,0,W
5466,28823,28824,1,E
5467,28827,28828,1,W
5437,28773,28830,57,N
5435,28772,28830,58,S
5443,28785,28832,47,N
5440,28780,28832,52,S
5450,28797,28834,37,N
5446,28788,28834,46,S
5457,28809,28836,27,N
5449,28796,28836,40,S
5464,28822,28838,16,N
5454,28804,28838,34,S
5471,28835,28840,5,N
5459,28812,28840,28,S
5463,28820,28842,22,S
5468,28828,28844,16,S
5473,28836,28846,10,S
5480,28848,28848,0,N
5477,28844,28848,4,S
5481,28852,28852,0,S
5486,28860,28860,0,S
5487,28861,28862,1,N
5491,28868,28868,0,S
5494,28874,28874,0,N
5469,28829,28876,47,E
5470,28832,28876,44,W
5472,28835,28876,41,E
5474,28837,28876,39,W
5475,28841,28878,37,E
5476,28842,28878,36,W
5478,28847,28878,31,E
5479,28847,28878,31,W
5483,28853,28880,27,E
5482,28852,28880,28,W
5485,28859,28880,21,E
5484,28857,28880,23,W
5489,28865,28882,17,E
5488,28862,28882,20,W
5492,28871,28882,11,E
5490,28867,28882,15,W
5496,28877,28884,7,E
5493,28872,28884,12,W
5499,28883,28884,1,E
5497,28877,28884,7,W
5498,28882,28886,4,W
5502,28887,28888,1,W
5503,28889,28890,1,E
5505,28892,28892,0,W
5506,28895,28896,1,E
5507,28897,28898,1,W
5510,28901,28902,1,E
5511,28902,28902,0,W
5512,28907,28908,1,E
5513,28907,28908,1,W
5515,28912,28912,0,W
5517,28913,28914,1,E
5519,28917,28918,1,W
5520,28919,28920,1,E
5521,28922,28922,0,W
5523,28925,28926,1,E
5525,28927,28928,1,W
5526,28931,28932,1,E
5528,28932,28932,0,W
5501,28887,28936,49,N
5495,28876,28936,60,S
5508,28900,28938,38,N
5500,28884,28938,54,S
5516,28913,28940,27,N
5504,28892,28940,48,S
5524,28926,28942,16,N
5509,28900,28942,42,S
5531,28939,28944,5,N
5514,28908,28944,36,S
5518,28916,28946,30,S
5522,28924,28948,24,S
5527,28932,28950,18,S
5538,28952,28952,0,N
5532,28940,28952,12,S
5536,28948,28954,6,S
5541,28956,28956,0,S
5545,28964,28964,0,S
5546,28965,28966,1,N
5549,28972,28972,0,S
5553,28978,28978,0,N
5529,28937,28980,43,E
5530,28937,28980,43,W
5534,28943,28980,37,E
5533,28942,28980,38,W
5537,28949,28982,33,E
5535,28947,28982,35,W
5540,28955,28982,27,E
5539,28952,28982,30,W
5543,28961,28984,23,E
5542,28957,28984,27,W
5547,28967,28984,17,E
5544,28962,28984,22,W
5551,28973,28986,13,E
5548,28967,28986,19,W
5554,28979,28986,7,E
5550,28972,28986,14,W
5557,28985,28988,3,E
5552,28977,28988,11,W
5556,28982,28988,6,W
5558,28987,28990,3,W
5561,28991,28992,1,E
5562,28992,28992,0,W
5564,28997,28998,1,E
5565,28997,28998,1,W
5566,29002,29002,0,W
5567,29003,29004,1,E
5570,29007,29008,1,W
5571,29009,29010,1,E
5573,29012,29012,0,W
5574,29015,29016,1,E
5576,29017,29018,1,W
5578,29021,29022,1,E
5579,29022,29022,0,W
5580,29027,29028,1,E
5581,29027,29028,1,W
5584,29032,29032,0,W
5585,29033,29034,1,E
5587,29037,29038,1,W
5560,28991,29040,49,N
5555,28980,29040,60,S
5568,29004,29042,38,N
5559,28988,29042,54,S
5575,29017,29044,27,N
5563,28996,29044,48,S
5583,29030,29046,16,N
5569,29004,29046,42,S
5590,29043,29048,5,N
5572,29012,29048,36,S
5577,29020,29050,30,S
5582,29028,29052,24,S
5586,29036,29054,18,S
5597,29056,29056,0,N
5591,29044,29056,12,S
5595,29052,29058,6,S
5600,29060,29060,0,S
5604,29068,29068,0,S
5605,29069,29070,1,N
5609,29076,29076,0,S
5612,29082,29082,0,N
5614,29084,29084,0,S
5588,29039,29086,47,E
5589,29042,29086,44,W
5592,29045,29086,41,E
5593,29047,29086,39,W
5594,29051,29088,37,E
5596,29052,29088,36,W
5598,29057,29088,31,E
5599,29057,29088,31,W
5602,29063,29090,27,E
5601,29062,29090,28,W
5606,29069,29090,21,E
5603,29067,29090,23,W
5608,29075,29092,17,E
5607,29072,29092,20,W
5611,29081,29092,11,E
5610,29077,29092,15,W
5615,29087,29094,7,E
5613,29082,29094,12,W
5619,29093,29094,1,E
5616,29087,29094,7,W
5618,29092,29096,4,W
5621,29097,29098,1,W
5622,29099,29100,1,E
5624,29102,29102,0,W
5625,29105,29106,1,E
5626,29107,29108,1,W
5629,29111,29112,1,E
5630,29112,29112,0,W
5632,29117,29118,1,E
5633,29117,29118,1,W
5635,29122,29122,0,W
5636,29123,29124,1,E
5638,29127,29128,1,W
5639,29129,29130,1,E
5641,29132,29132,0,W
5643,29135,29136,1,E
5644,29137,29138,1,W
5646,29141,29142,1,E
5647,29142,29142,0,W
5620,29095,29146,51,N
5617,29092,29146,54,S
5627,29108,29148,40,N
5623,29100,29148,48,S
5634,29121,29150,29,N
5628,29108,29150,42,S
5642,29134,29152,18,N
5631,29116,29152,36,S
5648,29147,29154,7,N
5637,29124,29154,30,S
5640,29132,29156,24,S
5645,29140,29158,18,S
5657,29160,29160,0,N
5651,29148,29160,12,S
5654,29156,29162,6,S
5659,29164,29164,0,S
5663,29172,29172,0,S
5665,29173,29174,1,N
5668,29180,29180,0,S
5671,29186,29186,0,N
5673,29188,29188,0,S
5649,29147,29190,43,E
5650,29147,29190,43,W
5653,29153,29190,37,E
5652,29152,29190,38,W
5656,29159,29192,33,E
5655,29157,29192,35,W
5660,29165,29192,27,E
5658,29162,29192,30,W
5662,29171,29194,23,E
5661,29167,29194,27,W
5666,29177,29194,17,E
5664,29172,29194,22,W
5670,29183,29196,13,E
5667,29177,29196,19,W
5674,29189,29196,7,E
5669,29182,29196,14,W
5676,29195,29198,3,E
5672,29187,29198,11,W
5675,29192,29198,6,W
5678,29197,29200,3,W
5680,29201,29202,1,E
5681,29202,29202,0,W
5683,29207,29208,1,E
5684,29207,29208,1,W
5687,29212,29212,0,W
5688,29213,29214,1,E
5689,29217,29218,1,W
5690,29219,29220,1,E
5692,29222,29222,0,W
5694,29225,29226,1,E
5695,29227,29228,1,W
5697,29231,29232,1,E
5698,29232,29232,0,W
5700,29237,29238,1,E
5701,29237,29238,1,W
5703,29242,29242,0,W
5704,29243,29244,1,E
5706,29247,29248,1,W
5679,29199,29250,51,N
5677,29196,29250,54,S
5685,29212,29252,40,N
5682,29204,29252,48,S
5693,29225,29254,29,N
5686,29212,29254,42,S
5702,29238,29256,18,N
5691,29220,29256,36,S
5708,29251,29258,7,N
5696,29228,29258,30,S
5699,29236,29260,24,S
5705,29244,29262,18,S
5716,29264,29264,0,N
5709,29252,29264,12,S
5713,29260,29266,6,S
5719,29268,29268,0,S
5722,29276,29276,0,S
5723,29277,29278,1,N
5727,29284,29284,0,S
5730,29290,29290,0,N
5732,29292,29292,0,S
5707,29249,29296,47,E
5710,29252,29296,44,W
5711,29255,29296,41,E
5712,29257,29296,39,W
5714,29261,29298,37,E
5715,29262,29298,36,W
5717,29267,29298,31,E
5718,29267,29298,31,W
5721,29273,29300,27,E
5720,29272,29300,28,W
5725,29279,29300,21,E
5724,29277,29300,23,W
5728,29285,29302,17,E
5726,29282,29302,20,W
5731,29291,29302,11,E
5729,29287,29302,15,W
5734,29297,29304,7,E
5733,29292,29304,12,W
5739,29303,29304,1,E
5735,29297,29304,7,W
5737,29302,29306,4,W
5740,29307,29308,1,W
5742,29309,29310,1,E
5743,29312,29312,0,W
5744,29315,29316,1,E
5747,29317,29318,1,W
5748,29321,29322,1,E
5749,29322,29322,0,W
5751,29327,29328,1,E
5752,29327,29328,1,W
5755,29332,29332,0,W
5756,29333,29334,1,E
5757,29337,29338,1,W
5758,29339,29340,1,E
5761,29342,29342,0,W
5762,29345,29346,1,E
5763,29347,29348,1,W
5765,29351,29352,1,E
5766,29352,29352,0,W
5738,29303,29356,53,N
5736,29300,29356,56,S
5745,29316,29358,42,N
5741,29308,29358,50,S
5753,29329,29360,31,N
5746,29316,29360,44,S
5760,29342,29362,20,N
5750,29324,29362,38,S
5767,29355,29364,9,N
5754,29332,29364,32,S
5759,29340,29366,26,S
5775,29368,29368,0,N
5764,29348,29368,20,S
5768,29356,29370,14,S
5773,29364,29372,8,S
5777,29372,29374,2,S
5781,29380,29380,0,S
5782,29381,29382,1,N
5787,29388,29388,0,S
5790,29394,29394,0,N
5791,29396,29396,0,S
5769,29357,29400,43,E
5770,29357,29400,43,W
5772,29363,29400,37,E
5771,29362,29400,38,W
5776,29369,29402,33,E
5774,29367,29402,35,W
5779,29375,29402,27,E
5778,29372,29402,30,W
5783,29381,29404,23,E
5780,29377,29404,27,W
5785,29387,29404,17,E
5784,29382,29404,22,W
5789,29393,29406,13,E
5786,29387,29406,19,W
5793,29399,29406,7,E
5788,29392,29406,14,W
5796,29405,29408,3,E
5792,29397,29408,11,W
5794,29402,29408,6,W
5798,29407,29410,3,W
5799,29411,29412,1,E
5801,29412,29412,0,W
5802,29417,29418,1,E
5803,29417,29418,1,W
5806,29422,29422,0,W
5807,29423,29424,1,E
5808,29427,29428,1,W
5810,29429,29430,1,E
5811,29432,29432,0,W
5813,29435,29436,1,E
5815,29437,29438,1,W
5816,29441,29442,1,E
5817,29442,29442,0,W
5820,29447,29448,1,E
5821,29447,29448,1,W
5823,29452,29452,0,W
5824,29453,29454,1,E
5825,29457,29458,1,W
5797,29407,29460,53,N
5795,29404,29460,56,S
5804,29420,29462,42,N
5800,29412,29462,50,S
5812,29433,29464,31,N
5805,29420,29464,44,S
5819,29446,29466,20,N
5809,29428,29466,38,S
5826,29459,29468,9,N
5814,29436,29468,32,S
5818,29444,29470,26,S
5834,29472,29472,0,N
5822,29452,29472,20,S
5828,29460,29474,14,S
5832,29468,29476,8,S
5836,29476,29478,2,S
5841,29484,29484,0,S
5842,29485,29486,1,N
5845,29492,29492,0,S
5849,29498,29498,0,N
5850,29500,29500,0,S
5827,29459,29506,47,E
5829,29462,29506,44,W
5830,29465,29506,41,E
5831,29467,29506,39,W
5833,29471,29508,37,E
5835,29472,29508,36,W
5837,29477,29508,31,E
5838,29477,29508,31,W
5840,29483,29510,27,E
5839,29482,29510,28,W
5844,29489,29510,21,E
5843,29487,29510,23,W
5847,29495,29512,17,E
5846,29492,29512,20,W
5851,29501,29512,11,E
5848,29497,29512,15,W
5853,29507,29514,7,E
5852,29502,29514,12,W
5858,29513,29514,1,E
5854,29507,29514,7,W
5857,29512,29516,4,W
5860,29517,29518,1,W
5861,29519,29520,1,E
5862,29522,29522,0,W
5865,29525,29526,1,E
5866,29527,29528,1,W
5867,29531,29532,1,E
5869,29532,29532,0,W
5871,29537,29538,1,E
5872,29537,29538,1,W
5874,29542,29542,0,W
5875,29543,29544,1,E
5876,29547,29548,1,W
5878,29549,29550,1,E
5880,29552,29552,0,W
5881,29555,29556,1,E
5883,29557,29558,1,W
5884,29561,29562,1,E
5885,29562,29562,0,W
5856,29511,29566,55,N
5855,29508,29566,58,S
5863,29524,29568,44,N
5859,29516,29568,52,S
5870,29537,29570,33,N
5864,29524,29570,46,S
5879,29550,29572,22,N
5868,29532,29572,40,S
5886,29563,29574,11,N
5873,29540,29574,34,S
5893,29576,29576,0,N
5877,29548,29576,28,S
5882,29556,29578,22,S
5887,29564,29580,16,S
5890,29572,29582,10,S
5896,29580,29584,4,S
5900,29588,29588,0,S
5901,29589,29590,1,N
5904,29596,29596,0,S
5907,29602,29602,0,N
5910,29604,29604,0,S
5888,29567,29610,43,E
5889,29567,29610,43,W
5892,29573,29610,37,E
5891,29572,29610,38,W
5895,29579,29612,33,E
5894,29577,29612,35,W
5898,29585,29612,27,E
5897,29582,29612,30,W
5902,29591,29614,23,E
5899,29587,29614,27,W
5905,29597,29614,17,E
5903,29592,29614,22,W
5909,29603,29616,13,E
5906,29597,29616,19,W
5912,29609,29616,7,E
5908,29602,29616,14,W
5916,29615,29618,3,E
5911,29607,29618,11,W
5914,29612,29618,6,W
5917,29617,29620,3,W
5919,29621,29622,1,E
5920,29622,29622,0,W
5921,29627,29628,1,E
5922,29627,29628,1,W
5925,29632,29632,0,W
5926,29633,29634,1,E
5928,29637,29638,1,W
5929,29639,29640,1,E
5931,29642,29642,0,W
5933,29645,29646,1,E
5934,29647,29648,1,W
5935,29651,29652,1,E
5937,29652,29652,0,W
5939,29657,29658,1,E
5940,29657,29658,1,W
5942,29662,29662,0,W
5943,29663,29664,1,E
5945,29667,29668,1,W
5915,29615,29670,55,N
5913,29612,29670,58,S
5923,29628,29672,44,N
5918,29620,29672,52,S
5930,29641,29674,33,N
5924,29628,29674,46,S
5938,29654,29676,22,N
5927,29636,29676,40,S
5944,29667,29678,11,N
5932,29644,29678,34,S
5952,29680,29680,0,N
5936,29652,29680,28,S
5941,29660,29682,22,S
5946,29668,29684,16,S
5950,29676,29686,10,S
5955,29684,29688,4,S
5958,29692,29692,0,S
5960,29693,29694,1,N
5964,29700,29700,0,S
5967,29706,29706,0,N
5969,29708,29708,0,S
5947,29669,29716,47,E
5948,29672,29716,44,W
5949,29675,29716,41,E
5951,29677,29716,39,W
5953,29681,29718,37,E
5954,29682,29718,36,W
5956,29687,29718,31,E
5957,29687,29718,31,W
5961,29693,29720,27,E
5959,29692,29720,28,W
5963,29699,29720,21,E
5962,29697,29720,23,W
5966,29705,29722,17,E
5965,29702,29722,20,W
5970,29711,29722,11,E
5968,29707,29722,15,W
5973,29717,29724,7,E
5971,29712,29724,12,W
5977,29723,29724,1,E
5974,29717,29724,7,W
5976,29722,29726,4,W
5979,29727,29728,1,W
5980,29729,29730,1,E
5983,29732,29732,0,W
5984,29735,29736,1,E
5985,29737,29738,1,W
5987,29741,29742,1,E
5988,29742,29742,0,W
5990,29747,29748,1,E
5991,29747,29748,1,W
5993,29752,29752,0,W
5994,29753,29754,1,E
5996,29757,29758,1,W
5998,29759,29760,1,E
5999,29762,29762,0,W
6001,29765,29766,1,E
6002,29767,29768,1,W
6004,29771,29772,1,E
6006,29772,29772,0,W
5975,29719,29776,57,N
5972,29716,29776,60,S
5981,29732,29778,46,N
5978,29724,29778,54,S
5989,29745,29780,35,N
5982,29732,29780,48,S
5997,29758,29782,24,N
5986,29740,29782,42,S
6003,29771,29784,13,N
5992,29748,29784,36,S
6012,29784,29786,2,N
5995,29756,29786,30,S
6000,29764,29788,24,S
6005,29772,29790,18,S
6009,29780,29792,12,S
6014,29788,29794,6,S
6018,29796,29796,0,S
6019,29797,29798,1,N
6023,29804,29804,0,S
6026,29810,29810,0,N
6027,29812,29812,0,S
6007,29777,29820,43,E
6008,29777,29820,43,W
6011,29783,29820,37,E
6010,29782,29820,38,W
6015,29789,29822,33,E
6013,29787,29822,35,W
6017,29795,29822,27,E
6016,29792,29822,30,W
6021,29801,29824,23,E
6020,29797,29824,27,W
6024,29807,29824,17,E
6022,29802,29824,22,W
6029,29813,29826,13,E
6025,29807,29826,19,W
6031,29819,29826,7,E
6028,29812,29826,14,W
6035,29825,29828,3,E
6030,29817,29828,11,W
6033,29822,29828,6,W
6036,29827,29830,3,W
6038,29831,29832,1,E
6039,29832,29832,0,W
6042,29837,29838,1,E
6043,29837,29838,1,W
6044,29842,29842,0,W
6045,29843,29844,1,E
6047,29847,29848,1,W
6049,29849,29850,1,E
6051,29852,29852,0,W
6052,29855,29856,1,E
6053,29857,29858,1,W
6055,29861,29862,1,E
6057,29862,29862,0,W
6058,29867,29868,1,E
6059,29867,29868,1,W
6061,29872,29872,0,W
6062,29873,29874,1,E
6065,29877,29878,1,W
6034,29823,29880,57,N
6032,29820,29880,60,S
6040,29836,29882,46,N
6037,29828,29882,54,S
6048,29849,29884,35,N
6041,29836,29884,48,S
6056,29862,29886,24,N
6046,29844,29886,42,S
6063,29875,29888,13,N
6050,29852,29888,36,S
6071,29888,29890,2,N
6054,29860,29890,30,S
6060,29868,29892,24,S
6064,29876,29894,18,S
6068,29884,29896,12,S
6073,29892,29898,6,S
6077,29900,29900,0,S
6078,29901,29902,1,N
6082,29908,29908,0,S
6085,29914,29914,0,N
6087,29916,29916,0,S
6091,29924,29924,0,S
6066,29879,29926,47,E
6067,29882,29926,44,W
6069,29885,29926,41,E
6070,29887,29926,39,W
6072,29891,29928,37,E
6074,29892,29928,36,W
6075,29897,29928,31,E
6076,29897,29928,31,W
6080,29903,29930,27,E
6079,29902,29930,28,W
6083,29909,29930,21,E
6081,29907,29930,23,W
6086,29915,29932,17,E
6084,29912,29932,20,W
6089,29921,29932,11,E
6088,29917,29932,15,W
6093,29927,29934,7,E
6090,29922,29934,12,W
6097,29933,29934,1,E
6094,29927,29934,7,W
6096,29932,29936,4,W
6098,29937,29938,1,W
6099,29939,29940,1,E
6102,29942,29942,0,W
6103,29945,29946,1,E
6104,29947,29948,1,W
6106,29951,29952,1,E
6107,29952,29952,0,W
6110,29957,29958,1,E
6111,29957,29958,1,W
6112,29962,29962,0,W
6113,29963,29964,1,E
6116,29967,29968,1,W
6117,29969,29970,1,E
6119,29972,29972,0,W
6120,29975,29976,1,E
6121,29977,29978,1,W
6124,29981,29982,1,E
6125,29982,29982,0,W
6092,29927,29986,59,N
6095,29932,29986,54,S
6100,29940,29988,48,N
6101,29940,29988,48,S
6108,29953,29990,37,N
6105,29948,29990,42,S
6115,29966,29992,26,N
6109,29956,29992,36,S
6122,29979,29994,15,N
6114,29964,29994,30,S
6129,29992,29996,4,N
6118,29972,29996,24,S
6123,29980,29998,18,S
6128,29988,30000,12,S
6132,29996,30002,6,S
6136,30004,30004,0,S
6137,30005,30006,1,N
6141,30012,30012,0,S
6145,30018,30018,0,N
6146,30020,30020,0,S
6150,30028,30028,0,S
6126,29987,30030,43,E
6127,29987,30030,43,W
6131,29993,30030,37,E
6130,29992,30030,38,W
6134,29999,30032,33,E
6133,29997,30032,35,W
6138,30005,30032,27,E
6135,30002,30032,30,W
6140,30011,30034,23,E
6139,30007,30034,27,W
6143,30017,30034,17,E
6142,30012,30034,22,W
6148,30023,30036,13,E
6144,30017,30036,19,W
6151,30029,30036,7,E
6147,30022,30036,14,W
6154,30035,30038,3,E
6149,30027,30038,11,W
6153,30032,30038,6,W
6156,30037,30040,3,W
6157,30041,30042,1,E
6158,30042,30042,0,W
6161,30047,30048,1,E
6162,30047,30048,1,W
6164,30052,30052,0,W
6165,30053,30054,1,E
6167,30057,30058,1,W
6168,30059,30060,1,E
6170,30062,30062,0,W
6171,30065,30066,1,E
6172,30067,30068,1,W
6175,30071,30072,1,E
6176,30072,30072,0,W
6178,30077,30078,1,E
6179,30077,30078,1,W
6180,30082,30082,0,W
6182,30083,30084,1,E
6184,30087,30088,1,W
6152,30031,30090,59,N
6155,30036,30090,54,S
6159,30044,30092,48,N
6160,30044,30092,48,S
6166,30057,30094,37,N
6163,30052,30094,42,S
6174,30070,30096,26,N
6169,30060,30096,36,S
6181,30083,30098,15,N
6173,30068,30098,30,S
6189,30096,30100,4,N
6177,30076,30100,24,S
6183,30084,30102,18,S
6186,30092,30104,12,S
6191,30100,30106,6,S
6196,30108,30108,0,S
6197,30109,30110,1,N
6200,30116,30116,0,S
6203,30122,30122,0,N
6205,30124,30124,0,S
6209,30132,30132,0,S
6185,30089,30136,47,E
6187,30092,30136,44,W
6188,30095,30136,41,E
6190,30097,30136,39,W
6192,30101,30138,37,E
6193,30102,30138,36,W
6194,30107,30138,31,E
6195,30107,30138,31,W
6199,30113,30140,27,E
6198,30112,30140,28,W
6202,30119,30140,21,E
6201,30117,30140,23,W
6206,30125,30142,17,E
6204,30122,30142,20,W
6208,30131,30142,11,E
6207,30127,30142,15,W
6212,30137,30144,7,E
6210,30132,30144,12,W
6216,30143,30144,1,E
6213,30137,30144,7,W
6215,30142,30146,4,W
6217,30147,30148,1,W
6220,30149,30150,1,E
6221,30152,30152,0,W
6222,30155,30156,1,E
6224,30157,30158,1,W
6226,30161,30162,1,E
6227,30162,30162,0,W
6229,30167,30168,1,E
6230,30167,30168,1,W
6232,30172,30172,0,W
6233,30173,30174,1,E
6235,30177,30178,1,W
6236,30179,30180,1,E
6238,30182,30182,0,W
6239,30185,30186,1,E
6241,30187,30188,1,W
6243,30191,30192,1,E
6244,30192,30192,0,W
6211,30135,30196,61,N
6214,30140,30196,56,S
6218,30148,30198,50,N
6219,30148,30198,50,S
6225,30161,30200,39,N
6223,30156,30200,44,S
6234,30174,30202,28,N
6228,30164,30202,38,S
6240,30187,30204,17,N
6231,30172,30204,32,S
6248,30200,30206,6,N
6237,30180,30206,26,S
6242,30188,30208,20,S
6245,30196,30210,14,S
6251,30204,30212,8,S
6256,30213,30214,1,N
6254,30212,30214,2,S
6259,30220,30220,0,S
6262,30226,30226,0,N
6265,30228,30228,0,S
6268,30236,30236,0,S
6246,30197,30240,43,E
6247,30197,30240,43,W
6250,30203,30240,37,E
6249,30202,30240,38,W
6253,30209,30242,33,E
6252,30207,30242,35,W
6257,30215,30242,27,E
6255,30212,30242,30,W
6260,30221,30244,23,E
6258,30217,30244,27,W
6263,30227,30244,17,E
6261,30222,30244,22,W
6267,30233,30246,13,E
6264,30227,30246,19,W
6271,30239,30246,7,E
6266,30232,30246,14,W
6274,30245,30248,3,E
6269,30237,30248,11,W
6272,30242,30248,6,W
6275,30247,30250,3,W
6276,30251,30252,1,E
6279,30252,30252,0,W
6280,30257,30258,1,E
6281,30257,30258,1,W
6283,30262,30262,0,W
6284,30263,30264,1,E
6286,30267,30268,1,W
6288,30269,30270,1,E
6289,30272,30272,0,W
6290,30275,30276,1,E
6292,30277,30278,1,W
6294,30281,30282,1,E
6295,30282,30282,0,W
6297,30287,30288,1,E
6298,30287,30288,1,W
6301,30292,30292,0,W
6302,30293,30294,1,E
6303,30297,30298,1,W
6270,30239,30300,61,N
6273,30244,30300,56,S
6277,30252,30302,50,N
6278,30252,30302,50,S
6285,30265,30304,39,N
6282,30260,30304,44,S
6293,30278,30306,28,N
6287,30268,30306,38,S
6299,30291,30308,17,N
6291,30276,30308,32,S
6307,30304,30310,6,N
6296,30284,30310,26,S
6300,30292,30312,20,S
6305,30300,30314,14,S
6310,30308,30316,8,S
6314,30317,30318,1,N
6313,30316,30318,2,S
6319,30324,30324,0,S
6322,30330,30330,0,N
6323,30332,30332,0,S
6327,30340,30340,0,S
6330,30343,30344,1,N
6304,30299,30346,47,E
6306,30302,30346,44,W
6308,30305,30346,41,E
6309,30307,30346,39,W
6311,30311,30348,37,E
6312,30312,30348,36,W
6315,30317,30348,31,E
6316,30317,30348,31,W
6318,30323,30350,27,E
6317,30322,30350,28,W
6321,30329,30350,21,E
6320,30327,30350,23,W
6325,30335,30352,17,E
6324,30332,30352,20,W
6328,30341,30352,11,E
6326,30337,30352,15,W
6331,30347,30354,7,E
6329,30342,30354,12,W
6335,30353,30354,1,E
6332,30347,30354,7,W
6334,30352,30356,4,W
6338,30357,30358,1,W
6339,30359,30360,1,E
6340,30362,30362,0,W
6342,30365,30366,1,E
6343,30367,30368,1,W
6345,30371,30372,1,E
6347,30372,30372,0,W
6348,30377,30378,1,E
6349,30377,30378,1,W
6352,30382,30382,0,W
6353,30383,30384,1,E
6354,30387,30388,1,W
6356,30389,30390,1,E
6357,30392,30392,0,W
6359,30395,30396,1,E
6361,30397,30398,1,W
6362,30401,30402,1,E
6363,30402,30402,0,W
6336,30356,30406,50,N
6333,30348,30406,58,S
6344,30369,30408,39,N
6337,30356,30408,52,S
6351,30382,30410,28,N
6341,30364,30410,46,S
6358,30395,30412,17,N
6346,30372,30412,40,S
6367,30408,30414,6,N
6350,30380,30414,34,S
6355,30388,30416,28,S
6360,30396,30418,22,S
6364,30404,30420,16,S
6374,30421,30422,1,N
6368,30412,30422,10,S
6373,30420,30424,4,S
6378,30428,30428,0,S
6381,30434,30434,0,N
6382,30436,30436,0,S
6387,30444,30444,0,S
6388,30447,30448,1,N
6365,30407,30450,43,E
6366,30407,30450,43,W
6370,30413,30450,37,E
6369,30412,30450,38,W
6372,30419,30452,33,E
6371,30417,30452,35,W
6376,30425,30452,27,E
6375,30422,30452,30,W
6379,30431,30454,23,E
6377,30427,30454,27,W
6383,30437,30454,17,E
6380,30432,30454,22,W
6386,30443,30456,13,E
6384,30437,30456,19,W
6390,30449,30456,7,E
6385,30442,30456,14,W
6393,30455,30458,3,E
6389,30447,30458,11,W
6392,30452,30458,6,W
6394,30457,30460,3,W
6397,30461,30462,1,E
6398,30462,30462,0,W
6399,30467,30468,1,E
6400,30467,30468,1,W
6402,30472,30472,0,W
6404,30473,30474,1,E
6406,30477,30478,1,W
6407,30479,30480,1,E
6408,30482,30482,0,W
6410,30485,30486,1,E
6412,30487,30488,1,W
6413,30491,30492,1,E
6415,30492,30492,0,W
6416,30497,30498,1,E
6417,30497,30498,1,W
6420,30502,30502,0,W
6421,30503,30504,1,E
6422,30507,30508,1,W
6395,30460,30510,50,N
6391,30452,30510,58,S
6403,30473,30512,39,N
6396,30460,30512,52,S
6411,30486,30514,28,N
6401,30468,30514,46,S
6418,30499,30516,17,N
6405,30476,30516,40,S
6425,30512,30518,6,N
6409,30484,30518,34,S
6414,30492,30520,28,S
6419,30500,30522,22,S
6423,30508,30524,16,S
6433,30525,30526,1,N
6428,30516,30526,10,S
6432,30524,30528,4,S
6436,30532,30532,0,S
6440,30538,30538,0,N
6442,30540,30540,0,S
6446,30548,30548,0,S
6447,30551,30552,1,N
6424,30509,30556,47,E
6426,30512,30556,44,W
6427,30515,30556,41,E
6429,30517,30556,39,W
6430,30521,30558,37,E
6431,30522,30558,36,W
6434,30527,30558,31,E
6435,30527,30558,31,W
6438,30533,30560,27,E
6437,30532,30560,28,W
6441,30539,30560,21,E
6439,30537,30560,23,W
6444,30545,30562,17,E
6443,30542,30562,20,W
6448,30551,30562,11,E
6445,30547,30562,15,W
6451,30557,30564,7,E
6449,30552,30564,12,W
6454,30563,30564,1,E
6452,30557,30564,7,W
6453,30562,30566,4,W
6457,30567,30568,1,W
6458,30569,30570,1,E
6460,30572,30572,0,W
6461,30575,30576,1,E
6463,30577,30578,1,W
6465,30581,30582,1,E
6466,30582,30582,0,W
6467,30587,30588,1,E
6468,30587,30588,1,W
6471,30592,30592,0,W
6472,30593,30594,1,E
6474,30597,30598,1,W
6475,30599,30600,1,E
6476,30602,30602,0,W
6479,30605,30606,1,E
6480,30607,30608,1,W
6481,30611,30612,1,E
6483,30612,30612,0,W
6455,30564,30616,52,N
6450,30556,30616,60,S
6462,30577,30618,41,N
6456,30564,30618,54,S
6470,30590,30620,30,N
6459,30572,30620,48,S
6477,30603,30622,19,N
6464,30580,30622,42,S
6484,30616,30624,8,N
6469,30588,30624,36,S
6473,30596,30626,30,S
6478,30604,30628,24,S
6492,30629,30630,1,N
6482,30612,30630,18,S
6487,30620,30632,12,S
6491,30628,30634,6,S
6496,30636,30636,0,S
6499,30642,30642,0,N
6501,30644,30644,0,S
6504,30652,30652,0,S
6507,30655,30656,1,N
6485,30617,30660,43,E
6486,30617,30660,43,W
6489,30623,30660,37,E
6488,30622,30660,38,W
6493,30629,30662,33,E
6490,30627,30662,35,W
6495,30635,30662,27,E
6494,30632,30662,30,W
6498,30641,30664,23,E
6497,30637,30664,27,W
6502,30647,30664,17,E
6500,30642,30664,22,W
6506,30653,30666,13,E
6503,30647,30666,19,W
6509,30659,30666,7,E
6505,30652,30666,14,W
6512,30665,30668,3,E
6508,30657,30668,11,W
6511,30662,30668,6,W
6513,30667,30670,3,W
6516,30671,30672,1,E
6517,30672,30672,0,W
6519,30677,30678,1,E
6520,30677,30678,1,W
6522,30682,30682,0,W
6523,30683,30684,1,E
6525,30687,30688,1,W
6526,30689,30690,1,E
6528,30692,30692,0,W
6530,30695,30696,1,E
6531,30697,30698,1,W
6533,30701,30702,1,E
6534,30702,30702,0,W
6536,30707,30708,1,E
6537,30707,30708,1,W
6539,30712,30712,0,W
6540,30713,30714,1,E
6542,30717,30718,1,W
6514,30668,30720,52,N
6510,30660,30720,60,S
6521,30681,30722,41,N
6515,30668,30722,54,S
6529,30694,30724,30,N
6518,30676,30724,48,S
6535,30707,30726,19,N
6524,30684,30726,42,S
6544,30720,30728,8,N
6527,30692,30728,36,S
6532,30700,30730,30,S
6538,30708,30732,24,S
6552,30733,30734,1,N
6541,30716,30734,18,S
6546,30724,30736,12,S
6550,30732,30738,6,S
6555,30740,30740,0,S
6558,30746,30746,0,N
6560,30748,30748,0,S
6564,30756,30756,0,S
6566,30759,30760,1,N
6569,30764,30764,0,S
6543,30719,30766,47,E
6545,30722,30766,44,W
6547,30725,30766,41,E
6548,30727,30766,39,W
6549,30731,30768,37,E
6551,30732,30768,36,W
6553,30737,30768,31,E
6554,30737,30768,31,W
6557,30743,30770,27,E
6556,30742,30770,28,W
6561,30749,30770,21,E
6559,30747,30770,23,W
6563,30755,30772,17,E
6562,30752,30772,20,W
6567,30761,30772,11,E
6565,30757,30772,15,W
6570,30767,30774,7,E
6568,30762,30774,12,W
6575,30773,30774,1,E
6571,30767,30774,7,W
6574,30772,30776,4,W
6576,30777,30778,1,W
6577,30779,30780,1,E
6579,30782,30782,0,W
6581,30785,30786,1,E
6582,30787,30788,1,W
6584,30791,30792,1,E
6585,30792,30792,0,W
6587,30797,30798,1,E
6588,30797,30798,1,W
6590,30802,30802,0,W
6591,30803,30804,1,E
6593,30807,30808,1,W
6594,30809,30810,1,E
6597,30812,30812,0,W
6598,30815,30816,1,E
6599,30817,30818,1,W
6601,30821,30822,1,E
6602,30822,30822,0,W
6572,30772,30826,54,N
6573,30772,30826,54,S
6580,30785,30828,43,N
6578,30780,30828,48,S
6589,30798,30830,32,N
6583,30788,30830,42,S
6595,30811,30832,21,N
6586,30796,30832,36,S
6603,30824,30834,10,N
6592,30804,30834,30,S
6596,30812,30836,24,S
6610,30837,30838,1,N
6600,30820,30838,18,S
6606,30828,30840,12,S
6609,30836,30842,6,S
6614,30844,30844,0,S
6617,30850,30850,0,N
6619,30852,30852,0,S
6623,30860,30860,0,S
6625,30863,30864,1,N
6628,30868,30868,0,S
6604,30827,30870,43,E
6605,30827,30870,43,W
6608,30833,30870,37,E
6607,30832,30870,38,W
6612,30839,30872,33,E
6611,30837,30872,35,W
6615,30845,30872,27,E
6613,30842,30872,30,W
6618,30851,30874,23,E
6616,30847,30874,27,W
6621,30857,30874,17,E
6620,30852,30874,22,W
6626,30863,30876,13,E
6622,30857,30876,19,W
6629,30869,30876,7,E
6624,30862,30876,14,W
6631,30875,30878,3,E
6627,30867,30878,11,W
6630,30872,30878,6,W
6634,30877,30880,3,W
6635,30881,30882,1,E
6636,30882,30882,0,W
6638,30887,30888,1,E
6639,30887,30888,1,W
6642,30892,30892,0,W
6643,30893,30894,1,E
6644,30897,30898,1,W
6645,30899,30900,1,E
6648,30902,30902,0,W
6649,30905,30906,1,E
6650,30907,30908,1,W
6652,30911,30912,1,E
6653,30912,30912,0,W
6656,30917,30918,1,E
6657,30917,30918,1,W
6658,30922,30922,0,W
6659,30923,30924,1,E
6661,30927,30928,1,W
6632,30876,30930,54,N
6633,30876,30930,54,S
6640,30889,30932,43,N
6637,30884,30932,48,S
6647,30902,30934,32,N
6641,30892,30934,42,S
6654,30915,30936,21,N
6646,30900,30936,36,S
6662,30928,30938,10,N
6651,30908,30938,30,S
6655,30916,30940,24,S
6669,30941,30942,1,N
6660,30924,30942,18,S
6664,30932,30944,12,S
6668,30940,30946,6,S
6674,30948,30948,0,S
6677,30954,30954,0,N
6678,30956,30956,0,S
6682,30964,30964,0,S
6684,30967,30968,1,N
6687,30972,30972,0,S
6663,30929,30976,47,E
6665,30932,30976,44,W
6666,30935,30976,41,E
6667,30937,30976,39,W
6670,30941,30978,37,E
6671,30942,30978,36,W
6672,30947,30978,31,E
6673,30947,30978,31,W
6676,30953,30980,27,E
6675,30952,30980,28,W
6680,30959,30980,21,E
6679,30957,30980,23,W
6683,30965,30982,17,E
6681,30962,30982,20,W
6686,30971,30982,11,E
6685,30967,30982,15,W
6689,30977,30984,7,E
6688,30972,30984,12,W
6694,30983,30984,1,E
6690,30977,30984,7,W
6693,30982,30986,4,W
6695,30987,30988,1,W
6697,30989,30990,1,E
6698,30992,30992,0,W
6700,30995,30996,1,E
6702,30997,30998,1,W
6703,31001,31002,1,E
6704,31002,31002,0,W
6707,31007,31008,1,E
6708,31007,31008,1,W
6710,31012,31012,0,W
6711,31013,31014,1,E
6712,31017,31018,1,W
6714,31019,31020,1,E
6716,31022,31022,0,W
6717,31025,31026,1,E
6718,31027,31028,1,W
6720,31031,31032,1,E
6722,31032,31032,0,W
6691,30980,31036,56,N
6692,30980,31036,56,S
6699,30993,31038,45,N
6696,30988,31038,50,S
6706,31006,31040,34,N
6701,30996,31040,44,S
6713,31019,31042,23,N
6705,31004,31042,38,S
6721,31032,31044,12,N
6709,31012,31044,32,S
6729,31045,31046,1,N
6715,31020,31046,26,S
6719,31028,31048,20,S
6723,31036,31050,14,S
6728,31044,31052,8,S
6732,31052,31054,2,S
6736,31058,31058,0,N
6737,31060,31060,0,S
6742,31068,31068,0,S
6743,31071,31072,1,N
6746,31076,31076,0,S
6724,31037,31080,43,E
6725,31037,31080,43,W
6727,31043,31080,37,E
6726,31042,31080,38,W
6731,31049,31082,33,E
6730,31047,31082,35,W
6734,31055,31082,27,E
6733,31052,31082,30,W
6738,31061,31084,23,E
6735,31057,31084,27,W
6740,31067,31084,17,E
6739,31062,31084,22,W
6745,31073,31086,13,E
6741,31067,31086,19,W
6748,31079,31086,7,E
6744,31072,31086,14,W
6752,31085,31088,3,E
6747,31077,31088,11,W
6749,31082,31088,6,W
6753,31087,31090,3,W
6754,31091,31092,1,E
6756,31092,31092,0,W
6758,31097,31098,1,E
6759,31097,31098,1,W
6761,31102,31102,0,W
6762,31103,31104,1,E
6763,31107,31108,1,W
6765,31109,31110,1,E
6767,31112,31112,0,W
6768,31115,31116,1,E
6770,31117,31118,1,W
6771,31121,31122,1,E
6772,31122,31122,0,W
6775,31127,31128,1,E
6776,31127,31128,1,W
6778,31132,31132,0,W
6779,31133,31134,1,E
6781,31137,31138,1,W
6750,31084,31140,56,N
6751,31084,31140,56,S
6757,31097,31142,45,N
6755,31092,31142,50,S
6766,31110,31144,34,N
6760,31100,31144,44,S
6773,31123,31146,23,N
6764,31108,31146,38,S
6780,31136,31148,12,N
6769,31116,31148,32,S
6788,31149,31150,1,N
6774,31124,31150,26,S
6777,31132,31152,20,S
6783,31140,31154,14,S
6787,31148,31156,8,S
6791,31156,31158,2,S
6794,31162,31162,0,N
6797,31164,31164,0,S
6800,31172,31172,0,S
6802,31175,31176,1,N
6805,31180,31180,0,S
6782,31139,31186,47,E
6784,31142,31186,44,W
6785,31145,31186,41,E
6786,31147,31186,39,W
6789,31151,31188,37,E
6790,31152,31188,36,W
6792,31157,31188,31,E
6793,31157,31188,31,W
6796,31163,31190,27,E
6795,31162,31190,28,W
6799,31169,31190,21,E
6798,31167,31190,23,W
6803,31175,31192,17,E
6801,31172,31192,20,W
6806,31181,31192,11,E
6804,31177,31192,15,W
6808,31187,31194,7,E
6807,31182,31194,12,W
6813,31193,31194,1,E
6809,31187,31194,7,W
6812,31192,31196,4,W
6815,31197,31198,1,W
6816,31199,31200,1,E
6818,31202,31202,0,W
6820,31205,31206,1,E
6821,31207,31208,1,W
6822,31211,31212,1,E
6824,31212,31212,0,W
6826,31217,31218,1,E
6827,31217,31218,1,W
6829,31222,31222,0,W
6830,31223,31224,1,E
6832,31227,31228,1,W
6834,31229,31230,1,E
6835,31232,31232,0,W
6836,31235,31236,1,E
6838,31237,31238,1,W
6840,31241,31242,1,E
6841,31242,31242,0,W
6810,31188,31246,58,N
6811,31188,31246,58,S
6817,31201,31248,47,N
6814,31196,31248,52,S
6825,31214,31250,36,N
6819,31204,31250,46,S
6831,31227,31252,25,N
6823,31212,31252,40,S
6839,31240,31254,14,N
6828,31220,31254,34,S
6847,31253,31256,3,N
6833,31228,31256,28,S
6837,31236,31258,22,S
6842,31244,31260,16,S
6845,31252,31262,10,S
6851,31260,31264,4,S
6854,31266,31266,0,N
6856,31268,31268,0,S
6859,31276,31276,0,S
6862,31279,31280,1,N
6865,31284,31284,0,S
6843,31247,31290,43,E
6844,31247,31290,43,W
6848,31253,31290,37,E
6846,31252,31290,38,W
6850,31259,31292,33,E
6849,31257,31292,35,W
6853,31265,31292,27,E
6852,31262,31292,30,W
6857,31271,31294,23,E
6855,31267,31294,27,W
6860,31277,31294,17,E
6858,31272,31294,22,W
6864,31283,31296,13,E
6861,31277,31296,19,W
6867,31289,31296,7,E
6863,31282,31296,14,W
6871,31295,31298,3,E
6866,31287,31298,11,W
6870,31292,31298,6,W
6872,31297,31300,3,W
6874,31301,31302,1,E
6875,31302,31302,0,W
6877,31307,31308,1,E
6878,31307,31308,1,W
6880,31312,31312,0,W
6881,31313,31314,1,E
6883,31317,31318,1,W
6885,31319,31320,1,E
6886,31322,31322,0,W
6888,31325,31326,1,E
6889,31327,31328,1,W
6891,31331,31332,1,E
6893,31332,31332,0,W
6894,31337,31338,1,E
6895,31337,31338,1,W
6897,31342,31342,0,W
6898,31343,31344,1,E
6900,31347,31348,1,W
6868,31292,31350,58,N
6869,31292,31350,58,S
6876,31305,31352,47,N
6873,31300,31352,52,S
6884,31318,31354,36,N
6879,31308,31354,46,S
6890,31331,31356,25,N
6882,31316,31356,40,S
6899,31344,31358,14,N
6887,31324,31358,34,S
6906,31357,31360,3,N
6892,31332,31360,28,S
6896,31340,31362,22,S
6901,31348,31364,16,S
6905,31356,31366,10,S
6910,31364,31368,4,S
6913,31370,31370,0,N
6914,31372,31372,0,S
6919,31380,31380,0,S
6921,31383,31384,1,N
6924,31388,31388,0,S
6902,31349,31396,47,E
6903,31352,31396,44,W
6904,31355,31396,41,E
6907,31357,31396,39,W
6908,31361,31398,37,E
6909,31362,31398,36,W
6911,31367,31398,31,E
6912,31367,31398,31,W
6916,31373,31400,27,E
6915,31372,31400,28,W
6918,31379,31400,21,E
6917,31377,31400,23,W
6922,31385,31402,17,E
6920,31382,31402,20,W
6925,31391,31402,11,E
6923,31387,31402,15,W
6929,31397,31404,7,E
6926,31392,31404,12,W
6932,31403,31404,1,E
6930,31397,31404,7,W
6931,31402,31406,4,W
6934,31407,31408,1,W
6936,31409,31410,1,E
6938,31412,31412,0,W
6939,31415,31416,1,E
6940,31417,31418,1,W
6942,31421,31422,1,E
6944,31422,31422,0,W
6945,31427,31428,1,E
6946,31427,31428,1,W
6948,31432,31432,0,W
6949,31433,31434,1,E
6952,31437,31438,1,W
6953,31439,31440,1,E
6954,31442,31442,0,W
6956,31445,31446,1,E
6957,31447,31448,1,W
6959,31451,31452,1,E
6961,31452,31452,0,W
6927,31396,31456,60,N
6928,31396,31456,60,S
6935,31409,31458,49,N
6933,31404,31458,54,S
6943,31422,31460,38,N
6937,31412,31460,48,S
6950,31435,31462,27,N
6941,31420,31462,42,S
6958,31448,31464,16,N
6947,31428,31464,36,S
6965,31461,31466,5,N
6951,31436,31466,30,S
6955,31444,31468,24,S
6960,31452,31470,18,S
6964,31460,31472,12,S
6972,31474,31474,0,N
6969,31468,31474,6,S
6974,31476,31476,0,S
6978,31484,31484,0,S
6979,31487,31488,1,N
6982,31492,31492,0,S
6962,31457,31500,43,E
6963,31457,31500,43,W
6967,31463,31500,37,E
6966,31462,31500,38,W
6970,31469,31502,33,E
6968,31467,31502,35,W
6973,31475,31502,27,E
6971,31472,31502,30,W
6976,31481,31504,23,E
6975,31477,31504,27,W
6980,31487,31504,17,E
6977,31482,31504,22,W
6984,31493,31506,13,E
6981,31487,31506,19,W
6986,31499,31506,7,E
6983,31492,31506,14,W
6990,31505,31508,3,E
6985,31497,31508,11,W
6989,31502,31508,6,W
6991,31507,31510,3,W
6993,31511,31512,1,E
6994,31512,31512,0,W
6997,31517,31518,1,E
6998,31517,31518,1,W
6999,31522,31522,0,W
7000,31523,31524,1,E
7003,31527,31528,1,W
7004,31529,31530,1,E
7006,31532,31532,0,W
7007,31535,31536,1,E
7008,31537,31538,1,W
7011,31541,31542,1,E
7012,31542,31542,0,W
7013,31547,31548,1,E
7014,31547,31548,1,W
7017,31552,31552,0,W
7018,31553,31554,1,E
7020,31557,31558,1,W
6987,31500,31560,60,N
6988,31500,31560,60,S
6995,31513,31562,49,N
6992,31508,31562,54,S
7002,31526,31564,38,N
6996,31516,31564,48,S
7009,31539,31566,27,N
7001,31524,31566,42,S
7016,31552,31568,16,N
7005,31532,31568,36,S
7024,31565,31570,5,N
7010,31540,31570,30,S
7015,31548,31572,24,S
7019,31556,31574,18,S
7023,31564,31576,12,S
7032,31578,31578,0,N
7028,31572,31578,6,S
7033,31580,31580,0,S
7037,31588,31588,0,S
7039,31591,31592,1,N
7042,31596,31596,0,S
7046,31604,31604,0,N
7047,31604,31604,0,S
7021,31559,31606,47,E
7022,31562,31606,44,W
7025,31565,31606,41,E
7026,31567,31606,39,W
7027,31571,31608,37,E
7029,31572,31608,36,W
7030,31577,31608,31,E
7031,31577,31608,31,W
7035,31583,31610,27,E
7034,31582,31610,28,W
7038,31589,31610,21,E
7036,31587,31610,23,W
7041,31595,31612,17,E
7040,31592,31612,20,W
7044,31601,31612,11,E
7043,31597,31612,15,W
7048,31607,31614,7,E
7045,31602,31614,12,W
7052,31613,31614,1,E
7049,31607,31614,7,W
7051,31612,31616,4,W
7054,31617,31618,1,W
7055,31619,31620,1,E
7057,31622,31622,0,W
7058,31625,31626,1,E
7059,31627,31628,1,W
7062,31631,31632,1,E
7063,31632,31632,0,W
7065,31637,31638,1,E
7066,31637,31638,1,W
7067,31642,31642,0,W
7069,31643,31644,1,E
7071,31647,31648,1,W
7072,31649,31650,1,E
7074,31652,31652,0,W
7075,31655,31656,1,E
7077,31657,31658,1,W
7079,31661,31662,1,E
7080,31662,31662,0,W
7053,31617,31666,49,N
7050,31612,31666,54,S
7061,31630,31668,38,N
7056,31620,31668,48,S
7068,31643,31670,27,N
7060,31628,31670,42,S
7076,31656,31672,16,N
7064,31636,31672,36,S
7084,31669,31674,5,N
7070,31644,31674,30,S
7073,31652,31676,24,S
7078,31660,31678,18,S
7083,31668,31680,12,S
7090,31682,31682,0,N
7087,31676,31682,6,S
7092,31684,31684,0,S
7096,31692,31692,0,S
7098,31695,31696,1,N
7101,31700,31700,0,S
7105,31708,31708,0,N
7106,31708,31708,0,S
7081,31667,31710,43,E
7082,31667,31710,43,W
7086,31673,31710,37,E
7085,31672,31710,38,W
7089,31679,31712,33,E
7088,31677,31712,35,W
7093,31685,31712,27,E
7091,31682,31712,30,W
7095,31691,31714,23,E
7094,31687,31714,27,W
7099,31697,31714,17,E
7097,31692,31714,22,W
7103,31703,31716,13,E
7100,31697,31716,19,W
7107,31709,31716,7,E
7102,31702,31716,14,W
7109,31715,31718,3,E
7104,31707,31718,11,W
7108,31712,31718,6,W
7111,31717,31720,3,W
7113,31721,31722,1,E
7114,31722,31722,0,W
7116,31727,31728,1,E
7117,31727,31728,1,W
7119,31732,31732,0,W
7120,31733,31734,1,E
7122,31737,31738,1,W
7123,31739,31740,1,E
7125,31742,31742,0,W
7126,31745,31746,1,E
7128,31747,31748,1,W
7130,31751,31752,1,E
7131,31752,31752,0,W
7133,31757,31758,1,E
7134,31757,31758,1,W
7136,31762,31762,0,W
7137,31763,31764,1,E
7139,31767,31768,1,W
7112,31721,31770,49,N
7110,31716,31770,54,S
7121,31734,31772,38,N
7115,31724,31772,48,S
7127,31747,31774,27,N
7118,31732,31774,42,S
7135,31760,31776,16,N
7124,31740,31776,36,S
7143,31773,31778,5,N
7129,31748,31778,30,S
7132,31756,31780,24,S
7138,31764,31782,18,S
7141,31772,31784,12,S
7149,31786,31786,0,N
7146,31780,31786,6,S
7152,31788,31788,0,S
7155,31796,31796,0,S
7157,31799,31800,1,N
7160,31804,31804,0,S
7164,31812,31812,0,N
7165,31812,31812,0,S
7140,31769,31816,47,E
7142,31772,31816,44,W
7144,31775,31816,41,E
7145,31777,31816,39,W
7147,31781,31818,37,E
7148,31782,31818,36,W
7150,31787,31818,31,E
7151,31787,31818,31,W
7154,31793,31820,27,E
7153,31792,31820,28,W
7158,31799,31820,21,E
7156,31797,31820,23,W
7161,31805,31822,17,E
7159,31802,31822,20,W
7163,31811,31822,11,E
7162,31807,31822,15,W
7167,31817,31824,7,E
7166,31812,31824,12,W
7171,31823,31824,1,E
7168,31817,31824,7,W
7170,31822,31826,4,W
7173,31827,31828,1,W
7175,31829,31830,1,E
7176,31832,31832,0,W
7177,31835,31836,1,E
7179,31837,31838,1,W
7181,31841,31842,1,E
7182,31842,31842,0,W
7184,31847,31848,1,E
7185,31847,31848,1,W
7188,31852,31852,0,W
7189,31853,31854,1,E
7190,31857,31858,1,W
7191,31859,31860,1,E
7193,31862,31862,0,W
7195,31865,31866,1,E
7196,31867,31868,1,W
7198,31871,31872,1,E
7199,31872,31872,0,W
7172,31825,31876,51,N
7169,31820,31876,56,S
7180,31838,31878,40,N
7174,31828,31878,50,S
7186,31851,31880,29,N
7178,31836,31880,44,S
7194,31864,31882,18,N
7183,31844,31882,38,S
7201,31877,31884,7,N
7187,31852,31884,32,S
7192,31860,31886,26,S
7197,31868,31888,20,S
7209,31890,31890,0,N
7200,31876,31890,14,S
7206,31884,31892,8,S
7210,31892,31894,2,S
7214,31900,31900,0,S
7217,31903,31904,1,N
7220,31908,31908,0,S
7223,31916,31916,0,N
7224,31916,31916,0,S
7202,31877,31920,43,E
7203,31877,31920,43,W
7205,31883,31920,37,E
7204,31882,31920,38,W
7208,31889,31922,33,E
7207,31887,31922,35,W
7212,31895,31922,27,E
7211,31892,31922,30,W
7215,31901,31924,23,E
7213,31897,31924,27,W
7218,31907,31924,17,E
7216,31902,31924,22,W
7222,31913,31926,13,E
7219,31907,31926,19,W
7226,31919,31926,7,E
7221,31912,31926,14,W
7229,31925,31928,3,E
7225,31917,31928,11,W
7227,31922,31928,6,W
7230,31927,31930,3,W
7232,31931,31932,1,E
7234,31932,31932,0,W
7235,31937,31938,1,E
7236,31937,31938,1,W
7239,31942,31942,0,W
7240,31943,31944,1,E
7241,31947,31948,1,W
7243,31949,31950,1,E
7244,31952,31952,0,W
7246,31955,31956,1,E
7248,31957,31958,1,W
7249,31961,31962,1,E
7250,31962,31962,0,W
7252,31967,31968,1,E
7253,31967,31968,1,W
7256,31972,31972,0,W
7257,31973,31974,1,E
7258,31977,31978,1,W
7231,31929,31980,51,N
7228,31924,31980,56,S
7238,31942,31982,40,N
7233,31932,31982,50,S
7245,31955,31984,29,N
7237,31940,31984,44,S
7254,31968,31986,18,N
7242,31948,31986,38,S
7261,31981,31988,7,N
7247,31956,31988,32,S
7251,31964,31990,26,S
7255,31972,31992,20,S
7268,31994,31994,0,N
7260,31980,31994,14,S
7265,31988,31996,8,S
7269,31996,31998,2,S
7274,32004,32004,0,S
7275,32007,32008,1,N
7278,32012,32012,0,S
7282,32020,32020,0,N
7283,32020,32020,0,S
7259,31979,32026,47,E
7262,31982,32026,44,W
7263,31985,32026,41,E
7264,31987,32026,39,W
7266,31991,32028,37,E
7267,31992,32028,36,W
7270,31997,32028,31,E
7271,31997,32028,31,W
7273,32003,32030,27,E
7272,32002,32030,28,W
7277,32009,32030,21,E
7276,32007,32030,23,W
7280,32015,32032,17,E
7279,32012,32032,20,W
7284,32021,32032,11,E
7281,32017,32032,15,W
7286,32027,32034,7,E
7285,32022,32034,12,W
7291,32033,32034,1,E
7287,32027,32034,7,W
7289,32032,32036,4,W
7293,32037,32038,1,W
7294,32039,32040,1,E
7295,32042,32042,0,W
7297,32045,32046,1,E
7299,32047,32048,1,W
7300,32051,32052,1,E
7302,32052,32052,0,W
7303,32057,32058,1,E
7304,32057,32058,1,W
7307,32062,32062,0,W
7308,32063,32064,1,E
7309,32067,32068,1,W
7311,32069,32070,1,E
7313,32072,32072,0,W
7314,32075,32076,1,E
7316,32077,32078,1,W
7317,32081,32082,1,E
7318,32082,32082,0,W
7290,32033,32086,53,N
7288,32028,32086,58,S
7298,32046,32088,42,N
7292,32036,32088,52,S
7305,32059,32090,31,N
7296,32044,32090,46,S
7312,32072,32092,20,N
7301,32052,32092,40,S
7320,32085,32094,9,N
7306,32060,32094,34,S
7310,32068,32096,28,S
7327,32098,32098,0,N
7315,32076,32098,22,S
7319,32084,32100,16,S
7323,32092,32102,10,S
7329,32100,32104,4,S
7333,32108,32108,0,S
7334,32111,32112,1,N
7337,32116,32116,0,S
7342,32124,32124,0,N
7343,32124,32124,0,S
7321,32087,32130,43,E
7322,32087,32130,43,W
7325,32093,32130,37,E
7324,32092,32130,38,W
7328,32099,32132,33,E
7326,32097,32132,35,W
7331,32105,32132,27,E
7330,32102,32132,30,W
7335,32111,32134,23,E
7332,32107,32134,27,W
7338,32117,32134,17,E
7336,32112,32134,22,W
7341,32123,32136,13,E
7339,32117,32136,19,W
7345,32129,32136,7,E
7340,32122,32136,14,W
7348,32135,32138,3,E
7344,32127,32138,11,W
7347,32132,32138,6,W
7350,32137,32140,3,W
7352,32141,32142,1,E
7353,32142,32142,0,W
7354,32147,32148,1,E
7355,32147,32148,1,W
7358,32152,32152,0,W
7359,32153,32154,1,E
7361,32157,32158,1,W
7362,32159,32160,1,E
7363,32162,32162,0,W
7366,32165,32166,1,E
7367,32167,32168,1,W
7368,32171,32172,1,E
7370,32172,32172,0,W
7372,32177,32178,1,E
7373,32177,32178,1,W
7375,32182,32182,0,W
7376,32183,32184,1,E
7377,32187,32188,1,W
7349,32137,32190,53,N
7346,32132,32190,58,S
7357,32150,32192,42,N
7351,32140,32192,52,S
7364,32163,32194,31,N
7356,32148,32194,46,S
7371,32176,32196,20,N
7360,32156,32196,40,S
7379,32189,32198,9,N
7365,32164,32198,34,S
7369,32172,32200,28,S
7386,32202,32202,0,N
7374,32180,32202,22,S
7378,32188,32204,16,S
7383,32196,32206,10,S
7388,32204,32208,4,S
7391,32212,32212,0,S
7394,32215,32216,1,N
7397,32220,32220,0,S
7401,32228,32228,0,N
7402,32228,32228,0,S
7380,32189,32236,47,E
7381,32192,32236,44,W
7382,32195,32236,41,E
7384,32197,32236,39,W
7385,32201,32238,37,E
7387,32202,32238,36,W
7389,32207,32238,31,E
7390,32207,32238,31,W
7393,32213,32240,27,E
7392,32212,32240,28,W
7396,32219,32240,21,E
7395,32217,32240,23,W
7399,32225,32242,17,E
7398,32222,32242,20,W
7403,32231,32242,11,E
7400,32227,32242,15,W
7406,32237,32244,7,E
7404,32232,32244,12,W
7410,32243,32244,1,E
7407,32237,32244,7,W
7409,32242,32246,4,W
7412,32247,32248,1,W
7413,32249,32250,1,E
7415,32252,32252,0,W
7417,32255,32256,1,E
7418,32257,32258,1,W
7420,32261,32262,1,E
7421,32262,32262,0,W
7423,32267,32268,1,E
7424,32267,32268,1,W
7426,32272,32272,0,W
7427,32273,32274,1,E
7429,32277,32278,1,W
7430,32279,32280,1,E
7432,32282,32282,0,W
7434,32285,32286,1,E
7435,32287,32288,1,W
7436,32291,32292,1,E
7438,32292,32292,0,W
7408,32241,32296,55,N
7405,32236,32296,60,S
7416,32254,32298,44,N
7411,32244,32298,54,S
7422,32267,32300,33,N
7414,32252,32300,48,S
7431,32280,32302,22,N
7419,32260,32302,42,S
7439,32293,32304,11,N
7425,32268,32304,36,S
7445,32306,32306,0,N
7428,32276,32306,30,S
7433,32284,32308,24,S
7437,32292,32310,18,S
7442,32300,32312,12,S
7447,32308,32314,6,S
7451,32316,32316,0,S
7453,32319,32320,1,N
7456,32324,32324,0,S
7459,32332,32332,0,N
7460,32332,32332,0,S
7440,32297,32340,43,E
7441,32297,32340,43,W
7444,32303,32340,37,E
7443,32302,32340,38,W
7448,32309,32342,33,E
7446,32307,32342,35,W
7450,32315,32342,27,E
7449,32312,32342,30,W
7454,32321,32344,23,E
7452,32317,32344,27,W
7457,32327,32344,17,E
7455,32322,32344,22,W
7462,32333,32346,13,E
7458,32327,32346,19,W
7464,32339,32346,7,E
7461,32332,32346,14,W
7468,32345,32348,3,E
7463,32337,32348,11,W
7466,32342,32348,6,W
7469,32347,32350,3,W
7471,32351,32352,1,E
7472,32352,32352,0,W
7474,32357,32358,1,E
7475,32357,32358,1,W
7477,32362,32362,0,W
7478,32363,32364,1,E
7480,32367,32368,1,W
7481,32369,32370,1,E
7484,32372,32372,0,W
7485,32375,32376,1,E
7486,32377,32378,1,W
7488,32381,32382,1,E
7489,32382,32382,0,W
7491,32387,32388,1,E
7492,32387,32388,1,W
7494,32392,32392,0,W
7495,32393,32394,1,E
7498,32397,32398,1,W
7467,32345,32400,55,N
7465,32340,32400,60,S
7476,32358,32402,44,N
7470,32348,32402,54,S
7482,32371,32404,33,N
7473,32356,32404,48,S
7490,32384,32406,22,N
7479,32364,32406,42,S
7497,32397,32408,11,N
7483,32372,32408,36,S
7504,32410,32410,0,N
7487,32380,32410,30,S
7493,32388,32412,24,S
7496,32396,32414,18,S
7501,32404,32416,12,S
7506,32414,32418,4,S
7510,32424,32424,0,S
7511,32425,32426,1,N
7516,32434,32434,0,S
7518,32440,32440,0,N
7520,32444,32444,0,S
7499,32399,32446,47,E
7500,32402,32446,44,W
7502,32405,32446,41,E
7503,32408,32446,38,W
7505,32412,32448,36,E
7507,32414,32448,34,W
7508,32419,32448,29,E
7509,32420,32448,28,W
7512,32426,32450,24,E
7513,32426,32450,24,W
7515,32433,32450,17,E
7514,32432,32450,18,W
7519,32440,32452,12,E
7517,32438,32452,14,W
7522,32447,32452,5,E
7521,32444,32452,8,W
7525,32454,32454,0,E
7523,32450,32454,4,W
7527,32456,32456,0,W
7528,32461,32462,1,E
7529,32462,32462,0,W
7531,32468,32468,0,E
7532,32468,32468,0,W
7535,32474,32474,0,W
7536,32475,32476,1,E
7537,32480,32480,0,W
7538,32482,32482,0,E
7541,32486,32486,0,W
7542,32489,32490,1,E
7543,32492,32492,0,W
7545,32496,32496,0,E
7546,32498,32498,0,W
7548,32503,32504,1,E
7550,32504,32504,0,W
7526,32455,32506,51,N
7524,32454,32506,52,S
7533,32470,32508,38,N
7530,32464,32508,44,S
7540,32485,32510,25,N
7534,32474,32510,36,S
7547,32500,32512,12,N
7539,32484,32512,28,S
7544,32494,32514,20,S
7554,32515,32516,1,N
7549,32504,32516,12,S
7553,32514,32518,4,S
7558,32524,32524,0,S
7561,32530,32530,0,N
7563,32534,32534,0,S
7567,32544,32544,0,S
7568,32545,32546,1,N
7551,32510,32550,40,E
7552,32510,32550,40,W
7556,32517,32550,33,E
7555,32516,32550,34,W
7559,32524,32552,28,E
7557,32522,32552,30,W
7562,32531,32552,21,E
7560,32528,32552,24,W
7565,32538,32554,16,E
7564,32534,32554,20,W
7569,32545,32554,9,E
7566,32540,32554,14,W
7571,32552,32556,4,E
7570,32546,32556,10,W
7572,32552,32556,4,W
7574,32558,32558,0,W
7575,32559,32560,1,E
7578,32564,32564,0,W
7579,32566,32566,0,E
7580,32570,32570,0,W
7581,32573,32574,1,E
7584,32576,32576,0,W
7585,32580,32580,0,E
7586,32582,32582,0,W
7588,32587,32588,1,E
7589,32588,32588,0,W
7592,32594,32594,0,E
7593,32594,32594,0,W
7594,32600,32600,0,W
7595,32601,32602,1,E
7598,32606,32606,0,W
7599,32608,32608,0,E
7576,32560,32610,50,N
7573,32554,32610,56,S
7583,32575,32612,37,N
7577,32564,32612,48,S
7590,32590,32614,24,N
7582,32574,32614,40,S
7597,32605,32616,11,N
7587,32584,32616,32,S
7591,32594,32618,24,S
7604,32620,32620,0,N
7596,32604,32620,16,S
7601,32614,32622,8,S
7606,32624,32624,0,S
7610,32634,32634,0,S
7611,32635,32636,1,N
7616,32644,32644,0,S
7618,32650,32650,0,N
7620,32654,32654,0,S
7602,32615,32656,41,E
7600,32612,32656,44,W
7605,32622,32656,34,E
7603,32618,32656,38,W
7608,32629,32658,29,E
7607,32624,32658,34,W
7612,32636,32658,22,E
7609,32630,32658,28,W
7615,32643,32660,17,E
7613,32636,32660,24,W
7619,32650,32660,10,E
7614,32642,32660,18,W
7622,32657,32662,5,E
7617,32648,32662,14,W
7621,32654,32662,8,W
7625,32664,32664,0,E
7623,32660,32664,4,W
7627,32666,32666,0,W
7628,32671,32672,1,E
7629,32672,32672,0,W
7631,32678,32678,0,E
7632,32678,32678,0,W
7635,32684,32684,0,W
7636,32685,32686,1,E
7637,32690,32690,0,W
7638,32692,32692,0,E
7641,32696,32696,0,W
7642,32699,32700,1,E
7643,32702,32702,0,W
7645,32706,32706,0,E
7646,32708,32708,0,W
7648,32713,32714,1,E
7650,32714,32714,0,W
7626,32665,32716,51,N
7624,32664,32716,52,S
7633,32680,32718,38,N
7630,32674,32718,44,S
7640,32695,32720,25,N
7634,32684,32720,36,S
7647,32710,32722,12,N
7639,32694,32722,28,S
7644,32704,32724,20,S
7654,32725,32726,1,N
7649,32714,32726,12,S
7653,32724,32728,4,S
7658,32734,32734,0,S
7661,32740,32740,0,N
7663,32744,32744,0,S
7667,32754,32754,0,S
7668,32755,32756,1,N
7651,32720,32760,40,E
7652,32720,32760,40,W
7656,32727,32760,33,E
7655,32726,32760,34,W
7659,32734,32762,28,E
7657,32732,32762,30,W
7662,32741,32762,21,E
7660,32738,32762,24,W
7665,32748,32764,16,E
7664,32744,32764,20,W
7669,32755,32764,9,E
7666,32750,32764,14,W
7671,32762,32766,4,E
7670,32756,32766,10,W
7672,32762,32766,4,W
7674,32768,32768,0,W
7675,32769,32770,1,E
7678,32774,32774,0,W
7679,32776,32776,0,E
7680,32780,32780,0,W
7681,32783,32784,1,E
7684,32786,32786,0,W
7685,32790,32790,0,E
7686,32792,32792,0,W
7688,32797,32798,1,E
7689,32798,32798,0,W
7692,32804,32804,0,E
7693,32804,32804,0,W
7694,32810,32810,0,W
7695,32811,32812,1,E
7698,32816,32816,0,W
7699,32818,32818,0,E
7676,32770,32820,50,N
7673,32764,32820,56,S
7683,32785,32822,37,N
7677,32774,32822,48,S
7690,32800,32824,24,N
7682,32784,32824,40,S
7697,32815,32826,11,N
7687,32794,32826,32,S
7691,32804,32828,24,S
7704,32830,32830,0,N
7696,32814,32830,16,S
7701,32824,32832,8,S
7706,32834,32834,0,S
7710,32844,32844,0,S
7711,32845,32846,1,N
7716,32854,32854,0,S
7718,32860,32860,0,N
7720,32864,32864,0,S
7702,32825,32866,41,E
7700,32822,32866,44,W
7705,32832,32866,34,E
7703,32828,32866,38,W
7708,32839,32868,29,E
7707,32834,32868,34,W
7712,32846,32868,22,E
7709,32840,32868,28,W
7715,32853,32870,17,E
7713,32846,32870,24,W
7719,32860,32870,10,E
7714,32852,32870,18,W
7722,32867,32872,5,E
7717,32858,32872,14,W
7721,32864,32872,8,W
7725,32874,32874,0,E
7723,32870,32874,4,W
7727,32876,32876,0,W
7728,32881,32882,1,E
7729,32882,32882,0,W
7731,32888,32888,0,E
7732,32888,32888,0,W
7735,32894,32894,0,W
7736,32895,32896,1,E
7737,32900,32900,0,W
7738,32902,32902,0,E
7741,32906,32906,0,W
7742,32909,32910,1,E
7743,32912,32912,0,W
7745,32916,32916,0,E
7746,32918,32918,0,W
7748,32923,32924,1,E
7750,32924,32924,0,W
7726,32875,32926,51,N
7724,32874,32926,52,S
7733,32890,32928,38,N
7730,32884,32928,44,S
7740,32905,32930,25,N
7734,32894,32930,36,S
7747,32920,32932,12,N
7739,32904,32932,28,S
7744,32914,32934,20,S
7754,32935,32936,1,N
7749,32924,32936,12,S
7753,32934,32938,4,S
7758,32944,32944,0,S
7761,32950,32950,0,N
7763,32954,32954,0,S
7767,32964,32964,0,S
7768,32965,32966,1,N
7751,32930,32970,40,E
7752,32930,32970,40,W
7756,32937,32970,33,E
7755,32936,32970,34,W
7759,32944,32972,28,E
7757,32942,32972,30,W
7762,32951,32972,21,E
7760,32948,32972,24,W
7765,32958,32974,16,E
7764,32954,32974,20,W
7769,32965,32974,9,E
7766,32960,32974,14,W
7771,32972,32976,4,E
7770,32966,32976,10,W
7772,32972,32976,4,W
7774,32978,32978,0,W
7775,32979,32980,1,E
7778,32984,32984,0,W
7779,32986,32986,0,E
7780,32990,32990,0,W
7781,32993,32994,1,E
7784,32996,32996,0,W
7785,33000,33000,0,E
7786,33002,33002,0,W
7788,33007,33008,1,E
7789,33008,33008,0,W
7792,33014,33014,0,E
7793,33014,33014,0,W
7794,33020,33020,0,W
7795,33021,33022,1,E
7798,33026,33026,0,W
7799,33028,33028,0,E
7776,32980,33030,50,N
7773,32974,33030,56,S
7783,32995,33032,37,N
7777,32984,33032,48,S
7790,33010,33034,24,N
7782,32994,33034,40,S
7797,33025,33036,11,N
7787,33004,33036,32,S
7791,33014,33038,24,S
7804,33040,33040,0,N
7796,33024,33040,16,S
7801,33034,33042,8,S
7806,33044,33044,0,S
7810,33054,33054,0,S
7811,33055,33056,1,N
7816,33064,33064,0,S
7818,33070,33070,0,N
7820,33074,33074,0,S
7802,33035,33076,41,E
7800,33032,33076,44,W
7805,33042,33076,34,E
7803,33038,33076,38,W
7808,33049,33078,29,E
7807,33044,33078,34,W
7812,33056,33078,22,E
7809,33050,33078,28,W
7815,33063,33080,17,E
7813,33056,33080,24,W
7819,33070,33080,10,E
7814,33062,33080,18,W
7822,33077,33082,5,E
7817,33068,33082,14,W
7821,33074,33082,8,W
7825,33084,33084,0,E
7823,33080,33084,4,W
7827,33086,33086,0,W
7828,33091,33092,1,E
7829,33092,33092,0,W
7831,33098,33098,0,E
7832,33098,33098,0,W
7835,33104,33104,0,W
7836,33105,33106,1,E
7837,33110,33110,0,W
7838,33112,33112,0,E
7841,33116,33116,0,W
7842,33119,33120,1,E
7843,33122,33122,0,W
7845,33126,33126,0,E
7846,33128,33128,0,W
7848,33133,33134,1,E
7850,33134,33134,0,W
7826,33085,33136,51,N
7824,33084,33136,52,S
7833,33100,33138,38,N
7830,33094,33138,44,S
7840,33115,33140,25,N
7834,33104,33140,36,S
7847,33130,33142,12,N
7839,33114,33142,28,S
7844,33124,33144,20,S
7854,33145,33146,1,N
7849,33134,33146,12,S
7853,33144,33148,4,S
7858,33154,33154,0,S
7861,33160,33160,0,N
7863,33164,33164,0,S
7867,33174,33174,0,S
7868,33175,33176,1,N
7851,33140,33180,40,E
7852,33140,33180,40,W
7856,33147,33180,33,E
7855,33146,33180,34,W
7859,33154,33182,28,E
7857,33152,33182,30,W
7862,33161,33182,21,E
7860,33158,33182,24,W
7865,33168,33184,16,E
7864,33164,33184,20,W
7869,33175,33184,9,E
7866,33170,33184,14,W
7871,33182,33186,4,E
7870,33176,33186,10,W
7872,33182,33186,4,W
7874,33188,33188,0,W
7875,33189,33190,1,E
7878,33194,33194,0,W
7879,33196,33196,0,E
7880,33200,33200,0,W
7881,33203,33204,1,E
7884,33206,33206,0,W
7885,33210,33210,0,E
7886,33212,33212,0,W
7888,33217,33218,1,E
7889,33218,33218,0,W
7892,33224,33224,0,E
7893,33224,33224,0,W
7894,33230,33230,0,W
7895,33231,33232,1,E
7898,33236,33236,0,W
7899,33238,33238,0,E
7876,33190,33240,50,N
7873,33184,33240,56,S
7883,33205,33242,37,N
7877,33194,33242,48,S
7890,33220,33244,24,N
7882,33204,33244,40,S
7897,33235,33246,11,N
7887,33214,33246,32,S
7891,33224,33248,24,S
7904,33250,33250,0,N
7896,33234,33250,16,S
7901,33244,33252,8,S
7906,33254,33254,0,S
7910,33264,33264,0,S
7911,33265,33266,1,N
7916,33274,33274,0,S
7918,33280,33280,0,N
7920,33284,33284,0,S
7902,33245,33286,41,E
7900,33242,33286,44,W
7905,33252,33286,34,E
7903,33248,33286,38,W
7908,33259,33288,29,E
7907,33254,33288,34,W
7912,33266,33288,22,E
7909,33260,33288,28,W
7915,33273,33290,17,E
7913,33266,33290,24,W
7919,33280,33290,10,E
7914,33272,33290,18,W
7922,33287,33292,5,E
7917,33278,33292,14,W
7921,33284,33292,8,W
7925,33294,33294,0,E
7923,33290,33294,4,W
7927,33296,33296,0,W
7928,33301,33302,1,E
7929,33302,33302,0,W
7931,33308,33308,0,E
7932,33308,33308,0,W
7935,33314,33314,0,W
7936,33315,33316,1,E
7937,33320,33320,0,W
7938,33322,33322,0,E
7941,33326,33326,0,W
7942,33329,33330,1,E
7943,33332,33332,0,W
7945,33336,33336,0,E
7946,33338,33338,0,W
7948,33343,33344,1,E
7950,33344,33344,0,W
7926,33295,33346,51,N
7924,33294,33346,52,S
7933,33310,33348,38,N
7930,33304,33348,44,S
7940,33325,33350,25,N
7934,33314,33350,36,S
7947,33340,33352,12,N
7939,33324,33352,28,S
7944,33334,33354,20,S
7954,33355,33356,1,N
7949,33344,33356,12,S
7953,33354,33358,4,S
7958,33364,33364,0,S
7961,33370,33370,0,N
7963,33374,33374,0,S
7967,33384,33384,0,S
7968,33385,33386,1,N
7951,33350,33390,40,E
7952,33350,33390,40,W
7956,33357,33390,33,E
7955,33356,33390,34,W
7959,33364,33392,28,E
7957,33362,33392,30,W
7962,33371,33392,21,E
7960,33368,33392,24,W
7965,33378,33394,16,E
7964,33374,33394,20,W
7969,33385,33394,9,E
7966,33380,33394,14,W
7971,33392,33396,4,E
7970,33386,33396,10,W
7972,33392,33396,4,W
7974,33398,33398,0,W
7975,33399,33400,1,E
7978,33404,33404,0,W
7979,33406,33406,0,E
7980,33410,33410,0,W
7981,33413,33414,1,E
7984,33416,33416,0,W
7985,33420,33420,0,E
7986,33422,33422,0,W
7988,33427,33428,1,E
7989,33428,33428,0,W
7992,33434,33434,0,E
7993,33434,33434,0,W
7994,33440,33440,0,W
7995,33441,33442,1,E
7998,33446,33446,0,W
7999,33448,33448,0,E
7976,33400,33450,50,N
7973,33394,33450,56,S
7983,33415,33452,37,N
7977,33404,33452,48,S
7990,33430,33454,24,N
7982,33414,33454,40,S
7997,33445,33456,11,N
7987,33424,33456,32,S
7991,33434,33458,24,S
8004,33460,33460,0,N
7996,33444,33460,16,S
8001,33454,33462,8,S
8006,33464,33464,0,S
8010,33474,33474,0,S
8011,33475,33476,1,N
8016,33484,33484,0,S
8018,33490,33490,0,N
8020,33494,33494,0,S
8002,33455,33496,41,E
8000,33452,33496,44,W
8005,33462,33496,34,E
8003,33458,33496,38,W
8008,33469,33498,29,E
8007,33464,33498,34,W
8012,33476,33498,22,E
8009,33470,33498,28,W
8015,33483,33500,17,E
8013,33476,33500,24,W
8019,33490,33500,10,E
8014,33482,33500,18,W
8022,33497,33502,5,E
8017,33488,33502,14,W
8021,33494,33502,8,W
8025,33504,33504,0,E
8023,33500,33504,4,W
8027,33506,33506,0,W
8028,33511,33512,1,E
8029,33512,33512,0,W
8031,33518,33518,0,E
8032,33518,33518,0,W
8035,33524,33524,0,W
8036,33525,33526,1,E
8037,33530,33530,0,W
8038,33532,33532,0,E
8041,33536,33536,0,W
8042,33539,33540,1,E
8043,33542,33542,0,W
8045,33546,33546,0,E
8046,33548,33548,0,W
8048,33553,33554,1,E
8050,33554,33554,0,W
8026,33505,33556,51,N
8024,33504,33556,52,S
8033,33520,33558,38,N
8030,33514,33558,44,S
8040,33535,33560,25,N
8034,33524,33560,36,S
8047,33550,33562,12,N
8039,33534,33562,28,S
8044,33544,33564,20,S
8054,33565,33566,1,N
8049,33554,33566,12,S
8053,33564,33568,4,S
8058,33574,33574,0,S
8061,33580,33580,0,N
8063,33584,33584,0,S
8067,33594,33594,0,S
8068,33595,33596,1,N
8051,33560,33600,40,E
8052,33560,33600,40,W
8056,33567,33600,33,E
8055,33566,33600,34,W
8059,33574,33602,28,E
8057,33572,33602,30,W
8062,33581,33602,21,E
8060,33578,33602,24,W
8065,33588,33604,16,E
8064,33584,33604,20,W
8069,33595,33604,9,E
8066,33590,33604,14,W
8071,33602,33606,4,E
8070,33596,33606,10,W
8072,33602,33606,4,W
8074,33608,33608,0,W
8075,33609,33610,1,E
8078,33614,33614,0,W
8079,33616,33616,0,E
8080,33620,33620,0,W
8081,33623,33624,1,E
8084,33626,33626,0,W
8085,33630,33630,0,E
8086,33632,33632,0,W
8088,33637,33638,1,E
8089,33638,33638,0,W
8092,33644,33644,0,E
8093,33644,33644,0,W
8094,33650,33650,0,W
8095,33651,33652,1,E
8098,33656,33656,0,W
8099,33658,33658,0,E
8076,33610,33660,50,N
8073,33604,33660,56,S
8083,33625,33662,37,N
8077,33614,33662,48,S
8090,33640,33664,24,N
8082,33624,33664,40,S
8097,33655,33666,11,N
8087,33634,33666,32,S
8091,33644,33668,24,S
8104,33670,33670,0,N
8096,33654,33670,16,S
8101,33664,33672,8,S
8106,33674,33674,0,S
8110,33684,33684,0,S
8111,33685,33686,1,N
8116,33694,33694,0,S
8118,33700,33700,0,N
8120,33704,33704,0,S
8102,33665,33706,41,E
8100,33662,33706,44,W
8105,33672,33706,34,E
8103,33668,33706,38,W
8108,33679,33708,29,E
8107,33674,33708,34,W
8112,33686,33708,22,E
8109,33680,33708,28,W
8115,33693,33710,17,E
8113,33686,33710,24,W
8119,33700,33710,10,E
8114,33692,33710,18,W
8122,33707,33712,5,E
8117,33698,33712,14,W
8121,33704,33712,8,W
8125,33714,33714,0,E
8123,33710,33714,4,W
8127,33716,33716,0,W
8128,33721,33722,1,E
8129,33722,33722,0,W
8131,33728,33728,0,E
8132,33728,33728,0,W
8135,33734,33734,0,W
8136,33735,33736,1,E
8137,33740,33740,0,W
8138,33742,33742,0,E
8141,33746,33746,0,W
8142,33749,33750,1,E
8143,33752,33752,0,W
8145,33756,33756,0,E
8146,33758,33758,0,W
8148,33763,33764,1,E
8150,33764,33764,0,W
8126,33715,33766,51,N
8124,33714,33766,52,S
8133,33730,33768,38,N
8130,33724,33768,44,S
8140,33745,33770,25,N
8134,33734,33770,36,S
8147,33760,33772,12,N
8139,33744,33772,28,S
8144,33754,33774,20,S
8154,33775,33776,1,N
8149,33764,33776,12,S
8153,33774,33778,4,S
8158,33784,33784,0,S
8161,33790,33790,0,N
8163,33794,33794,0,S
8167,33804,33804,0,S
8168,33805,33806,1,N
8151,33770,33810,40,E
8152,33770,33810,40,W
8156,33777,33810,33,E
8155,33776,33810,34,W
8159,33784,33812,28,E
8157,33782,33812,30,W
8162,33791,33812,21,E
8160,33788,33812,24,W
8165,33798,33814,16,E
8164,33794,33814,20,W
8169,33805,33814,9,E
8166,33800,33814,14,W
8171,33812,33816,4,E
8170,33806,33816,10,W
8172,33812,33816,4,W
8174,33818,33818,0,W
8175,33819,33820,1,E
8178,33824,33824,0,W
8179,33826,33826,0,E
8180,33830,33830,0,W
8181,33833,33834,1,E
8184,33836,33836,0,W
8185,33840,33840,0,E
8186,33842,33842,0,W
8188,33847,33848,1,E
8189,33848,33848,0,W
8192,33854,33854,0,E
8193,33854,33854,0,W
8194,33860,33860,0,W
8195,33861,33862,1,E
8198,33866,33866,0,W
8199,33868,33868,0,E
8176,33820,33870,50,N
8173,33814,33870,56,S
8183,33835,33872,37,N
8177,33824,33872,48,S
8190,33850,33874,24,N
8182,33834,33874,40,S
8197,33865,33876,11,N
8187,33844,33876,32,S
8191,33854,33878,24,S
8204,33880,33880,0,N
8196,33864,33880,16,S
8201,33874,33882,8,S
8206,33884,33884,0,S
8210,33894,33894,0,S
8211,33895,33896,1,N
8216,33904,33904,0,S
8218,33910,33910,0,N
8220,33914,33914,0,S
8202,33875,33916,41,E
8200,33872,33916,44,W
8205,33882,33916,34,E
8203,33878,33916,38,W
8208,33889,33918,29,E
8207,33884,33918,34,W
8212,33896,33918,22,E
8209,33890,33918,28,W
8215,33903,33920,17,E
8213,33896,33920,24,W
8219,33910,33920,10,E
8214,33902,33920,18,W
8222,33917,33922,5,E
8217,33908,33922,14,W
8221,33914,33922,8,W
8225,33924,33924,0,E
8223,33920,33924,4,W
8227,33926,33926,0,W
8228,33931,33932,1,E
8229,33932,33932,0,W
8231,33938,33938,0,E
8232,33938,33938,0,W
8235,33944,33944,0,W
8236,33945,33946,1,E
8237,33950,33950,0,W
8238,33952,33952,0,E
8241,33956,33956,0,W
8242,33959,33960,1,E
8243,33962,33962,0,W
8245,33966,33966,0,E
8246,33968,33968,0,W
8248,33973,33974,1,E
8250,33974,33974,0,W
8226,33925,33976,51,N
8224,33924,33976,52,S
8233,33940,33978,38,N
8230,33934,33978,44,S
8240,33955,33980,25,N
8234,33944,33980,36,S
8247,33970,33982,12,N
8239,33954,33982,28,S
8244,33964,33984,20,S
8254,33985,33986,1,N
8249,33974,33986,12,S
8253,33984,33988,4,S
8258,33994,33994,0,S
8261,34000,34000,0,N
8263,34004,34004,0,S
8267,34014,34014,0,S
8268,34015,34016,1,N
8251,33980,34020,40,E
8252,33980,34020,40,W
8256,33987,34020,33,E
8255,33986,34020,34,W
8259,33994,34022,28,E
8257,33992,34022,30,W
8262,34001,34022,21,E
8260,33998,34022,24,W
8265,34008,34024,16,E
8264,34004,34024,20,W
8269,34015,34024,9,E
8266,34010,34024,14,W
8271,34022,34026,4,E
8270,34016,34026,10,W
8272,34022,34026,4,W
8274,34028,34028,0,W
8275,34029,34030,1,E
8278,34034,34034,0,W
8279,34036,34036,0,E
8280,34040,34040,0,W
8281,34043,34044,1,E
8284,34046,34046,0,W
8285,34050,34050,0,E
8286,34052,34052,0,W
8288,34057,34058,1,E
8289,34058,34058,0,W
8292,34064,34064,0,E
8293,34064,34064,0,W
8294,34070,34070,0,W
8295,34071,34072,1,E
8298,34076,34076,0,W
8299,34078,34078,0,E
8276,34030,34080,50,N
8273,34024,34080,56,S
8283,34045,34082,37,N
8277,34034,34082,48,S
8290,34060,34084,24,N
8282,34044,34084,40,S
8297,34075,34086,11,N
8287,34054,34086,32,S
8291,34064,34088,24,S
8304,34090,34090,0,N
8296,34074,34090,16,S
8301,34084,34092,8,S
8306,34094,34094,0,S
8310,34104,34104,0,S
8311,34105,34106,1,N
8316,34114,34114,0,S
8318,34120,34120,0,N
8320,34124,34124,0,S
8302,34085,34126,41,E
8300,34082,34126,44,W
8305,34092,34126,34,E
8303,34088,34126,38,W
8308,34099,34128,29,E
8307,34094,34128,34,W
8312,34106,34128,22,E
8309,34100,34128,28,W
8315,34113,34130,17,E
8313,34106,34130,24,W
8319,34120,34130,10,E
8314,34112,34130,18,W
8322,34127,34132,5,E
8317,34118,34132,14,W
8321,34124,34132,8,W
8325,34134,34134,0,E
8323,34130,34134,4,W
8327,34136,34136,0,W
8328,34141,34142,1,E
8329,34142,34142,0,W
8331,34148,34148,0,E
8332,34148,34148,0,W
8335,34154,34154,0,W
8336,34155,34156,1,E
8337,34160,34160,0,W
8338,34162,34162,0,E
8341,34166,34166,0,W
8342,34169,34170,1,E
8343,34172,34172,0,W
8345,34176,34176,0,E
8346,34178,34178,0,W
8348,34183,34184,1,E
8350,34184,34184,0,W
8326,34135,34186,51,N
8324,34134,34186,52,S
8333,34150,34188,38,N
8330,34144,34188,44,S
8340,34165,34190,25,N
8334,34154,34190,36,S
8347,34180,34192,12,N
8339,34164,34192,28,S
8344,34174,34194,20,S
8354,34195,34196,1,N
8349,34184,34196,12,S
8353,34194,34198,4,S
8358,34204,34204,0,S
8361,34210,34210,0,N
8363,34214,34214,0,S
8367,34224,34224,0,S
8368,34225,34226,1,N
8351,34190,34230,40,E
8352,34190,34230,40,W
8356,34197,34230,33,E
8355,34196,34230,34,W
8359,34204,34232,28,E
8357,34202,34232,30,W
8362,34211,34232,21,E
8360,34208,34232,24,W
8365,34218,34234,16,E
8364,34214,34234,20,W
8369,34225,34234,9,E
8366,34220,34234,14,W
8371,34232,34236,4,E
8370,34226,34236,10,W
8372,34232,34236,4,W
8374,34238,34238,0,W
8375,34239,34240,1,E
8378,34244,34244,0,W
8379,34246,34246,0,E
8380,34250,34250,0,W
8381,34253,34254,1,E
8384,34256,34256,0,W
8385,34260,34260,0,E
8386,34262,34262,0,W
8388,34267,34268,1,E
8389,34268,34268,0,W
8392,34274,34274,0,E
8393,34274,34274,0,W
8394,34280,34280,0,W
8395,34281,34282,1,E
8398,34286,34286,0,W
8399,34288,34288,0,E
8376,34240,34290,50,N
8373,34234,34290,56,S
8383,34255,34292,37,N
8377,34244,34292,48,S
8390,34270,34294,24,N
8382,34254,34294,40,S
8397,34285,34296,11,N
8387,34264,34296,32,S
8391,34274,34298,24,S
8404,34300,34300,0,N
8396,34284,34300,16,S
8401,34294,34302,8,S
8406,34304,34304,0,S
8410,34314,34314,0,S
8411,34315,34316,1,N
8416,34324,34324,0,S
8418,34330,34330,0,N
8420,34334,34334,0,S
8402,34295,34336,41,E
8400,34292,34336,44,W
8405,34302,34336,34,E
8403,34298,34336,38,W
8408,34309,34338,29,E
8407,34304,34338,34,W
8412,34316,34338,22,E
8409,34310,34338,28,W
8415,34323,34340,17,E
8413,34316,34340,24,W
8419,34330,34340,10,E
8414,34322,34340,18,W
8422,34337,34342,5,E
8417,34328,34342,14,W
8421,34334,34342,8,W
8425,34344,34344,0,E
8423,34340,34344,4,W
8427,34346,34346,0,W
8428,34351,34352,1,E
8429,34352,34352,0,W
8431,34358,34358,0,E
8432,34358,34358,0,W
8435,34364,34364,0,W
8436,34365,34366,1,E
8437,34370,34370,0,W
8438,34372,34372,0,E
8441,34376,34376,0,W
8442,34379,34380,1,E
8443,34382,34382,0,W
8445,34386,34386,0,E
8446,34388,34388,0,W
8448,34393,34394,1,E
8450,34394,34394,0,W
8426,34345,34396,51,N
8424,34344,34396,52,S
8433,34360,34398,38,N
8430,34354,34398,44,S
8440,34375,34400,25,N
8434,34364,34400,36,S
8447,34390,34402,12,N
8439,34374,34402,28,S
8444,34384,34404,20,S
8454,34405,34406,1,N
8449,34394,34406,12,S
8453,34404,34408,4,S
8458,34414,34414,0,S
8461,34420,34420,0,N
8463,34424,34424,0,S
8467,34434,34434,0,S
8468,34435,34436,1,N
8451,34400,34440,40,E
8452,34400,34440,40,W
8456,34407,34440,33,E
8455,34406,34440,34,W
8459,34414,34442,28,E
8457,34412,34442,30,W
8462,34421,34442,21,E
8460,34418,34442,24,W
8465,34428,34444,16,E
8464,34424,34444,20,W
8469,34435,34444,9,E
8466,34430,34444,14,W
8471,34442,34446,4,E
8470,34436,34446,10,W
8472,34442,34446,4,W
8474,34448,34448,0,W
8475,34449,34450,1,E
8478,34454,34454,0,W
8479,34456,34456,0,E
8480,34460,34460,0,W
8481,34463,34464,1,E
8484,34466,34466,0,W
8485,34470,34470,0,E
8486,34472,34472,0,W
8488,34477,34478,1,E
8489,34478,34478,0,W
8492,34484,34484,0,E
8493,34484,34484,0,W
8494,34490,34490,0,W
8495,34491,34492,1,E
8498,34496,34496,0,W
8499,34498,34498,0,E
8476,34450,34500,50,N
8473,34444,34500,56,S
8483,34465,34502,37,N
8477,34454,34502,48,S
8490,34480,34504,24,N
8482,34464,34504,40,S
8497,34495,34506,11,N
8487,34474,34506,32,S
8491,34484,34508,24,S
8504,34510,34510,0,N
8496,34494,34510,16,S
8501,34504,34512,8,S
8506,34514,34514,0,S
8510,34524,34524,0,S
8511,34525,34526,1,N
8516,34534,34534,0,S
8518,34540,34540,0,N
8520,34544,34544,0,S
8502,34505,34546,41,E
8500,34502,34546,44,W
8505,34512,34546,34,E
8503,34508,34546,38,W
8508,34519,34548,29,E
8507,34514,34548,34,W
8512,34526,34548,22,E
8509,34520,34548,28,W
8515,34533,34550,17,E
8513,34526,34550,24,W
8519,34540,34550,10,E
8514,34532,34550,18,W
8522,34547,34552,5,E
8517,34538,34552,14,W
8521,34544,34552,8,W
8525,34554,34554,0,E
8523,34550,34554,4,W
8527,34556,34556,0,W
8528,34561,34562,1,E
8529,34562,34562,0,W
8531,34568,34568,0,E
8532,34568,34568,0,W
8535,34574,34574,0,W
8536,34575,34576,1,E
8537,34580,34580,0,W
8538,34582,34582,0,E
8541,34586,34586,0,W
8542,34589,34590,1,E
8543,34592,34592,0,W
8545,34596,34596,0,E
8546,34598,34598,0,W
8548,34603,34604,1,E
8550,34604,34604,0,W
8526,34555,34606,51,N
8524,34554,34606,52,S
8533,34570,34608,38,N
8530,34564,34608,44,S
8540,34585,34610,25,N
8534,34574,34610,36,S
8547,34600,34612,12,N
8539,34584,34612,28,S
8544,34594,34614,20,S
8554,34615,34616,1,N
8549,34604,34616,12,S
8553,34614,34618,4,S
8558,34624,34624,0,S
8561,34630,34630,0,N
8563,34634,34634,0,S
8567,34644,34644,0,S
8568,34645,34646,1,N
8551,34610,34650,40,E
8552,34610,34650,40,W
8556,34617,34650,33,E
8555,34616,34650,34,W
8559,34624,34652,28,E
8557,34622,34652,30,W
8562,34631,34652,21,E
8560,34628,34652,24,W
8565,34638,34654,16,E
8564,34634,34654,20,W
8569,34645,34654,9,E
8566,34640,34654,14,W
8571,34652,34656,4,E
8570,34646,34656,10,W
8572,34652,34656,4,W
8574,34658,34658,0,W
8575,34659,34660,1,E
8578,34664,34664,0,W
8579,34666,34666,0,E
8580,34670,34670,0,W
8581,34673,34674,1,E
8584,34676,34676,0,W
8585,34680,34680,0,E
8586,34682,34682,0,W
8588,34687,34688,1,E
8589,34688,34688,0,W
8592,34694,34694,0,E
8593,34694,34694,0,W
8594,34700,34700,0,W
8595,34701,34702,1,E
8598,34706,34706,0,W
8599,34708,34708,0,E
8576,34660,34710,50,N
8573,34654,34710,56,S
8583,34675,34712,37,N
8577,34664,34712,48,S
8590,34690,34714,24,N
8582,34674,34714,40,S
8597,34705,34716,11,N
8587,34684,34716,32,S
8591,34694,34718,24,S
8604,34720,34720,0,N
8596,34704,34720,16,S
8601,34714,34722,8,S
8606,34724,34724,0,S
8610,34734,34734,0,S
8611,34735,34736,1,N
8616,34744,34744,0,S
8618,34750,34750,0,N
8620,34754,34754,0,S
8602,34715,34756,41,E
8600,34712,34756,44,W
8605,34722,34756,34,E
8603,34718,34756,38,W
8608,34729,34758,29,E
8607,34724,34758,34,W
8612,34736,34758,22,E
8609,34730,34758,28,W
8615,34743,34760,17,E
8613,34736,34760,24,W
8619,34750,34760,10,E
8614,34742,34760,18,W
8622,34757,34762,5,E
8617,34748,34762,14,W
8621,34754,34762,8,W
8625,34764,34764,0,E
8623,34760,34764,4,W
8627,34766,34766,0,W
8628,34771,34772,1,E
8629,34772,34772,0,W
8631,34778,34778,0,E
8632,34778,34778,0,W
8635,34784,34784,0,W
8636,34785,34786,1,E
8637,34790,34790,0,W
8638,34792,34792,0,E
8641,34796,34796,0,W
8642,34799,34800,1,E
8643,34802,34802,0,W
8645,34806,34806,0,E
8646,34808,34808,0,W
8648,34813,34814,1,E
8650,34814,34814,0,W
8626,34765,34816,51,N
8624,34764,34816,52,S
8633,34780,34818,38,N
8630,34774,34818,44,S
8640,34795,34820,25,N
8634,34784,34820,36,S
8647,34810,34822,12,N
8639,34794,34822,28,S
8644,34804,34824,20,S
8654,34825,34826,1,N
8649,34814,34826,12,S
8653,34824,34828,4,S
8658,34834,34834,0,S
8661,34840,34840,0,N
8663,34844,34844,0,S
8667,34854,34854,0,S
8668,34855,34856,1,N
8651,34820,34860,40,E
8652,34820,34860,40,W
8656,34827,34860,33,E
8655,34826,34860,34,W
8659,34834,34862,28,E
8657,34832,34862,30,W
8662,34841,34862,21,E
8660,34838,34862,24,W
8665,34848,34864,16,E
8664,34844,34864,20,W
8669,34855,34864,9,E
8666,34850,34864,14,W
8671,34862,34866,4,E
8670,34856,34866,10,W
8672,34862,34866,4,W
8674,34868,34868,0,W
8675,34869,34870,1,E
8678,34874,34874,0,W
8679,34876,34876,0,E
8680,34880,34880,0,W
8681,34883,34884,1,E
8684,34886,34886,0,W
8685,34890,34890,0,E
8686,34892,34892,0,W
8688,34897,34898,1,E
8689,34898,34898,0,W
8692,34904,34904,0,E
8693,34904,34904,0,W
8694,34910,34910,0,W
8695,34911,34912,1,E
8698,34916,34916,0,W
8699,34918,34918,0,E
8676,34870,34920,50,N
8673,34864,34920,56,S
8683,34885,34922,37,N
8677,34874,34922,48,S
8690,34900,34924,24,N
8682,34884,34924,40,S
8697,34915,34926,11,N
8687,34894,34926,32,S
8691,34904,34928,24,S
8704,34930,34930,0,N
8696,34914,34930,16,S
8701,34924,34932,8,S
8706,34934,34934,0,S
8710,34944,34944,0,S
8711,34945,34946,1,N
8716,34954,34954,0,S
8718,34960,34960,0,N
8720,34964,34964,0,S
8702,34925,34966,41,E
8700,34922,34966,44,W
8705,34932,34966,34,E
8703,34928,34966,38,W
8708,34939,34968,29,E
8707,34934,34968,34,W
8712,34946,34968,22,E
8709,34940,34968,28,W
8715,34953,34970,17,E
8713,34946,34970,24,W
8719,34960,34970,10,E
8714,34952,34970,18,W
8722,34967,34972,5,E
8717,34958,34972,14,W
8721,34964,34972,8,W
8725,34974,34974,0,E
8723,34970,34974,4,W
8727,34976,34976,0,W
8728,34981,34982,1,E
8729,34982,34982,0,W
8731,34988,34988,0,E
8732,34988,34988,0,W
8735,34994,34994,0,W
8736,34995,34996,1,E
8737,35000,35000,0,W
8738,35002,35002,0,E
8741,35006,35006,0,W
8742,35009,35010,1,E
8743,35012,35012,0,W
8745,35016,35016,0,E
8746,35018,35018,0,W
8748,35023,35024,1,E
8750,35024,35024,0,W
8726,34975,35026,51,N
8724,34974,35026,52,S
8733,34990,35028,38,N
8730,34984,35028,44,S
8740,35005,35030,25,N
8734,34994,35030,36,S
8747,35020,35032,12,N
8739,35004,35032,28,S
8744,35014,35034,20,S
8754,35035,35036,1,N
8749,35024,35036,12,S
8753,35034,35038,4,S
8758,35044,35044,0,S
8761,35050,35050,0,N
8763,35054,35054,0,S
8767,35064,35064,0,S
8768,35065,35066,1,N
8751,35030,35070,40,E
8752,35030,35070,40,W
8756,35037,35070,33,E
8755,35036,35070,34,W
8759,35044,35072,28,E
8757,35042,35072,30,W
8762,35051,35072,21,E
8760,35048,35072,24,W
8765,35058,35074,16,E
8764,35054,35074,20,W
8769,35065,35074,9,E
8766,35060,35074,14,W
8771,35072,35076,4,E
8770,35066,35076,10,W
8772,35072,35076,4,W
8774,35078,35078,0,W
8775,35079,35080,1,E
8778,35084,35084,0,W
8779,35086,35086,0,E
8780,35090,35090,0,W
8781,35093,35094,1,E
8784,35096,35096,0,W
8785,35100,35100,0,E
8786,35102,35102,0,W
8788,35107,35108,1,E
8789,35108,35108,0,W
8792,35114,35114,0,E
8793,35114,35114,0,W
8794,35120,35120,0,W
8795,35121,35122,1,E
8798,35126,35126,0,W
8799,35128,35128,0,E
8776,35080,35130,50,N
8773,35074,35130,56,S
8783,35095,35132,37,N
8777,35084,35132,48,S
8790,35110,35134,24,N
8782,35094,35134,40,S
8797,35125,35136,11,N
8787,35104,35136,32,S
8791,35114,35138,24,S
8804,35140,35140,0,N
8796,35124,35140,16,S
8801,35134,35142,8,S
8806,35144,35144,0,S
8810,35154,35154,0,S
8811,35155,35156,1,N
8816,35164,35164,0,S
8818,35170,35170,0,N
8820,35174,35174,0,S
8802,35135,35176,41,E
8800,35132,35176,44,W
8805,35142,35176,34,E
8803,35138,35176,38,W
8808,35149,35178,29,E
8807,35144,35178,34,W
8812,35156,35178,22,E
8809,35150,35178,28,W
8815,35163,35180,17,E
8813,35156,35180,24,W
8819,35170,35180,10,E
8814,35162,35180,18,W
8822,35177,35182,5,E
8817,35168,35182,14,W
8821,35174,35182,8,W
8825,35184,35184,0,E
8823,35180,35184,4,W
8827,35186,35186,0,W
8828,35191,35192,1,E
8829,35192,35192,0,W
8831,35198,35198,0,E
8832,35198,35198,0,W
8835,35204,35204,0,W
8836,35205,35206,1,E
8837,35210,35210,0,W
8838,35212,35212,0,E
8841,35216,35216,0,W
8842,35219,35220,1,E
8843,35222,35222,0,W
8845,35226,35226,0,E
8846,35228,35228,0,W
8848,35233,35234,1,E
8850,35234,35234,0,W
8826,35185,35236,51,N
8824,35184,35236,52,S
8833,35200,35238,38,N
8830,35194,35238,44,S
8840,35215,35240,25,N
8834,35204,35240,36,S
8847,35230,35242,12,N
8839,35214,35242,28,S
8844,35224,35244,20,S
8854,35245,35246,1,N
8849,35234,35246,12,S
8853,35244,35248,4,S
8858,35254,35254,0,S
8861,35260,35260,0,N
8863,35264,35264,0,S
8867,35274,35274,0,S
8868,35275,35276,1,N
8851,35240,35280,40,E
8852,35240,35280,40,W
8856,35247,35280,33,E
8855,35246,35280,34,W
8859,35254,35282,28,E
8857,35252,35282,30,W
8862,35261,35282,21,E
8860,35258,35282,24,W
8865,35268,35284,16,E
8864,35264,35284,20,W
8869,35275,35284,9,E
8866,35270,35284,14,W
8871,35282,35286,4,E
8870,35276,35286,10,W
8872,35282,35286,4,W
8874,35288,35288,0,W
8875,35289,35290,1,E
8878,35294,35294,0,W
8879,35296,35296,0,E
8880,35300,35300,0,W
8881,35303,35304,1,E
8884,35306,35306,0,W
8885,35310,35310,0,E
8886,35312,35312,0,W
8888,35317,35318,1,E
8889,35318,35318,0,W
8892,35324,35324,0,E
8893,35324,35324,0,W
8894,35330,35330,0,W
8895,35331,35332,1,E
8898,35336,35336,0,W
8899,35338,35338,0,E
8876,35290,35340,50,N
8873,35284,35340,56,S
8883,35305,35342,37,N
8877,35294,35342,48,S
8890,35320,35344,24,N
8882,35304,35344,40,S
8897,35335,35346,11,N
8887,35314,35346,32,S
8891,35324,35348,24,S
8904,35350,35350,0,N
8896,35334,35350,16,S
8901,35344,35352,8,S
8906,35354,35354,0,S
8910,35364,35364,0,S
8911,35365,35366,1,N
8916,35374,35374,0,S
8918,35380,35380,0,N
8920,35384,35384,0,S
8902,35345,35386,41,E
8900,35342,35386,44,W
8905,35352,35386,34,E
8903,35348,35386,38,W
8908,35359,35388,29,E
8907,35354,35388,34,W
8912,35366,35388,22,E
8909,35360,35388,28,W
8915,35373,35390,17,E
8913,35366,35390,24,W
8919,35380,35390,10,E
8914,35372,35390,18,W
8922,35387,35392,5,E
8917,35378,35392,14,W
8921,35384,35392,8,W
8925,35394,35394,0,E
8923,35390,35394,4,W
8927,35396,35396,0,W
8928,35401,35402,1,E
8929,35402,35402,0,W
8931,35408,35408,0,E
8932,35408,35408,0,W
8935,35414,35414,0,W
8936,35415,35416,1,E
8937,35420,35420,0,W
8938,35422,35422,0,E
8941,35426,35426,0,W
8942,35429,35430,1,E
8943,35432,35432,0,W
8945,35436,35436,0,E
8946,35438,35438,0,W
8948,35443,35444,1,E
8950,35444,35444,0,W
8926,35395,35446,51,N
8924,35394,35446,52,S
8933,35410,35448,38,N
8930,35404,35448,44,S
8940,35425,35450,25,N
8934,35414,35450,36,S
8947,35440,35452,12,N
8939,35424,35452,28,S
8944,35434,35454,20,S
8954,35455,35456,1,N
8949,35444,35456,12,S
8953,35454,35458,4,S
8958,35464,35464,0,S
8961,35470,35470,0,N
8963,35474,35474,0,S
8967,35484,35484,0,S
8968,35485,35486,1,N
8951,35450,35490,40,E
8952,35450,35490,40,W
8956,35457,35490,33,E
8955,35456,35490,34,W
8959,35464,35492,28,E
8957,35462,35492,30,W
8962,35471,35492,21,E
8960,35468,35492,24,W
8965,35478,35494,16,E
8964,35474,35494,20,W
8969,35485,35494,9,E
8966,35480,35494,14,W
8971,35492,35496,4,E
8970,35486,35496,10,W
8972,35492,35496,4,W
8974,35498,35498,0,W
8975,35499,35500,1,E
8978,35504,35504,0,W
8979,35506,35506,0,E
8980,35510,35510,0,W
8981,35513,35514,1,E
8984,35516,35516,0,W
8985,35520,35520,0,E
8986,35522,35522,0,W
8988,35527,35528,1,E
8989,35528,35528,0,W
8992,35534,35534,0,E
8993,35534,35534,0,W
8994,35540,35540,0,W
8995,35541,35542,1,E
8998,35546,35546,0,W
8999,35548,35548,0,E
8976,35500,35550,50,N
8973,35494,35550,56,S
8983,35515,35552,37,N
8977,35504,35552,48,S
8990,35530,35554,24,N
8982,35514,35554,40,S
8997,35545,35556,11,N
8987,35524,35556,32,S
8991,35534,35558,24,S
9004,35560,35560,0,N
8996,35544,35560,16,S
9001,35554,35562,8,S
9006,35564,35564,0,S
9010,35574,35574,0,S
9011,35575,35576,1,N
9016,35584,35584,0,S
9018,35590,35590,0,N
9020,35594,35594,0,S
9002,35555,35596,41,E
9000,35552,35596,44,W
9005,35562,35596,34,E
9003,35558,35596,38,W
9008,35569,35598,29,E
9007,35564,35598,34,W
9012,35576,35598,22,E
9009,35570,35598,28,W
9015,35583,35600,17,E
9013,35576,35600,24,W
9019,35590,35600,10,E
9014,35582,35600,18,W
9022,35597,35602,5,E
9017,35588,35602,14,W
9021,35594,35602,8,W
9025,35604,35604,0,E
9023,35600,35604,4,W
9027,35606,35606,0,W
9028,35611,35612,1,E
9029,35612,35612,0,W
9031,35618,35618,0,E
9032,35618,35618,0,W
9035,35624,35624,0,W
9036,35625,35626,1,E
9037,35630,35630,0,W
9038,35632,35632,0,E
9041,35636,35636,0,W
9042,35639,35640,1,E
9043,35642,35642,0,W
9045,35646,35646,0,E
9046,35648,35648,0,W
9048,35653,35654,1,E
9050,35654,35654,0,W
9026,35605,35656,51,N
9024,35604,35656,52,S
9033,35620,35658,38,N
9030,35614,35658,44,S
9040,35635,35660,25,N
9034,35624,35660,36,S
9047,35650,35662,12,N
9039,35634,35662,28,S
9044,35644,35664,20,S
9054,35665,35666,1,N
9049,35654,35666,12,S
9053,35664,35668,4,S
9058,35674,35674,0,S
9061,35680,35680,0,N
9063,35684,35684,0,S
9067,35694,35694,0,S
9068,35695,35696,1,N
9051,35660,35700,40,E
9052,35660,35700,40,W
9056,35667,35700,33,E
9055,35666,35700,34,W
9059,35674,35702,28,E
9057,35672,35702,30,W
9062,35681,35702,21,E
9060,35678,35702,24,W
9065,35688,35704,16,E
9064,35684,35704,20,W
9069,35695,35704,9,E
9066,35690,35704,14,W
9071,35702,35706,4,E
9070,35696,35706,10,W
9072,35702,35706,4,W
9074,35708,35708,0,W
9075,35709,35710,1,E
9078,35714,35714,0,W
9079,35716,35716,0,E
9080,35720,35720,0,W
9081,35723,35724,1,E
9084,35726,35726,0,W
9085,35730,35730,0,E
9086,35732,35732,0,W
9088,35737,35738,1,E
9089,35738,35738,0,W
9092,35744,35744,0,E
9093,35744,35744,0,W
9094,35750,35750,0,W
9095,35751,35752,1,E
9098,35756,35756,0,W
9099,35758,35758,0,E
9076,35710,35760,50,N
9073,35704,35760,56,S
9083,35725,35762,37,N
9077,35714,35762,48,S
9090,35740,35764,24,N
9082,35724,35764,40,S
9097,35755,35766,11,N
9087,35734,35766,32,S
9091,35744,35768,24,S
9104,35770,35770,0,N
9096,35754,35770,16,S
9101,35764,35772,8,S
9106,35774,35774,0,S
9110,35784,35784,0,S
9111,35785,35786,1,N
9116,35794,35794,0,S
9118,35800,35800,0,N
9120,35804,35804,0,S
9102,35765,35806,41,E
9100,35762,35806,44,W
9105,35772,35806,34,E
9103,35768,35806,38,W
9108,35779,35808,29,E
9107,35774,35808,34,W
9112,35786,35808,22,E
9109,35780,35808,28,W
9115,35793,35810,17,E
9113,35786,35810,24,W
9119,35800,35810,10,E
9114,35792,35810,18,W
9122,35807,35812,5,E
9117,35798,35812,14,W
9121,35804,35812,8,W
9125,35814,35814,0,E
9123,35810,35814,4,W
9127,35816,35816,0,W
9128,35821,35822,1,E
9129,35822,35822,0,W
9131,35828,35828,0,E
9132,35828,35828,0,W
9135,35834,35834,0,W
9136,35835,35836,1,E
9137,35840,35840,0,W
9138,35842,35842,0,E
9141,35846,35846,0,W
9142,35849,35850,1,E
9143,35852,35852,0,W
9145,35856,35856,0,E
9146,35858,35858,0,W
9148,35863,35864,1,E
9150,35864,35864,0,W
9126,35815,35866,51,N
9124,35814,35866,52,S
9133,35830,35868,38,N
9130,35824,35868,44,S
9140,35845,35870,25,N
9134,35834,35870,36,S
9147,35860,35872,12,N
9139,35844,35872,28,S
9144,35854,35874,20,S
9154,35875,35876,1,N
9149,35864,35876,12,S
9153,35874,35878,4,S
9158,35884,35884,0,S
9161,35890,35890,0,N
9163,35894,35894,0,S
9167,35904,35904,0,S
9168,35905,35906,1,N
9151,35870,35910,40,E
9152,35870,35910,40,W
9156,35877,35910,33,E
9155,35876,35910,34,W
9159,35884,35912,28,E
9157,35882,35912,30,W
9162,35891,35912,21,E
9160,35888,35912,24,W
9165,35898,35914,16,E
9164,35894,35914,20,W
9169,35905,35914,9,E
9166,35900,35914,14,W
9171,35912,35916,4,E
9170,35906,35916,10,W
9172,35912,35916,4,W
9174,35918,35918,0,W
9175,35919,35920,1,E
9178,35924,35924,0,W
9179,35926,35926,0,E
9180,35930,35930,0,W
9181,35933,35934,1,E
9184,35936,35936,0,W
9185,35940,35940,0,E
9186,35942,35942,0,W
9188,35947,35948,1,E
9189,35948,35948,0,W
9192,35954,35954,0,E
9193,35954,35954,0,W
9194,35960,35960,0,W
9195,35961,35962,1,E
9198,35966,35966,0,W
9199,35968,35968,0,E
9176,35920,35970,50,N
9173,35914,35970,56,S
9183,35935,35972,37,N
9177,35924,35972,48,S
9190,35950,35974,24,N
9182,35934,35974,40,S
9197,35965,35976,11,N
9187,35944,35976,32,S
9191,35954,35978,24,S
9204,35980,35980,0,N
9196,35964,35980,16,S
9201,35974,35982,8,S
9206,35984,35984,0,S
9210,35994,35994,0,S
9211,35995,35996,1,N
9216,36004,36004,0,S
9218,36010,36010,0,N
9220,36014,36014,0,S
9202,35975,36016,41,E
9200,35972,36016,44,W
9205,35982,36016,34,E
9203,35978,36016,38,W
9208,35989,36018,29,E
9207,35984,36018,34,W
9212,35996,36018,22,E
9209,35990,36018,28,W
9215,36003,36020,17,E
9213,35996,36020,24,W
9219,36011,36020,9,E
9214,36002,36020,18,W
9222,36019,36022,3,E
9217,36008,36022,14,W
9221,36014,36022,8,W
9223,36020,36024,4,W
9226,36026,36026,0,W
9227,36027,36028,1,E
9228,36032,36032,0,W
9230,36035,36036,1,E
9231,36038,36038,0,W
9233,36043,36044,1,E
9235,36044,36044,0,W
9236,36050,36050,0,W
9237,36051,36052,1,E
9239,36056,36056,0,W
9241,36059,36060,1,E
9242,36062,36062,0,W
9244,36067,36068,1,E
9245,36068,36068,0,W
9248,36074,36074,0,W
9225,36026,36076,50,N
9224,36024,36076,52,S
9232,36042,36078,36,N
9229,36034,36078,44,S
9240,36058,36080,22,N
9234,36044,36080,36,S
9246,36074,36082,8,N
9238,36054,36082,28,S
9243,36064,36084,20,S
9247,36074,36086,12,S
9252,36084,36088,4,S
9254,36090,36090,0,N
9257,36094,36094,0,S
9260,36104,36104,0,S
9262,36106,36106,0,N
9265,36114,36114,0,S
9249,36075,36120,45,E
9250,36080,36120,40,W
9251,36083,36120,37,E
9253,36086,36120,34,W
9255,36091,36122,31,E
9256,36092,36122,30,W
9259,36099,36122,23,E
9258,36098,36122,24,W
9263,36107,36124,17,E
9261,36104,36124,20,W
9266,36115,36124,9,E
9264,36110,36124,14,W
9270,36123,36126,3,E
9267,36116,36126,10,W
9269,36122,36126,4,W
9272,36128,36128,0,W
9273,36131,36132,1,E
9275,36134,36134,0,W
9277,36139,36140,1,E
9278,36140,36140,0,W
9280,36146,36146,0,W
9281,36147,36148,1,E
9282,36152,36152,0,W
9285,36155,36156,1,E
9286,36158,36158,0,W
9287,36163,36164,1,E
9289,36164,36164,0,W
9291,36170,36170,0,W
9292,36171,36172,1,E
9294,36176,36176,0,W
9268,36122,36180,58,N
9271,36124,36180,56,S
9276,36138,36182,44,N
9274,36134,36182,48,S
9283,36154,36184,30,N
9279,36144,36184,40,S
9290,36170,36186,16,N
9284,36154,36186,32,S
9298,36186,36188,2,N
9288,36164,36188,24,S
9293,36174,36190,16,S
9297,36184,36192,8,S
9301,36194,36194,0,S
9305,36202,36202,0,N
9307,36204,36204,0,S
9311,36214,36214,0,S
9312,36218,36218,0,N
9315,36224,36224,0,S
9295,36179,36226,47,E
9296,36182,36226,44,W
9299,36187,36226,39,E
9300,36188,36226,38,W
9303,36195,36228,33,E
9302,36194,36228,34,W
9306,36203,36228,25,E
9304,36200,36228,28,W
9309,36211,36230,19,E
9308,36206,36230,24,W
9314,36219,36230,11,E
9310,36212,36230,18,W
9317,36227,36232,5,E
9313,36218,36232,14,W
9316,36224,36232,8,W
9318,36230,36234,4,W
9321,36235,36236,1,E
9322,36236,36236,0,W
9323,36242,36242,0,W
9324,36243,36244,1,E
9326,36248,36248,0,W
9328,36251,36252,1,E
9330,36254,36254,0,W
9331,36259,36260,1,E
9332,36260,36260,0,W
9335,36266,36266,0,W
9336,36267,36268,1,E
9337,36272,36272,0,W
9339,36275,36276,1,E
9340,36278,36278,0,W
9342,36283,36284,1,E
9344,36284,36284,0,W
9319,36234,36286,52,N
9320,36234,36286,52,S
9327,36250,36288,38,N
9325,36244,36288,44,S
9334,36266,36290,24,N
9329,36254,36290,36,S
9341,36282,36292,10,N
9333,36264,36292,28,S
9338,36274,36294,20,S
9343,36284,36296,12,S
9349,36298,36298,0,N
9347,36294,36298,4,S
9352,36304,36304,0,S
9355,36314,36314,0,N
9356,36314,36314,0,S
9361,36324,36324,0,S
9346,36291,36330,39,E
9345,36290,36330,40,W
9350,36299,36330,31,E
9348,36296,36330,34,W
9353,36307,36332,25,E
9351,36302,36332,30,W
9358,36315,36332,17,E
9354,36308,36332,24,W
9360,36323,36334,11,E
9357,36314,36334,20,W
9364,36331,36334,3,E
9359,36320,36334,14,W
9362,36326,36336,10,W
9365,36332,36336,4,W
9367,36338,36338,0,W
9368,36339,36340,1,E
9370,36344,36344,0,W
9372,36347,36348,1,E
9373,36350,36350,0,W
9375,36355,36356,1,E
9376,36356,36356,0,W
9378,36362,36362,0,W
9379,36363,36364,1,E
9381,36368,36368,0,W
9382,36371,36372,1,E
9384,36374,36374,0,W
9386,36379,36380,1,E
9387,36380,36380,0,W
9389,36386,36386,0,W
9390,36387,36388,1,E
9363,36330,36390,60,N
9366,36334,36390,56,S
9371,36346,36392,46,N
9369,36344,36392,48,S
9377,36362,36394,32,N
9374,36354,36394,40,S
9385,36378,36396,18,N
9380,36364,36396,32,S
9392,36394,36398,4,N
9383,36374,36398,24,S
9388,36384,36400,16,S
9393,36394,36402,8,S
9397,36404,36404,0,S
9399,36410,36410,0,N
9402,36414,36414,0,S
9406,36424,36424,0,S
9407,36426,36426,0,N
9410,36434,36434,0,S
9394,36395,36436,41,E
9391,36392,36436,44,W
9396,36403,36436,33,E
9395,36398,36436,38,W
9401,36411,36438,27,E
9398,36404,36438,34,W
9404,36419,36438,19,E
9400,36410,36438,28,W
9408,36427,36440,13,E
9403,36416,36440,24,W
9412,36435,36440,5,E
9405,36422,36440,18,W
9409,36428,36442,14,W
9411,36434,36442,8,W
9415,36443,36444,1,E
9413,36440,36444,4,W
9417,36446,36446,0,W
9418,36451,36452,1,E
9419,36452,36452,0,W
9422,36458,36458,0,W
9423,36459,36460,1,E
9425,36464,36464,0,W
9426,36467,36468,1,E
9427,36470,36470,0,W
9430,36475,36476,1,E
9431,36476,36476,0,W
9432,36482,36482,0,W
9433,36483,36484,1,E
9435,36488,36488,0,W
9437,36491,36492,1,E
9439,36494,36494,0,W
9414,36442,36496,54,N
9416,36444,36496,52,S
9421,36458,36498,40,N
9420,36454,36498,44,S
9428,36474,36500,26,N
9424,36464,36500,36,S
9436,36490,36502,12,N
9429,36474,36502,28,S
9434,36484,36504,20,S
9443,36506,36506,0,N
9438,36494,36506,12,S
9442,36504,36508,4,S
9447,36514,36514,0,S
9450,36522,36522,0,N
9452,36524,36524,0,S
9456,36534,36534,0,S
9458,36538,36538,0,N
9440,36499,36540,41,E
9441,36500,36540,40,W
9445,36507,36540,33,E
9444,36506,36540,34,W
9448,36515,36542,27,E
9446,36512,36542,30,W
9451,36523,36542,19,E
9449,36518,36542,24,W
9455,36531,36544,13,E
9453,36524,36544,20,W
9459,36539,36544,5,E
9454,36530,36544,14,W
9457,36536,36546,10,W
9460,36542,36546,4,W
9462,36547,36548,1,E
9463,36548,36548,0,W
9466,36554,36554,0,W
9467,36555,36556,1,E
9468,36560,36560,0,W
9469,36563,36564,1,E
9471,36566,36566,0,W
9473,36571,36572,1,E
9474,36572,36572,0,W
9476,36578,36578,0,W
9477,36579,36580,1,E
9479,36584,36584,0,W
9481,36587,36588,1,E
9482,36590,36590,0,W
9484,36595,36596,1,E
9485,36596,36596,0,W
9464,36554,36600,46,N
9461,36544,36600,56,S
9472,36570,36602,32,N
9465,36554,36602,48,S
9480,36586,36604,18,N
9470,36564,36604,40,S
9486,36602,36606,4,N
9475,36574,36606,32,S
9478,36584,36608,24,S
9483,36594,36610,16,S
9489,36604,36612,8,S
9492,36614,36614,0,S
9494,36618,36618,0,N
9497,36624,36624,0,S
9501,36634,36634,0,N
9502,36634,36634,0,S
9506,36644,36644,0,S
9488,36603,36646,43,E
9487,36602,36646,44,W
9491,36611,36646,35,E
9490,36608,36646,38,W
9495,36619,36648,29,E
9493,36614,36648,34,W
9499,36627,36648,21,E
9496,36620,36648,28,W
9503,36635,36650,15,E
9498,36626,36650,24,W
9505,36643,36650,7,E
9500,36632,36650,18,W
9510,36651,36652,1,E
9504,36638,36652,14,W
9507,36644,36652,8,W
9509,36650,36654,4,W
9512,36656,36656,0,W
9513,36659,36660,1,E
9514,36662,36662,0,W
9517,36667,36668,1,E
9518,36668,36668,0,W
9520,36674,36674,0,W
9521,36675,36676,1,E
9522,36680,36680,0,W
9524,36683,36684,1,E
9526,36686,36686,0,W
9527,36691,36692,1,E
9528,36692,36692,0,W
9531,36698,36698,0,W
9532,36699,36700,1,E
9534,36704,36704,0,W
9508,36650,36706,56,N
9511,36654,36706,52,S
9516,36666,36708,42,N
9515,36664,36708,44,S
9523,36682,36710,28,N
9519,36674,36710,36,S
9530,36698,36712,14,N
9525,36684,36712,28,S
9537,36714,36714,0,N
9529,36694,36714,20,S
9533,36704,36716,12,S
9538,36714,36718,4,S
9543,36724,36724,0,S
9545,36730,36730,0,N
9547,36734,36734,0,S
9551,36744,36744,0,S
9552,36746,36746,0,N
9535,36707,36750,43,E
9536,36710,36750,40,W
9539,36715,36750,35,E
9540,36716,36750,34,W
9542,36723,36752,29,E
9541,36722,36752,30,W
9546,36731,36752,21,E
9544,36728,36752,24,W
9549,36739,36754,15,E
9548,36734,36754,20,W
9554,36747,36754,7,E
9550,36740,36754,14,W
9557,36755,36756,1,E
9553,36746,36756,10,W
9555,36752,36756,4,W
9558,36758,36758,0,W
9560,36763,36764,1,E
9562,36764,36764,0,W
9563,36770,36770,0,W
9564,36771,36772,1,E
9566,36776,36776,0,W
9568,36779,36780,1,E
9569,36782,36782,0,W
9571,36787,36788,1,E
9572,36788,36788,0,W
9575,36794,36794,0,W
9576,36795,36796,1,E
9577,36800,36800,0,W
9578,36803,36804,1,E
9580,36806,36806,0,W
9559,36762,36810,48,N
9556,36754,36810,56,S
9567,36778,36812,34,N
9561,36764,36812,48,S
9573,36794,36814,20,N
9565,36774,36814,40,S
9581,36810,36816,6,N
9570,36784,36816,32,S
9574,36794,36818,24,S
9579,36804,36820,16,S
9584,36814,36822,8,S
9587,36824,36824,0,S
9589,36826,36826,0,N
9592,36834,36834,0,S
9595,36842,36842,0,N
9598,36844,36844,0,S
9601,36854,36854,0,S
9582,36811,36856,45,E
9583,36812,36856,44,W
9586,36819,36856,37,E
9585,36818,36856,38,W
9590,36827,36858,31,E
9588,36824,36858,34,W
9593,36835,36858,23,E
9591,36830,36858,28,W
9597,36843,36860,17,E
9594,36836,36860,24,W
9600,36851,36860,9,E
9596,36842,36860,18,W
9604,36859,36862,3,E
9599,36848,36862,14,W
9602,36854,36862,8,W
9605,36860,36864,4,W
9607,36866,36866,0,W
9608,36867,36868,1,E
9609,36872,36872,0,W
9612,36875,36876,1,E
9613,36878,36878,0,W
9614,36883,36884,1,E
9616,36884,36884,0,W
9618,36890,36890,0,W
9619,36891,36892,1,E
9621,36896,36896,0,W
9622,36899,36900,1,E
9623,36902,36902,0,W
9626,36907,36908,1,E
9627,36908,36908,0,W
9629,36914,36914,0,W
9603,36858,36916,58,N
9606,36864,36916,52,S
9610,36874,36918,44,N
9611,36874,36918,44,S
9617,36890,36920,30,N
9615,36884,36920,36,S
9625,36906,36922,16,N
9620,36894,36922,28,S
9632,36922,36924,2,N
9624,36904,36924,20,S
9628,36914,36926,12,S
9634,36924,36928,4,S
9638,36934,36934,0,S
9639,36938,36938,0,N
9642,36944,36944,0,S
9646,36954,36954,0,N
9647,36954,36954,0,S
9630,36915,36960,45,E
9631,36920,36960,40,W
9633,36923,36960,37,E
9635,36926,36960,34,W
9636,36931,36962,31,E
9637,36932,36962,30,W
9641,36939,36962,23,E
9640,36938,36962,24,W
9644,36947,36964,17,E
9643,36944,36964,20,W
9648,36955,36964,9,E
9645,36950,36964,14,W
9651,36963,36966,3,E
9649,36956,36966,10,W
9650,36962,36966,4,W
9653,36968,36968,0,W
9655,36971,36972,1,E
9657,36974,36974,0,W
9658,36979,36980,1,E
9659,36980,36980,0,W
9662,36986,36986,0,W
9663,36987,36988,1,E
9664,36992,36992,0,W
9666,36995,36996,1,E
9667,36998,36998,0,W
9669,37003,37004,1,E
9671,37004,37004,0,W
9672,37010,37010,0,W
9673,37011,37012,1,E
9675,37016,37016,0,W
9654,36970,37020,50,N
9652,36964,37020,56,S
9661,36986,37022,36,N
9656,36974,37022,48,S
9668,37002,37024,22,N
9660,36984,37024,40,S
9676,37018,37026,8,N
9665,36994,37026,32,S
9670,37004,37028,24,S
9674,37014,37030,16,S
9679,37024,37032,8,S
9682,37034,37034,0,N
9683,37034,37034,0,S
9688,37044,37044,0,S
9690,37050,37050,0,N
9693,37054,37054,0,S
9696,37064,37064,0,S
9677,37019,37066,47,E
9678,37022,37066,44,W
9680,37027,37066,39,E
9681,37028,37066,38,W
9685,37035,37068,33,E
9684,37034,37068,34,W
9687,37043,37068,25,E
9686,37040,37068,28,W
9691,37051,37070,19,E
9689,37046,37070,24,W
9695,37059,37070,11,E
9692,37052,37070,18,W
9699,37067,37072,5,E
9694,37058,37072,14,W
9697,37064,37072,8,W
9700,37070,37074,4,W
9702,37075,37076,1,E
9703,37076,37076,0,W
9705,37082,37082,0,W
9706,37083,37084,1,E
9708,37088,37088,0,W
9709,37091,37092,1,E
9711,37094,37094,0,W
9713,37099,37100,1,E
9714,37100,37100,0,W
9716,37106,37106,0,W
9717,37107,37108,1,E
9718,37112,37112,0,W
9721,37115,37116,1,E
9722,37118,37118,0,W
9723,37123,37124,1,E
9725,37124,37124,0,W
9698,37066,37126,60,N
9701,37074,37126,52,S
9704,37082,37128,46,N
9707,37084,37128,44,S
9712,37098,37130,32,N
9710,37094,37130,36,S
9719,37114,37132,18,N
9715,37104,37132,28,S
9726,37130,37134,4,N
9720,37114,37134,20,S
9724,37124,37136,12,S
9729,37134,37138,4,S
9733,37144,37144,0,S
9734,37146,37146,0,N
9737,37154,37154,0,S
9741,37162,37162,0,N
9743,37164,37164,0,S
9728,37131,37170,39,E
9727,37130,37170,40,W
9731,37139,37170,31,E
9730,37136,37170,34,W
9735,37147,37172,25,E
9732,37142,37172,30,W
9739,37155,37172,17,E
9736,37148,37172,24,W
9742,37163,37174,11,E
9738,37154,37174,20,W
9745,37171,37174,3,E
9740,37160,37174,14,W
9744,37166,37176,10,W
9746,37172,37176,4,W
9749,37178,37178,0,W
9750,37179,37180,1,E
9752,37184,37184,0,W
9753,37187,37188,1,E
9754,37190,37190,0,W
9757,37195,37196,1,E
9758,37196,37196,0,W
9759,37202,37202,0,W
9760,37203,37204,1,E
9762,37208,37208,0,W
9764,37211,37212,1,E
9766,37214,37214,0,W
9767,37219,37220,1,E
9768,37220,37220,0,W
9771,37226,37226,0,W
9772,37227,37228,1,E
9748,37178,37230,52,N
9747,37174,37230,56,S
9755,37194,37232,38,N
9751,37184,37232,48,S
9763,37210,37234,24,N
9756,37194,37234,40,S
9770,37226,37236,10,N
9761,37204,37236,32,S
9765,37214,37238,24,S
9769,37224,37240,16,S
9777,37242,37242,0,N
9774,37234,37242,8,S
9779,37244,37244,0,S
9783,37254,37254,0,S
9785,37258,37258,0,N
9788,37264,37264,0,S
9791,37274,37274,0,N
9792,37274,37274,0,S
9775,37235,37276,41,E
9773,37232,37276,44,W
9778,37243,37276,33,E
9776,37238,37276,38,W
9782,37251,37278,27,E
9780,37244,37278,34,W
9786,37259,37278,19,E
9781,37250,37278,28,W
9789,37267,37280,13,E
9784,37256,37280,24,W
9794,37275,37280,5,E
9787,37262,37280,18,W
9790,37268,37282,14,W
9793,37274,37282,8,W
9796,37283,37284,1,E
9795,37280,37284,4,W
9798,37286,37286,0,W
9800,37291,37292,1,E
9801,37292,37292,0,W
9803,37298,37298,0,W
9804,37299,37300,1,E
9806,37304,37304,0,W
9808,37307,37308,1,E
9809,37310,37310,0,W
9811,37315,37316,1,E
9812,37316,37316,0,W
9814,37322,37322,0,W
9815,37323,37324,1,E
9817,37328,37328,0,W
9818,37331,37332,1,E
9820,37334,37334,0,W
9799,37290,37336,46,N
9797,37284,37336,52,S
9807,37306,37338,32,N
9802,37294,37338,44,S
9813,37322,37340,18,N
9805,37304,37340,36,S
9821,37338,37342,4,N
9810,37314,37342,28,S
9816,37324,37344,20,S
9819,37334,37346,12,S
9824,37344,37348,4,S
9828,37354,37354,0,N
9829,37354,37354,0,S
9833,37364,37364,0,S
9835,37370,37370,0,N
9838,37374,37374,0,S
9822,37339,37380,41,E
9823,37340,37380,40,W
9826,37347,37380,33,E
9825,37346,37380,34,W
9830,37355,37382,27,E
9827,37352,37382,30,W
9832,37363,37382,19,E
9831,37358,37382,24,W
9837,37371,37384,13,E
9834,37364,37384,20,W
9840,37379,37384,5,E
9836,37370,37384,14,W
9839,37376,37386,10,W
9841,37382,37386,4,W
9844,37387,37388,1,E
9845,37388,37388,0,W
9847,37394,37394,0,W
9848,37395,37396,1,E
9849,37400,37400,0,W
9851,37403,37404,1,E
9853,37406,37406,0,W
9854,37411,37412,1,E
9855,37412,37412,0,W
9858,37418,37418,0,W
9859,37419,37420,1,E
9861,37424,37424,0,W
9862,37427,37428,1,E
9863,37430,37430,0,W
9866,37435,37436,1,E
9867,37436,37436,0,W
9843,37386,37440,54,N
9842,37384,37440,56,S
9850,37402,37442,40,N
9846,37394,37442,48,S
9857,37418,37444,26,N
9852,37404,37444,40,S
9864,37434,37446,12,N
9856,37414,37446,32,S
9860,37424,37448,24,S
9872,37450,37450,0,N
9865,37434,37450,16,S
9870,37444,37452,8,S
9874,37454,37454,0,S
9878,37464,37464,0,S
9879,37466,37466,0,N
9883,37474,37474,0,S
9886,37482,37482,0,N
9888,37484,37484,0,S
9869,37443,37486,43,E
9868,37442,37486,44,W
9873,37451,37486,35,E
9871,37448,37486,38,W
9876,37459,37488,29,E
9875,37454,37488,34,W
9881,37467,37488,21,E
9877,37460,37488,28,W
9884,37475,37490,15,E
9880,37466,37490,24,W
9887,37483,37490,7,E
9882,37472,37490,18,W
9891,37491,37492,1,E
9885,37478,37492,14,W
9889,37484,37492,8,W
9890,37490,37494,4,W
9893,37496,37496,0,W
9895,37499,37500,1,E
9896,37502,37502,0,W
9898,37507,37508,1,E
9899,37508,37508,0,W
9902,37514,37514,0,W
9903,37515,37516,1,E
9904,37520,37520,0,W
9905,37523,37524,1,E
9907,37526,37526,0,W
9909,37531,37532,1,E
9910,37532,37532,0,W
9912,37538,37538,0,W
9913,37539,37540,1,E
9915,37544,37544,0,W
9894,37498,37546,48,N
9892,37494,37546,52,S
9900,37514,37548,34,N
9897,37504,37548,44,S
9908,37530,37550,20,N
9901,37514,37550,36,S
9916,37546,37552,6,N
9906,37524,37552,28,S
9911,37534,37554,20,S
9914,37544,37556,12,S
9919,37554,37558,4,S
9922,37562,37562,0,N
9925,37564,37564,0,S
9928,37574,37574,0,S
9930,37578,37578,0,N
9933,37584,37584,0,S
9917,37547,37590,43,E
9918,37550,37590,40,W
9920,37555,37590,35,E
9921,37556,37590,34,W
9924,37563,37592,29,E
9923,37562,37592,30,W
9927,37571,37592,21,E
9926,37568,37592,24,W
9931,37579,37594,15,E
9929,37574,37594,20,W
9935,37587,37594,7,E
9932,37580,37594,14,W
9939,37595,37596,1,E
9934,37586,37596,10,W
9936,37592,37596,4,W
9940,37598,37598,0,W
9941,37603,37604,1,E
9943,37604,37604,0,W
9945,37610,37610,0,W
9946,37611,37612,1,E
9948,37616,37616,0,W
9949,37619,37620,1,E
9950,37622,37622,0,W
9953,37627,37628,1,E
9954,37628,37628,0,W
9956,37634,37634,0,W
9957,37635,37636,1,E
9958,37640,37640,0,W
9960,37643,37644,1,E
9962,37646,37646,0,W
9937,37594,37650,56,N
9938,37594,37650,56,S
9944,37610,37652,42,N
9942,37604,37652,48,S
9952,37626,37654,28,N
9947,37614,37654,40,S
9959,37642,37656,14,N
9951,37624,37656,32,S
9966,37658,37658,0,N
9955,37634,37658,24,S
9961,37644,37660,16,S
9965,37654,37662,8,S
9969,37664,37664,0,S
9973,37674,37674,0,N
9974,37674,37674,0,S
9979,37684,37684,0,S
9981,37690,37690,0,N
9983,37694,37694,0,S
9963,37651,37696,45,E
9964,37652,37696,44,W
9968,37659,37696,37,E
9967,37658,37696,38,W
9971,37667,37698,31,E
9970,37664,37698,34,W
9975,37675,37698,23,E
9972,37670,37698,28,W
9978,37683,37700,17,E
9976,37676,37700,24,W
9982,37691,37700,9,E
9977,37682,37700,18,W
9985,37699,37702,3,E
9980,37688,37702,14,W
9984,37694,37702,8,W
9986,37700,37704,4,W
9989,37706,37706,0,W
9990,37707,37708,1,E
9991,37712,37712,0,W
9993,37715,37716,1,E
9994,37718,37718,0,W
9996,37723,37724,1,E
9998,37724,37724,0,W
9999,37730,37730,0,W
10000,37731,37732,1,E
10002,37736,37736,0,W
10004,37739,37740,1,E
10005,37742,37742,0,W
10007,37747,37748,1,E
10008,37748,37748,0,W
10011,37754,37754,0,W
9988,37706,37756,50,N
9987,37704,37756,52,S
9995,37722,37758,36,N
9992,37714,37758,44,S
10003,37738,37760,22,N
9997,37724,37760,36,S
10009,37754,37762,8,N
10001,37734,37762,28,S
10006,37744,37764,20,S
10010,37754,37766,12,S
10015,37764,37768,4,S
10017,37770,37770,0,N
10020,37774,37774,0,S
10023,37784,37784,0,S
10025,37786,37786,0,N
10028,37794,37794,0,S
10012,37755,37800,45,E
10013,37760,37800,40,W
10014,37763,37800,37,E
10016,37766,37800,34,W
10018,37771,37802,31,E
10019,37772,37802,30,W
10022,37779,37802,23,E
10021,37778,37802,24,W
10026,37787,37804,17,E
10024,37784,37804,20,W
10029,37795,37804,9,E
10027,37790,37804,14,W
10033,37803,37806,3,E
10030,37796,37806,10,W
10032,37802,37806,4,W
10035,37808,37808,0,W
10036,37811,37812,1,E
10038,37814,37814,0,W
10040,37819,37820,1,E
10041,37820,37820,0,W
10043,37826,37826,0,W
10044,37827,37828,1,E
10045,37832,37832,0,W
10048,37835,37836,1,E
10049,37838,37838,0,W
10050,37843,37844,1,E
10052,37844,37844,0,W
10054,37850,37850,0,W
10055,37851,37852,1,E
10057,37856,37856,0,W
10031,37802,37860,58,N
10034,37804,37860,56,S
10039,37818,37862,44,N
10037,37814,37862,48,S
10046,37834,37864,30,N
10042,37824,37864,40,S
10053,37850,37866,16,N
10047,37834,37866,32,S
10061,37866,37868,2,N
10051,37844,37868,24,S
10056,37854,37870,16,S
10060,37864,37872,8,S
10064,37874,37874,0,S
10068,37882,37882,0,N
10070,37884,37884,0,S
10074,37894,37894,0,S
10075,37898,37898,0,N
10078,37904,37904,0,S
10058,37859,37906,47,E
10059,37862,37906,44,W
10062,37867,37906,39,E
10063,37868,37906,38,W
10066,37875,37908,33,E
10065,37874,37908,34,W
10069,37883,37908,25,E
10067,37880,37908,28,W
10072,37891,37910,19,E
10071,37886,37910,24,W
10077,37899,37910,11,E
10073,37892,37910,18,W
10080,37907,37912,5,E
10076,37898,37912,14,W
10079,37904,37912,8,W
10081,37910,37914,4,W
10084,37915,37916,1,E
10085,37916,37916,0,W
10086,37922,37922,0,W
10087,37923,37924,1,E
10089,37928,37928,0,W
10091,37931,37932,1,E
10093,37934,37934,0,W
10094,37939,37940,1,E
10095,37940,37940,0,W
10098,37946,37946,0,W
10099,37947,37948,1,E
10100,37952,37952,0,W
10102,37955,37956,1,E
10103,37958,37958,0,W
10105,37963,37964,1,E
10107,37964,37964,0,W
10082,37914,37966,52,N
10083,37914,37966,52,S
10090,37930,37968,38,N
10088,37924,37968,44,S
10097,37946,37970,24,N
10092,37934,37970,36,S
10104,37962,37972,10,N
10096,37944,37972,28,S
10101,37954,37974,20,S
10106,37964,37976,12,S
10112,37978,37978,0,N
10110,37974,37978,4,S
10115,37984,37984,0,S
10118,37994,37994,0,N
10119,37994,37994,0,S
10124,38004,38004,0,S
10109,37971,38010,39,E
10108,37970,38010,40,W
10113,37979,38010,31,E
10111,37976,38010,34,W
10116,37987,38012,25,E
10114,37982,38012,30,W
10121,37995,38012,17,E
10117,37988,38012,24,W
10123,38003,38014,11,E
10120,37994,38014,20,W
10127,38011,38014,3,E
10122,38000,38014,14,W
10125,38006,38016,10,W
10128,38012,38016,4,W
10130,38018,38018,0,W
10131,38019,38020,1,E
10133,38024,38024,0,W
10135,38027,38028,1,E
10136,38030,38030,0,W
10138,38035,38036,1,E
10139,38036,38036,0,W
10141,38042,38042,0,W
10142,38043,38044,1,E
10144,38048,38048,0,W
10145,38051,38052,1,E
10147,38054,38054,0,W
10149,38059,38060,1,E
10150,38060,38060,0,W
10152,38066,38066,0,W
10153,38067,38068,1,E
10126,38010,38070,60,N
10129,38014,38070,56,S
10134,38026,38072,46,N
10132,38024,38072,48,S
10140,38042,38074,32,N
10137,38034,38074,40,S
10148,38058,38076,18,N
10143,38044,38076,32,S
10155,38074,38078,4,N
10146,38054,38078,24,S
10151,38064,38080,16,S
10156,38074,38082,8,S
10160,38084,38084,0,S
10162,38090,38090,0,N
10165,38094,38094,0,S
10169,38104,38104,0,S
10170,38106,38106,0,N
10173,38114,38114,0,S
10157,38075,38116,41,E
10154,38072,38116,44,W
10159,38083,38116,33,E
10158,38078,38116,38,W
10164,38091,38118,27,E
10161,38084,38118,34,W
10167,38099,38118,19,E
10163,38090,38118,28,W
10171,38107,38120,13,E
10166,38096,38120,24,W
10175,38115,38120,5,E
10168,38102,38120,18,W
10172,38108,38122,14,W
10174,38114,38122,8,W
10178,38123,38124,1,E
10176,38120,38124,4,W
10180,38126,38126,0,W
10181,38131,38132,1,E
10182,38132,38132,0,W
10185,38138,38138,0,W
10186,38139,38140,1,E
10188,38144,38144,0,W
10189,38147,38148,1,E
10190,38150,38150,0,W
10193,38155,38156,1,E
10194,38156,38156,0,W
10195,38162,38162,0,W
10196,38163,38164,1,E
10198,38168,38168,0,W
10200,38171,38172,1,E
10202,38174,38174,0,W
10177,38122,38176,54,N
10179,38124,38176,52,S
10184,38138,38178,40,N
10183,38134,38178,44,S
10191,38154,38180,26,N
10187,38144,38180,36,S
10199,38170,38182,12,N
10192,38154,38182,28,S
10197,38164,38184,20,S
10206,38186,38186,0,N
10201,38174,38186,12,S
10205,38184,38188,4,S
10210,38194,38194,0,S
10213,38202,38202,0,N
10215,38204,38204,0,S
10219,38214,38214,0,S
10221,38218,38218,0,N
10203,38179,38220,41,E
10204,38180,38220,40,W
10208,38187,38220,33,E
10207,38186,38220,34,W
10211,38195,38222,27,E
10209,38192,38222,30,W
10214,38203,38222,19,E
10212,38198,38222,24,W
10218,38211,38224,13,E
10216,38204,38224,20,W
10222,38219,38224,5,E
10217,38210,38224,14,W
10220,38216,38226,10,W
10223,38222,38226,4,W
10225,38227,38228,1,E
10226,38228,38228,0,W
10229,38234,38234,0,W
10230,38235,38236,1,E
10231,38240,38240,0,W
10232,38243,38244,1,E
10234,38246,38246,0,W
10236,38251,38252,1,E
10237,38252,38252,0,W
10239,38258,38258,0,W
10240,38259,38260,1,E
10242,38264,38264,0,W
10244,38267,38268,1,E
10245,38270,38270,0,W
10247,38275,38276,1,E
10248,38276,38276,0,W
10227,38234,38280,46,N
10224,38224,38280,56,S
10235,38250,38282,32,N
10228,38234,38282,48,S
10243,38266,38284,18,N
10233,38244,38284,40,S
10249,38282,38286,4,N
10238,38254,38286,32,S
10241,38264,38288,24,S
10246,38274,38290,16,S
10252,38284,38292,8,S
10255,38294,38294,0,S
10257,38298,38298,0,N
10260,38304,38304,0,S
10264,38314,38314,0,N
10265,38314,38314,0,S
10269,38324,38324,0,S
10251,38283,38326,43,E
10250,38282,38326,44,W
10254,38291,38326,35,E
10253,38288,38326,38,W
10258,38299,38328,29,E
10256,38294,38328,34,W
10262,38307,38328,21,E
10259,38300,38328,28,W
10266,38315,38330,15,E
10261,38306,38330,24,W
10268,38323,38330,7,E
10263,38312,38330,18,W
10273,38331,38332,1,E
10267,38318,38332,14,W
10270,38324,38332,8,W
10272,38330,38334,4,W
10275,38336,38336,0,W
10276,38339,38340,1,E
10277,38342,38342,0,W
10280,38347,38348,1,E
10281,38348,38348,0,W
10283,38354,38354,0,W
10284,38355,38356,1,E
10285,38360,38360,0,W
10287,38363,38364,1,E
10289,38366,38366,0,W
10290,38371,38372,1,E
10291,38372,38372,0,W
10294,38378,38378,0,W
10295,38379,38380,1,E
10297,38384,38384,0,W
10271,38330,38386,56,N
10274,38334,38386,52,S
10279,38346,38388,42,N
10278,38344,38388,44,S
10286,38362,38390,28,N
10282,38354,38390,36,S
10293,38378,38392,14,N
10288,38364,38392,28,S
10300,38394,38394,0,N
10292,38374,38394,20,S
10296,38384,38396,12,S
10301,38394,38398,4,S
10306,38404,38404,0,S
10308,38410,38410,0,N
10310,38414,38414,0,S
10314,38424,38424,0,S
10315,38426,38426,0,N
10298,38387,38430,43,E
10299,38390,38430,40,W
10302,38395,38430,35,E
10303,38396,38430,34,W
10305,38403,38432,29,E
10304,38402,38432,30,W
10309,38411,38432,21,E
10307,38408,38432,24,W
10312,38419,38434,15,E
10311,38414,38434,20,W
10317,38427,38434,7,E
10313,38420,38434,14,W
10320,38435,38436,1,E
10316,38426,38436,10,W
10318,38432,38436,4,W
10321,38438,38438,0,W
10323,38443,38444,1,E
10325,38444,38444,0,W
10326,38450,38450,0,W
10327,38451,38452,1,E
10329,38456,38456,0,W
10331,38459,38460,1,E
10332,38462,38462,0,W
10334,38467,38468,1,E
10335,38468,38468,0,W
10338,38474,38474,0,W
10339,38475,38476,1,E
10340,38480,38480,0,W
10341,38483,38484,1,E
10343,38486,38486,0,W
10322,38442,38490,48,N
10319,38434,38490,56,S
10330,38458,38492,34,N
10324,38444,38492,48,S
10336,38474,38494,20,N
10328,38454,38494,40,S
10344,38490,38496,6,N
10333,38464,38496,32,S
10337,38474,38498,24,S
10342,38484,38500,16,S
10347,38494,38502,8,S
10350,38504,38504,0,S
10352,38506,38506,0,N
10355,38514,38514,0,S
10358,38522,38522,0,N
10361,38524,38524,0,S
10364,38534,38534,0,S
10345,38491,38536,45,E
10346,38492,38536,44,W
10349,38499,38536,37,E
10348,38498,38536,38,W
10353,38507,38538,31,E
10351,38504,38538,34,W
10356,38515,38538,23,E
10354,38510,38538,28,W
10360,38523,38540,17,E
10357,38516,38540,24,W
10363,38531,38540,9,E
10359,38522,38540,18,W
10367,38539,38542,3,E
10362,38528,38542,14,W
10365,38534,38542,8,W
10368,38540,38544,4,W
10370,38546,38546,0,W
10371,38547,38548,1,E
10372,38552,38552,0,W
10375,38555,38556,1,E
10376,38558,38558,0,W
10377,38563,38564,1,E
10379,38564,38564,0,W
10381,38570,38570,0,W
10382,38571,38572,1,E
10384,38576,38576,0,W
10385,38579,38580,1,E
10386,38582,38582,0,W
10389,38587,38588,1,E
10390,38588,38588,0,W
10392,38594,38594,0,W
10366,38538,38596,58,N
10369,38544,38596,52,S
10373,38554,38598,44,N
10374,38554,38598,44,S
10380,38570,38600,30,N
10378,38564,38600,36,S
10388,38586,38602,16,N
10383,38574,38602,28,S
10395,38602,38604,2,N
10387,38584,38604,20,S
10391,38594,38606,12,S
10397,38604,38608,4,S
10401,38614,38614,0,S
10402,38618,38618,0,N
10405,38624,38624,0,S
10409,38634,38634,0,N
10410,38634,38634,0,S
10393,38595,38640,45,E
10394,38600,38640,40,W
10396,38603,38640,37,E
10398,38606,38640,34,W
10399,38611,38642,31,E
10400,38612,38642,30,W
10404,38619,38642,23,E
10403,38618,38642,24,W
10407,38627,38644,17,E
10406,38624,38644,20,W
10411,38635,38644,9,E
10408,38630,38644,14,W
10414,38643,38646,3,E
10412,38636,38646,10,W
10413,38642,38646,4,W
10416,38648,38648,0,W
10418,38651,38652,1,E
10420,38654,38654,0,W
10421,38659,38660,1,E
10422,38660,38660,0,W
10425,38666,38666,0,W
10426,38667,38668,1,E
10427,38672,38672,0,W
10429,38675,38676,1,E
10430,38678,38678,0,W
10432,38683,38684,1,E
10434,38684,38684,0,W
10435,38690,38690,0,W
10436,38691,38692,1,E
10438,38696,38696,0,W
10417,38650,38700,50,N
10415,38644,38700,56,S
10424,38666,38702,36,N
10419,38654,38702,48,S
10431,38682,38704,22,N
10423,38664,38704,40,S
10439,38698,38706,8,N
10428,38674,38706,32,S
10433,38684,38708,24,S
10437,38694,38710,16,S
10442,38704,38712,8,S
10445,38714,38714,0,N
10446,38714,38714,0,S
10451,38724,38724,0,S
10453,38730,38730,0,N
10456,38734,38734,0,S
10459,38744,38744,0,S
10440,38699,38746,47,E
10441,38702,38746,44,W
10443,38707,38746,39,E
10444,38708,38746,38,W
10448,38715,38748,33,E
10447,38714,38748,34,W
10450,38723,38748,25,E
10449,38720,38748,28,W
10454,38731,38750,19,E
10452,38726,38750,24,W
10458,38739,38750,11,E
10455,38732,38750,18,W
10462,38747,38752,5,E
10457,38738,38752,14,W
10460,38744,38752,8,W
10463,38750,38754,4,W
10465,38755,38756,1,E
10466,38756,38756,0,W
10468,38762,38762,0,W
10469,38763,38764,1,E
10471,38768,38768,0,W
10472,38771,38772,1,E
10474,38774,38774,0,W
10476,38779,38780,1,E
10477,38780,38780,0,W
10479,38786,38786,0,W
10480,38787,38788,1,E
10481,38792,38792,0,W
10484,38795,38796,1,E
10485,38798,38798,0,W
10486,38803,38804,1,E
10488,38804,38804,0,W
10461,38746,38806,60,N
10464,38754,38806,52,S
10467,38762,38808,46,N
10470,38764,38808,44,S
10475,38778,38810,32,N
10473,38774,38810,36,S
10482,38794,38812,18,N
10478,38784,38812,28,S
10489,38810,38814,4,N
10483,38794,38814,20,S
10487,38804,38816,12,S
10492,38814,38818,4,S
10496,38824,38824,0,S
10497,38826,38826,0,N
10500,38834,38834,0,S
10504,38842,38842,0,N
10506,38844,38844,0,S
10491,38811,38850,39,E
10490,38810,38850,40,W
10494,38819,38850,31,E
10493,38816,38850,34,W
10498,38827,38852,25,E
10495,38822,38852,30,W
10502,38835,38852,17,E
10499,38828,38852,24,W
10505,38843,38854,11,E
10501,38834,38854,20,W
10508,38851,38854,3,E
10503,38840,38854,14,W
10507,38846,38856,10,W
10509,38852,38856,4,W
10512,38858,38858,0,W
10513,38859,38860,1,E
10515,38864,38864,0,W
10516,38867,38868,1,E
10517,38870,38870,0,W
10520,38875,38876,1,E
10521,38876,38876,0,W
10522,38882,38882,0,W
10523,38883,38884,1,E
10525,38888,38888,0,W
10527,38891,38892,1,E
10529,38894,38894,0,W
10530,38899,38900,1,E
10531,38900,38900,0,W
10534,38906,38906,0,W
10535,38907,38908,1,E
10511,38858,38910,52,N
10510,38854,38910,56,S
10518,38874,38912,38,N
10514,38864,38912,48,S
10526,38890,38914,24,N
10519,38874,38914,40,S
10533,38906,38916,10,N
10524,38884,38916,32,S
10528,38894,38918,24,S
10532,38904,38920,16,S
10540,38922,38922,0,N
10537,38914,38922,8,S
10542,38924,38924,0,S
10546,38934,38934,0,S
10548,38938,38938,0,N
10551,38944,38944,0,S
10554,38954,38954,0,N
10555,38954,38954,0,S
10538,38915,38956,41,E
10536,38912,38956,44,W
10541,38923,38956,33,E
10539,38918,38956,38,W
10545,38931,38958,27,E
10543,38924,38958,34,W
10549,38939,38958,19,E
10544,38930,38958,28,W
10552,38947,38960,13,E
10547,38936,38960,24,W
10557,38955,38960,5,E
10550,38942,38960,18,W
10553,38948,38962,14,W
10556,38954,38962,8,W
10559,38963,38964,1,E
10558,38960,38964,4,W
10561,38966,38966,0,W
10563,38971,38972,1,E
10564,38972,38972,0,W
10566,38978,38978,0,W
10567,38979,38980,1,E
10569,38984,38984,0,W
10571,38987,38988,1,E
10572,38990,38990,0,W
10574,38995,38996,1,E
10575,38996,38996,0,W
10577,39002,39002,0,W
10578,39003,39004,1,E
10580,39008,39008,0,W
10581,39011,39012,1,E
10583,39014,39014,0,W
10562,38970,39016,46,N
10560,38964,39016,52,S
10570,38986,39018,32,N
10565,38974,39018,44,S
10576,39002,39020,18,N
10568,38984,39020,36,S
10584,39018,39022,4,N
10573,38994,39022,28,S
10579,39004,39024,20,S
10582,39014,39026,12,S
10587,39024,39028,4,S
10591,39034,39034,0,N
10592,39034,39034,0,S
10596,39044,39044,0,S
10598,39050,39050,0,N
10601,39054,39054,0,S
10585,39019,39060,41,E
10586,39020,39060,40,W
10589,39027,39060,33,E
10588,39026,39060,34,W
10593,39035,39062,27,E
10590,39032,39062,30,W
10595,39043,39062,19,E
10594,39038,39062,24,W
10600,39051,39064,13,E
10597,39044,39064,20,W
10603,39059,39064,5,E
10599,39050,39064,14,W
10602,39056,39066,10,W
10604,39062,39066,4,W
10607,39067,39068,1,E
10608,39068,39068,0,W
10610,39074,39074,0,W
10611,39075,39076,1,E
10612,39080,39080,0,W
10614,39083,39084,1,E
10616,39086,39086,0,W
10617,39091,39092,1,E
10618,39092,39092,0,W
10621,39098,39098,0,W
10622,39099,39100,1,E
10624,39104,39104,0,W
10625,39107,39108,1,E
10626,39110,39110,0,W
10629,39115,39116,1,E
10630,39116,39116,0,W
10606,39066,39120,54,N
10605,39064,39120,56,S
10613,39082,39122,40,N
10609,39074,39122,48,S
10620,39098,39124,26,N
10615,39084,39124,40,S
10627,39114,39126,12,N
10619,39094,39126,32,S
10623,39104,39128,24,S
10635,39130,39130,0,N
10628,39114,39130,16,S
10633,39124,39132,8,S
10637,39134,39134,0,S
10641,39144,39144,0,S
10642,39146,39146,0,N
10646,39154,39154,0,S
10649,39162,39162,0,N
10651,39164,39164,0,S
10632,39123,39166,43,E
10631,39122,39166,44,W
10636,39131,39166,35,E
10634,39128,39166,38,W
10639,39139,39168,29,E
10638,39134,39168,34,W
10644,39147,39168,21,E
10640,39140,39168,28,W
10647,39155,39170,15,E
10643,39146,39170,24,W
10650,39163,39170,7,E
10645,39152,39170,18,W
10654,39171,39172,1,E
10648,39158,39172,14,W
10652,39164,39172,8,W
10653,39170,39174,4,W
10656,39176,39176,0,W
10658,39179,39180,1,E
10659,39182,39182,0,W
10661,39187,39188,1,E
10662,39188,39188,0,W
10665,39194,39194,0,W
10666,39195,39196,1,E
10667,39200,39200,0,W
10668,39203,39204,1,E
10670,39206,39206,0,W
10672,39211,39212,1,E
10673,39212,39212,0,W
10675,39218,39218,0,W
10676,39219,39220,1,E
10678,39224,39224,0,W
10657,39178,39226,48,N
10655,39174,39226,52,S
10663,39194,39228,34,N
10660,39184,39228,44,S
10671,39210,39230,20,N
10664,39194,39230,36,S
10679,39226,39232,6,N
10669,39204,39232,28,S
10674,39214,39234,20,S
10677,39224,39236,12,S
10682,39234,39238,4,S
10685,39242,39242,0,N
10688,39244,39244,0,S
10691,39254,39254,0,S
10693,39258,39258,0,N
10696,39264,39264,0,S
10680,39227,39270,43,E
10681,39230,39270,40,W
10683,39235,39270,35,E
10684,39236,39270,34,W
10687,39243,39272,29,E
10686,39242,39272,30,W
10690,39251,39272,21,E
10689,39248,39272,24,W
10694,39259,39274,15,E
10692,39254,39274,20,W
10698,39267,39274,7,E
10695,39260,39274,14,W
10702,39275,39276,1,E
10697,39266,39276,10,W
10699,39272,39276,4,W
10703,39278,39278,0,W
10704,39283,39284,1,E
10706,39284,39284,0,W
10708,39290,39290,0,W
10709,39291,39292,1,E
10711,39296,39296,0,W
10712,39299,39300,1,E
10713,39302,39302,0,W
10716,39307,39308,1,E
10717,39308,39308,0,W
10719,39314,39314,0,W
10720,39315,39316,1,E
10721,39320,39320,0,W
10723,39323,39324,1,E
10725,39326,39326,0,W
10700,39274,39330,56,N
10701,39274,39330,56,S
10707,39290,39332,42,N
10705,39284,39332,48,S
10715,39306,39334,28,N
10710,39294,39334,40,S
10722,39322,39336,14,N
10714,39304,39336,32,S
10729,39338,39338,0,N
10718,39314,39338,24,S
10724,39324,39340,16,S
10728,39334,39342,8,S
10732,39344,39344,0,S
10736,39354,39354,0,N
10737,39354,39354,0,S
10742,39364,39364,0,S
10744,39370,39370,0,N
10746,39374,39374,0,S
10726,39331,39376,45,E
10727,39332,39376,44,W
10731,39339,39376,37,E
10730,39338,39376,38,W
10734,39347,39378,31,E
10733,39344,39378,34,W
10738,39355,39378,23,E
10735,39350,39378,28,W
10741,39363,39380,17,E
10739,39356,39380,24,W
10745,39371,39380,9,E
10740,39362,39380,18,W
10748,39379,39382,3,E
10743,39368,39382,14,W
10747,39374,39382,8,W
10749,39380,39384,4,W
10752,39386,39386,0,W
10753,39387,39388,1,E
10754,39392,39392,0,W
10756,39395,39396,1,E
10757,39398,39398,0,W
10759,39403,39404,1,E
10761,39404,39404,0,W
10762,39410,39410,0,W
10763,39411,39412,1,E
10765,39416,39416,0,W
10767,39419,39420,1,E
10768,39422,39422,0,W
10770,39427,39428,1,E
10771,39428,39428,0,W
10774,39434,39434,0,W
10751,39386,39436,50,N
10750,39384,39436,52,S
10758,39402,39438,36,N
10755,39394,39438,44,S
10766,39418,39440,22,N
10760,39404,39440,36,S
10772,39434,39442,8,N
10764,39414,39442,28,S
10769,39424,39444,20,S
10773,39434,39446,12,S
10778,39444,39448,4,S
10780,39450,39450,0,N
10783,39454,39454,0,S
10786,39464,39464,0,S
10788,39466,39466,0,N
10791,39474,39474,0,S
10775,39435,39480,45,E
10776,39440,39480,40,W
10777,39443,39480,37,E
10779,39446,39480,34,W
10781,39451,39482,31,E
10782,39452,39482,30,W
10785,39459,39482,23,E
10784,39458,39482,24,W
10789,39467,39484,17,E
10787,39464,39484,20,W
10792,39475,39484,9,E
10790,39470,39484,14,W
10796,39483,39486,3,E
10793,39476,39486,10,W
10795,39482,39486,4,W
10798,39488,39488,0,W
10799,39491,39492,1,E
10801,39494,39494,0,W
10803,39499,39500,1,E
10804,39500,39500,0,W
10806,39506,39506,0,W
10807,39507,39508,1,E
10808,39512,39512,0,W
10811,39515,39516,1,E
10812,39518,39518,0,W
10813,39523,39524,1,E
10815,39524,39524,0,W
10817,39530,39530,0,W
10818,39531,39532,1,E
10820,39536,39536,0,W
10794,39482,39540,58,N
10797,39484,39540,56,S
10802,39498,39542,44,N
10800,39494,39542,48,S
10809,39514,39544,30,N
10805,39504,39544,40,S
10816,39530,39546,16,N
10810,39514,39546,32,S
10824,39546,39548,2,N
10814,39524,39548,24,S
10819,39534,39550,16,S
10823,39544,39552,8,S
10827,39554,39554,0,S
10831,39562,39562,0,N
10833,39564,39564,0,S
10837,39574,39574,0,S
10838,39578,39578,0,N
10841,39584,39584,0,S
10821,39539,39586,47,E
10822,39542,39586,44,W
10825,39547,39586,39,E
10826,39548,39586,38,W
10829,39555,39588,33,E
10828,39554,39588,34,W
10832,39563,39588,25,E
10830,39560,39588,28,W
10835,39571,39590,19,E
10834,39566,39590,24,W
10840,39579,39590,11,E
10836,39572,39590,18,W
10843,39587,39592,5,E
10839,39578,39592,14,W
10842,39584,39592,8,W
10844,39590,39594,4,W
10847,39595,39596,1,E
10848,39596,39596,0,W
10849,39602,39602,0,W
10850,39603,39604,1,E
10852,39608,39608,0,W
10854,39610,39610,0,E
10856,39614,39614,0,W
10857,39617,39618,1,E
10858,39620,39620,0,W
10860,39624,39624,0,E
10862,39626,39626,0,W
10863,39631,39632,1,E
10864,39632,39632,0,W
10866,39638,39638,0,E
10867,39638,39638,0,W
10870,39644,39644,0,W
10845,39594,39646,52,N
10846,39594,39646,52,S
10853,39610,39648,38,N
10851,39604,39648,44,S
10861,39625,39650,25,N
10855,39614,39650,36,S
10868,39640,39652,12,N
10859,39624,39652,28,S
10865,39634,39654,20,S
10875,39655,39656,1,N
10869,39644,39656,12,S
10874,39654,39658,4,S
10879,39664,39664,0,S
10882,39670,39670,0,N
10884,39674,39674,0,S
10888,39684,39684,0,S
10889,39685,39686,1,N
10871,39645,39690,45,E
10872,39650,39690,40,W
10873,39652,39690,38,E
10876,39656,39690,34,W
10877,39659,39692,33,E
10878,39662,39692,30,W
10880,39666,39692,26,E
10881,39668,39692,24,W
10883,39673,39694,21,E
10885,39674,39694,20,W
10886,39680,39694,14,E
10887,39680,39694,14,W
10891,39687,39696,9,E
10890,39686,39696,10,W
10894,39694,39696,2,E
10892,39692,39696,4,W
10895,39698,39698,0,W
10897,39701,39702,1,E
10899,39704,39704,0,W
10900,39708,39708,0,E
10901,39710,39710,0,W
10904,39715,39716,1,E
10905,39716,39716,0,W
10906,39722,39722,0,E
10907,39722,39722,0,W
10909,39728,39728,0,W
10910,39729,39730,1,E
10913,39734,39734,0,W
10914,39736,39736,0,E
10915,39740,39740,0,W
10916,39743,39744,1,E
10919,39746,39746,0,W
10896,39700,39750,50,N
10893,39694,39750,56,S
10903,39715,39752,37,N
10898,39704,39752,48,S
10911,39730,39754,24,N
10902,39714,39754,40,S
10918,39745,39756,11,N
10908,39724,39756,32,S
10912,39734,39758,24,S
10925,39760,39760,0,N
10917,39744,39760,16,S
10922,39754,39762,8,S
10926,39764,39764,0,S
10931,39774,39774,0,S
10932,39775,39776,1,N
10936,39784,39784,0,S
10939,39790,39790,0,N
10941,39794,39794,0,S
10920,39750,39796,46,E
10921,39752,39796,44,W
10923,39757,39796,39,E
10924,39758,39796,38,W
10927,39764,39798,34,E
10928,39764,39798,34,W
10930,39771,39798,27,E
10929,39770,39798,28,W
10934,39778,39800,22,E
10933,39776,39800,24,W
10937,39785,39800,15,E
10935,39782,39800,18,W
10940,39792,39802,10,E
10938,39788,39802,14,W
10943,39799,39802,3,E
10942,39794,39802,8,W
10944,39800,39804,4,W
10947,39806,39806,0,E
10948,39806,39806,0,W
10949,39812,39812,0,W
10950,39813,39814,1,E
10952,39818,39818,0,W
10954,39820,39820,0,E
10956,39824,39824,0,W
10957,39827,39828,1,E
10958,39830,39830,0,W
10960,39834,39834,0,E
10962,39836,39836,0,W
10963,39841,39842,1,E
10964,39842,39842,0,W
10966,39848,39848,0,E
10967,39848,39848,0,W
10970,39854,39854,0,W
10946,39805,39856,51,N
10945,39804,39856,52,S
10953,39820,39858,38,N
10951,39814,39858,44,S
10961,39835,39860,25,N
10955,39824,39860,36,S
10968,39850,39862,12,N
10959,39834,39862,28,S
10965,39844,39864,20,S
10975,39865,39866,1,N
10969,39854,39866,12,S
10974,39864,39868,4,S
10979,39874,39874,0,S
10982,39880,39880,0,N
10984,39884,39884,0,S
10988,39894,39894,0,S
10989,39895,39896,1,N
10971,39855,39900,45,E
10972,39860,39900,40,W
10973,39862,39900,38,E
10976,39866,39900,34,W
10977,39869,39902,33,E
10978,39872,39902,30,W
10980,39876,39902,26,E
10981,39878,39902,24,W
10983,39883,39904,21,E
10985,39884,39904,20,W
10986,39890,39904,14,E
10987,39890,39904,14,W
10991,39897,39906,9,E
10990,39896,39906,10,W
10994,39904,39906,2,E
10992,39902,39906,4,W
10995,39908,39908,0,W
10997,39911,39912,1,E
10999,39914,39914,0,W
11000,39918,39918,0,E
11001,39920,39920,0,W
11004,39925,39926,1,E
11005,39926,39926,0,W
11006,39932,39932,0,E
11007,39932,39932,0,W
11009,39938,39938,0,W
11010,39939,39940,1,E
11013,39944,39944,0,W
11014,39946,39946,0,E
11015,39950,39950,0,W
11016,39953,39954,1,E
11019,39956,39956,0,W
10996,39910,39960,50,N
10993,39904,39960,56,S
11003,39925,39962,37,N
10998,39914,39962,48,S
11011,39940,39964,24,N
11002,39924,39964,40,S
11018,39955,39966,11,N
11008,39934,39966,32,S
11012,39944,39968,24,S
11025,39970,39970,0,N
11017,39954,39970,16,S
11022,39964,39972,8,S
11026,39974,39974,0,S
11031,39984,39984,0,S
11032,39985,39986,1,N
11036,39994,39994,0,S
11039,40000,40000,0,N
11041,40004,40004,0,S
11020,39960,40006,46,E
11021,39962,40006,44,W
11023,39967,40006,39,E
11024,39968,40006,38,W
11027,39974,40008,34,E
11028,39974,40008,34,W
11030,39981,40008,27,E
11029,39980,40008,28,W
11034,39988,40010,22,E
11033,39986,40010,24,W
11037,39995,40010,15,E
11035,39992,40010,18,W
11040,40002,40012,10,E
11038,39998,40012,14,W
11043,40009,40012,3,E
11042,40004,40012,8,W
11044,40010,40014,4,W
11047,40016,40016,0,E
11048,40016,40016,0,W
11049,40022,40022,0,W
11050,40023,40024,1,E
11052,40028,40028,0,W
11054,40030,40030,0,E
11056,40034,40034,0,W
11057,40037,40038,1,E
11058,40040,40040,0,W
11060,40044,40044,0,E
11062,40046,40046,0,W
11063,40051,40052,1,E
11064,40052,40052,0,W
11066,40058,40058,0,E
11067,40058,40058,0,W
11070,40064,40064,0,W
11046,40015,40066,51,N
11045,40014,40066,52,S
11053,40030,40068,38,N
11051,40024,40068,44,S
11061,40045,40070,25,N
11055,40034,40070,36,S
11068,40060,40072,12,N
11059,40044,40072,28,S
11065,40054,40074,20,S
11075,40075,40076,1,N
11069,40064,40076,12,S
11074,40074,40078,4,S
11079,40084,40084,0,S
11082,40090,40090,0,N
11084,40094,40094,0,S
11088,40104,40104,0,S
11089,40105,40106,1,N
11071,40065,40110,45,E
11072,40070,40110,40,W
11073,40072,40110,38,E
11076,40076,40110,34,W
11077,40079,40112,33,E
11078,40082,40112,30,W
11080,40086,40112,26,E
11081,40088,40112,24,W
11083,40093,40114,21,E
11085,40094,40114,20,W
11086,40100,40114,14,E
11087,40100,40114,14,W
11091,40107,40116,9,E
11090,40106,40116,10,W
11094,40114,40116,2,E
11092,40112,40116,4,W
11095,40118,40118,0,W
11097,40121,40122,1,E
11099,40124,40124,0,W
11100,40128,40128,0,E
11101,40130,40130,0,W
11104,40135,40136,1,E
11105,40136,40136,0,W
11106,40142,40142,0,E
11107,40142,40142,0,W
11109,40148,40148,0,W
11110,40149,40150,1,E
11113,40154,40154,0,W
11114,40156,40156,0,E
11115,40160,40160,0,W
11116,40163,40164,1,E
11119,40166,40166,0,W
11096,40120,40170,50,N
11093,40114,40170,56,S
11103,40135,40172,37,N
11098,40124,40172,48,S
11111,40150,40174,24,N
11102,40134,40174,40,S
11118,40165,40176,11,N
11108,40144,40176,32,S
11112,40154,40178,24,S
11125,40180,40180,0,N
11117,40164,40180,16,S
11122,40174,40182,8,S
11126,40184,40184,0,S
11131,40194,40194,0,S
11132,40195,40196,1,N
11136,40204,40204,0,S
11139,40210,40210,0,N
11141,40214,40214,0,S
11120,40170,40216,46,E
11121,40172,40216,44,W
11123,40177,40216,39,E
11124,40178,40216,38,W
11127,40184,40218,34,E
11128,40184,40218,34,W
11130,40191,40218,27,E
11129,40190,40218,28,W
11134,40198,40220,22,E
11133,40196,40220,24,W
11137,40205,40220,15,E
11135,40202,40220,18,W
11140,40212,40222,10,E
11138,40208,40222,14,W
11143,40219,40222,3,E
11142,40214,40222,8,W
11144,40220,40224,4,W
11147,40226,40226,0,E
11148,40226,40226,0,W
11149,40232,40232,0,W
11150,40233,40234,1,E
11152,40238,40238,0,W
11154,40240,40240,0,E
11156,40244,40244,0,W
11157,40247,40248,1,E
11158,40250,40250,0,W
11160,40254,40254,0,E
11162,40256,40256,0,W
11163,40261,40262,1,E
11164,40262,40262,0,W
11166,40268,40268,0,E
11167,40268,40268,0,W
11170,40274,40274,0,W
11146,40225,40276,51,N
11145,40224,40276,52,S
11153,40240,40278,38,N
11151,40234,40278,44,S
11161,40255,40280,25,N
11155,40244,40280,36,S
11168,40270,40282,12,N
11159,40254,40282,28,S
11165,40264,40284,20,S
11175,40285,40286,1,N
11169,40274,40286,12,S
11174,40284,40288,4,S
11179,40294,40294,0,S
11182,40300,40300,0,N
11184,40304,40304,0,S
11188,40314,40314,0,S
11189,40315,40316,1,N
11171,40275,40320,45,E
11172,40280,40320,40,W
11173,40282,40320,38,E
11176,40286,40320,34,W
11177,40289,40322,33,E
11178,40292,40322,30,W
11180,40296,40322,26,E
11181,40298,40322,24,W
11183,40303,40324,21,E
11185,40304,40324,20,W
11186,40310,40324,14,E
11187,40310,40324,14,W
11191,40317,40326,9,E
11190,40316,40326,10,W
11194,40324,40326,2,E
11192,40322,40326,4,W
11195,40328,40328,0,W
11197,40331,40332,1,E
11199,40334,40334,0,W
11200,40338,40338,0,E
11201,40340,40340,0,W
11204,40345,40346,1,E
11205,40346,40346,0,W
11206,40352,40352,0,E
11207,40352,40352,0,W
11209,40358,40358,0,W
11210,40359,40360,1,E
11213,40364,40364,0,W
11214,40366,40366,0,E
11215,40370,40370,0,W
11216,40373,40374,1,E
11219,40376,40376,0,W
11196,40330,40380,50,N
11193,40324,40380,56,S
11203,40345,40382,37,N
11198,40334,40382,48,S
11211,40360,40384,24,N
11202,40344,40384,40,S
11218,40375,40386,11,N
11208,40354,40386,32,S
11212,40364,40388,24,S
11225,40390,40390,0,N
11217,40374,40390,16,S
11222,40384,40392,8,S
11226,40394,40394,0,S
11231,40404,40404,0,S
11232,40405,40406,1,N
11236,40414,40414,0,S
11239,40420,40420,0,N
11241,40424,40424,0,S
11220,40380,40426,46,E
11221,40382,40426,44,W
11223,40387,40426,39,E
11224,40388,40426,38,W
11227,40394,40428,34,E
11228,40394,40428,34,W
11230,40401,40428,27,E
11229,40400,40428,28,W
11234,40408,40430,22,E
11233,40406,40430,24,W
11237,40415,40430,15,E
11235,40412,40430,18,W
11240,40422,40432,10,E
11238,40418,40432,14,W
11243,40429,40432,3,E
11242,40424,40432,8,W
11244,40430,40434,4,W
11247,40436,40436,0,E
11248,40436,40436,0,W
11249,40442,40442,0,W
11250,40443,40444,1,E
11252,40448,40448,0,W
11254,40450,40450,0,E
11256,40454,40454,0,W
11257,40457,40458,1,E
11258,40460,40460,0,W
11260,40464,40464,0,E
11262,40466,40466,0,W
11263,40471,40472,1,E
11264,40472,40472,0,W
11266,40478,40478,0,E
11267,40478,40478,0,W
11270,40484,40484,0,W
11246,40435,40486,51,N
11245,40434,40486,52,S
11253,40450,40488,38,N
11251,40444,40488,44,S
11261,40465,40490,25,N
11255,40454,40490,36,S
11268,40480,40492,12,N
11259,40464,40492,28,S
11265,40474,40494,20,S
11275,40495,40496,1,N
11269,40484,40496,12,S
11274,40494,40498,4,S
11279,40504,40504,0,S
11282,40510,40510,0,N
11284,40514,40514,0,S
11288,40524,40524,0,S
11289,40525,40526,1,N
11271,40485,40530,45,E
11272,40490,40530,40,W
11273,40492,40530,38,E
11276,40496,40530,34,W
11277,40499,40532,33,E
11278,40502,40532,30,W
11280,40506,40532,26,E
11281,40508,40532,24,W
11283,40513,40534,21,E
11285,40514,40534,20,W
11286,40520,40534,14,E
11287,40520,40534,14,W
11291,40527,40536,9,E
11290,40526,40536,10,W
11294,40534,40536,2,E
11292,40532,40536,4,W
11295,40538,40538,0,W
11297,40541,40542,1,E
11299,40544,40544,0,W
11300,40548,40548,0,E
11301,40550,40550,0,W
11304,40555,40556,1,E
11305,40556,40556,0,W
11306,40562,40562,0,E
11307,40562,40562,0,W
11309,40568,40568,0,W
11310,40569,40570,1,E
11313,40574,40574,0,W
11314,40576,40576,0,E
11315,40580,40580,0,W
11316,40583,40584,1,E
11319,40586,40586,0,W
11296,40540,40590,50,N
11293,40534,40590,56,S
11303,40555,40592,37,N
11298,40544,40592,48,S
11311,40570,40594,24,N
11302,40554,40594,40,S
11318,40585,40596,11,N
11308,40564,40596,32,S
11312,40574,40598,24,S
11325,40600,40600,0,N
11317,40584,40600,16,S
11322,40594,40602,8,S
11326,40604,40604,0,S
11331,40614,40614,0,S
11332,40615,40616,1,N
11336,40624,40624,0,S
11339,40630,40630,0,N
11341,40634,40634,0,S
11320,40590,40636,46,E
11321,40592,40636,44,W
11323,40597,40636,39,E
11324,40598,40636,38,W
11327,40604,40638,34,E
11328,40604,40638,34,W
11330,40611,40638,27,E
11329,40610,40638,28,W
11334,40618,40640,22,E
11333,40616,40640,24,W
11337,40625,40640,15,E
11335,40622,40640,18,W
11340,40632,40642,10,E
11338,40628,40642,14,W
11343,40639,40642,3,E
11342,40634,40642,8,W
11344,40640,40644,4,W
11347,40646,40646,0,E
11348,40646,40646,0,W
11349,40652,40652,0,W
11350,40653,40654,1,E
11352,40658,40658,0,W
11354,40660,40660,0,E
11356,40664,40664,0,W
11357,40667,40668,1,E
11358,40670,40670,0,W
11360,40674,40674,0,E
11362,40676,40676,0,W
11363,40681,40682,1,E
11364,40682,40682,0,W
11366,40688,40688,0,E
11367,40688,40688,0,W
11370,40694,40694,0,W
11346,40645,40696,51,N
11345,40644,40696,52,S
11353,40660,40698,38,N
11351,40654,40698,44,S
11361,40675,40700,25,N
11355,40664,40700,36,S
11368,40690,40702,12,N
11359,40674,40702,28,S
11365,40684,40704,20,S
11375,40705,40706,1,N
11369,40694,40706,12,S
11374,40704,40708,4,S
11379,40714,40714,0,S
11382,40720,40720,0,N
11384,40724,40724,0,S
11388,40734,40734,0,S
11389,40735,40736,1,N
11371,40695,40740,45,E
11372,40700,40740,40,W
11373,40702,40740,38,E
11376,40706,40740,34,W
11377,40709,40742,33,E
11378,40712,40742,30,W
11380,40716,40742,26,E
11381,40718,40742,24,W
11383,40723,40744,21,E
11385,40724,40744,20,W
11386,40730,40744,14,E
11387,40730,40744,14,W
11391,40737,40746,9,E
11390,40736,40746,10,W
11394,40744,40746,2,E
11392,40742,40746,4,W
11395,40748,40748,0,W
11397,40751,40752,1,E
11399,40754,40754,0,W
11400,40758,40758,0,E
11401,40760,40760,0,W
11404,40765,40766,1,E
11405,40766,40766,0,W
11406,40772,40772,0,E
11407,40772,40772,0,W
11409,40778,40778,0,W
11410,40779,40780,1,E
11413,40784,40784,0,W
11414,40786,40786,0,E
11415,40790,40790,0,W
11416,40793,40794,1,E
11419,40796,40796,0,W
11396,40750,40800,50,N
11393,40744,40800,56,S
11403,40765,40802,37,N
11398,40754,40802,48,S
11411,40780,40804,24,N
11402,40764,40804,40,S
11418,40795,40806,11,N
11408,40774,40806,32,S
11412,40784,40808,24,S
11425,40810,40810,0,N
11417,40794,40810,16,S
11422,40804,40812,8,S
11426,40814,40814,0,S
11431,40824,40824,0,S
11432,40825,40826,1,N
11436,40834,40834,0,S
11439,40840,40840,0,N
11441,40844,40844,0,S
11420,40800,40846,46,E
11421,40802,40846,44,W
11423,40807,40846,39,E
11424,40808,40846,38,W
11427,40814,40848,34,E
11428,40814,40848,34,W
11430,40821,40848,27,E
11429,40820,40848,28,W
11434,40828,40850,22,E
11433,40826,40850,24,W
11437,40835,40850,15,E
11435,40832,40850,18,W
11440,40842,40852,10,E
11438,40838,40852,14,W
11443,40849,40852,3,E
11442,40844,40852,8,W
11444,40850,40854,4,W
11447,40856,40856,0,E
11448,40856,40856,0,W
11449,40862,40862,0,W
11450,40863,40864,1,E
11452,40868,40868,0,W
11454,40870,40870,0,E
11456,40874,40874,0,W
11457,40877,40878,1,E
11458,40880,40880,0,W
11460,40884,40884,0,E
11462,40886,40886,0,W
11463,40891,40892,1,E
11464,40892,40892,0,W
11466,40898,40898,0,E
11467,40898,40898,0,W
11470,40904,40904,0,W
11446,40855,40906,51,N
11445,40854,40906,52,S
11453,40870,40908,38,N
11451,40864,40908,44,S
11461,40885,40910,25,N
11455,40874,40910,36,S
11468,40900,40912,12,N
11459,40884,40912,28,S
11465,40894,40914,20,S
11475,40915,40916,1,N
11469,40904,40916,12,S
11474,40914,40918,4,S
11479,40924,40924,0,S
11482,40930,40930,0,N
11484,40934,40934,0,S
11488,40944,40944,0,S
11489,40945,40946,1,N
11471,40905,40950,45,E
11472,40910,40950,40,W
11473,40912,40950,38,E
11476,40916,40950,34,W
11477,40919,40952,33,E
11478,40922,40952,30,W
11480,40926,40952,26,E
11481,40928,40952,24,W
11483,40933,40954,21,E
11485,40934,40954,20,W
11486,40940,40954,14,E
11487,40940,40954,14,W
11491,40947,40956,9,E
11490,40946,40956,10,W
11494,40954,40956,2,E
11492,40952,40956,4,W
11495,40958,40958,0,W
11497,40961,40962,1,E
11499,40964,40964,0,W
11500,40968,40968,0,E
11501,40970,40970,0,W
11504,40975,40976,1,E
11505,40976,40976,0,W
11506,40982,40982,0,E
11507,40982,40982,0,W
11509,40988,40988,0,W
11510,40989,40990,1,E
11513,40994,40994,0,W
11514,40996,40996,0,E
11515,41000,41000,0,W
11516,41003,41004,1,E
11519,41006,41006,0,W
11496,40960,41010,50,N
11493,40954,41010,56,S
11503,40975,41012,37,N
11498,40964,41012,48,S
11511,40990,41014,24,N
11502,40974,41014,40,S
11518,41005,41016,11,N
11508,40984,41016,32,S
11512,40994,41018,24,S
11525,41020,41020,0,N
11517,41004,41020,16,S
11522,41014,41022,8,S
11526,41024,41024,0,S
11531,41034,41034,0,S
11532,41035,41036,1,N
11536,41044,41044,0,S
11539,41050,41050,0,N
11541,41054,41054,0,S
11520,41010,41056,46,E
11521,41012,41056,44,W
11523,41017,41056,39,E
11524,41018,41056,38,W
11527,41024,41058,34,E
11528,41024,41058,34,W
11530,41031,41058,27,E
11529,41030,41058,28,W
11534,41038,41060,22,E
11533,41036,41060,24,W
11537,41045,41060,15,E
11535,41042,41060,18,W
11540,41052,41062,10,E
11538,41048,41062,14,W
11543,41059,41062,3,E
11542,41054,41062,8,W
11544,41060,41064,4,W
11547,41066,41066,0,E
11548,41066,41066,0,W
11549,41072,41072,0,W
11550,41073,41074,1,E
11552,41078,41078,0,W
11554,41080,41080,0,E
11556,41084,41084,0,W
11557,41087,41088,1,E
11558,41090,41090,0,W
11560,41094,41094,0,E
11562,41096,41096,0,W
11563,41101,41102,1,E
11564,41102,41102,0,W
11566,41108,41108,0,E
11567,41108,41108,0,W
11570,41114,41114,0,W
11546,41065,41116,51,N
11545,41064,41116,52,S
11553,41080,41118,38,N
11551,41074,41118,44,S
11561,41095,41120,25,N
11555,41084,41120,36,S
11568,41110,41122,12,N
11559,41094,41122,28,S
11565,41104,41124,20,S
11575,41125,41126,1,N
11569,41114,41126,12,S
11574,41124,41128,4,S
11579,41134,41134,0,S
11582,41140,41140,0,N
11584,41144,41144,0,S
11588,41154,41154,0,S
11589,41155,41156,1,N
11571,41115,41160,45,E
11572,41120,41160,40,W
11573,41122,41160,38,E
11576,41126,41160,34,W
11577,41129,41162,33,E
11578,41132,41162,30,W
11580,41136,41162,26,E
11581,41138,41162,24,W
11583,41143,41164,21,E
11585,41144,41164,20,W
11586,41150,41164,14,E
11587,41150,41164,14,W
11591,41157,41166,9,E
11590,41156,41166,10,W
11594,41164,41166,2,E
11592,41162,41166,4,W
11595,41168,41168,0,W
11597,41171,41172,1,E
11599,41174,41174,0,W
11600,41178,41178,0,E
11601,41180,41180,0,W
11604,41185,41186,1,E
11605,41186,41186,0,W
11606,41192,41192,0,E
11607,41192,41192,0,W
11609,41198,41198,0,W
11610,41199,41200,1,E
11613,41204,41204,0,W
11614,41206,41206,0,E
11615,41210,41210,0,W
11616,41213,41214,1,E
11619,41216,41216,0,W
11596,41170,41220,50,N
11593,41164,41220,56,S
11603,41185,41222,37,N
11598,41174,41222,48,S
11611,41200,41224,24,N
11602,41184,41224,40,S
11618,41215,41226,11,N
11608,41194,41226,32,S
11612,41204,41228,24,S
11625,41230,41230,0,N
11617,41214,41230,16,S
11622,41224,41232,8,S
11626,41234,41234,0,S
11631,41244,41244,0,S
11632,41245,41246,1,N
11636,41254,41254,0,S
11639,41260,41260,0,N
11641,41264,41264,0,S
11620,41220,41266,46,E
11621,41222,41266,44,W
11623,41227,41266,39,E
11624,41228,41266,38,W
11627,41234,41268,34,E
11628,41234,41268,34,W
11630,41241,41268,27,E
11629,41240,41268,28,W
11634,41248,41270,22,E
11633,41246,41270,24,W
11637,41255,41270,15,E
11635,41252,41270,18,W
11640,41262,41272,10,E
11638,41258,41272,14,W
11643,41269,41272,3,E
11642,41264,41272,8,W
11644,41270,41274,4,W
11647,41276,41276,0,E
11648,41276,41276,0,W
11649,41282,41282,0,W
11650,41283,41284,1,E
11652,41288,41288,0,W
11654,41290,41290,0,E
11656,41294,41294,0,W
11657,41297,41298,1,E
11658,41300,41300,0,W
11660,41304,41304,0,E
11662,41306,41306,0,W
11663,41311,41312,1,E
11664,41312,41312,0,W
11666,41318,41318,0,E
11667,41318,41318,0,W
11670,41324,41324,0,W
11646,41275,41326,51,N
11645,41274,41326,52,S
11653,41290,41328,38,N
11651,41284,41328,44,S
11661,41305,41330,25,N
11655,41294,41330,36,S
11668,41320,41332,12,N
11659,41304,41332,28,S
11665,41314,41334,20,S
11675,41335,41336,1,N
11669,41324,41336,12,S
11674,41334,41338,4,S
11679,41344,41344,0,S
11682,41350,41350,0,N
11684,41354,41354,0,S
11688,41364,41364,0,S
11689,41365,41366,1,N
11671,41325,41370,45,E
11672,41330,41370,40,W
11673,41332,41370,38,E
11676,41336,41370,34,W
11677,41339,41372,33,E
11678,41342,41372,30,W
11680,41346,41372,26,E
11681,41348,41372,24,W
11683,41353,41374,21,E
11685,41354,41374,20,W
11686,41360,41374,14,E
11687,41360,41374,14,W
11691,41367,41376,9,E
11690,41366,41376,10,W
11694,41374,41376,2,E
11692,41372,41376,4,W
11695,41378,41378,0,W
11697,41381,41382,1,E
11699,41384,41384,0,W
11700,41388,41388,0,E
11701,41390,41390,0,W
11704,41395,41396,1,E
11705,41396,41396,0,W
11706,41402,41402,0,E
11707,41402,41402,0,W
11709,41408,41408,0,W
11710,41409,41410,1,E
11713,41414,41414,0,W
11714,41416,41416,0,E
11715,41420,41420,0,W
11716,41423,41424,1,E
11719,41426,41426,0,W
11696,41380,41430,50,N
11693,41374,41430,56,S
11703,41395,41432,37,N
11698,41384,41432,48,S
11711,41410,41434,24,N
11702,41394,41434,40,S
11718,41425,41436,11,N
11708,41404,41436,32,S
11712,41414,41438,24,S
11725,41440,41440,0,N
11717,41424,41440,16,S
11722,41434,41442,8,S
11726,41444,41444,0,S
11731,41454,41454,0,S
11732,41455,41456,1,N
11736,41464,41464,0,S
11739,41470,41470,0,N
11741,41474,41474,0,S
11720,41430,41476,46,E
11721,41432,41476,44,W
11723,41437,41476,39,E
11724,41438,41476,38,W
11727,41444,41478,34,E
11728,41444,41478,34,W
11730,41451,41478,27,E
11729,41450,41478,28,W
11734,41458,41480,22,E
11733,41456,41480,24,W
11737,41465,41480,15,E
11735,41462,41480,18,W
11740,41472,41482,10,E
11738,41468,41482,14,W
11743,41479,41482,3,E
11742,41474,41482,8,W
11744,41480,41484,4,W
11747,41486,41486,0,E
11748,41486,41486,0,W
11749,41492,41492,0,W
11750,41493,41494,1,E
11752,41498,41498,0,W
11754,41500,41500,0,E
11756,41504,41504,0,W
11757,41507,41508,1,E
11758,41510,41510,0,W
11760,41514,41514,0,E
11762,41516,41516,0,W
11763,41521,41522,1,E
11764,41522,41522,0,W
11766,41528,41528,0,E
11767,41528,41528,0,W
11770,41534,41534,0,W
11746,41485,41536,51,N
11745,41484,41536,52,S
11753,41500,41538,38,N
11751,41494,41538,44,S
11761,41515,41540,25,N
11755,41504,41540,36,S
11768,41530,41542,12,N
11759,41514,41542,28,S
11765,41524,41544,20,S
11775,41545,41546,1,N
11769,41534,41546,12,S
11774,41544,41548,4,S
11779,41554,41554,0,S
11782,41560,41560,0,N
11784,41564,41564,0,S
11788,41574,41574,0,S
11789,41575,41576,1,N
11771,41535,41580,45,E
11772,41540,41580,40,W
11773,41542,41580,38,E
11776,41546,41580,34,W
11777,41549,41582,33,E
11778,41552,41582,30,W
11780,41556,41582,26,E
11781,41558,41582,24,W
11783,41563,41584,21,E
11785,41564,41584,20,W
11786,41570,41584,14,E
11787,41570,41584,14,W
11791,41577,41586,9,E
11790,41576,41586,10,W
11794,41584,41586,2,E
11792,41582,41586,4,W
11795,41588,41588,0,W
11797,41591,41592,1,E
11799,41594,41594,0,W
11800,41598,41598,0,E
11801,41600,41600,0,W
11804,41605,41606,1,E
11805,41606,41606,0,W
11806,41612,41612,0,E
11807,41612,41612,0,W
11809,41618,41618,0,W
11810,41619,41620,1,E
11813,41624,41624,0,W
11814,41626,41626,0,E
11815,41630,41630,0,W
11816,41633,41634,1,E
11819,41636,41636,0,W
11796,41590,41640,50,N
11793,41584,41640,56,S
11803,41605,41642,37,N
11798,41594,41642,48,S
11811,41620,41644,24,N
11802,41604,41644,40,S
11818,41635,41646,11,N
11808,41614,41646,32,S
11812,41624,41648,24,S
11825,41650,41650,0,N
11817,41634,41650,16,S
11822,41644,41652,8,S
11826,41654,41654,0,S
11831,41664,41664,0,S
11832,41665,41666,1,N
11836,41674,41674,0,S
11839,41680,41680,0,N
11841,41684,41684,0,S
11820,41640,41686,46,E
11821,41642,41686,44,W
11823,41647,41686,39,E
11824,41648,41686,38,W
11827,41654,41688,34,E
11828,41654,41688,34,W
11830,41661,41688,27,E
11829,41660,41688,28,W
11834,41668,41690,22,E
11833,41666,41690,24,W
11837,41675,41690,15,E
11835,41672,41690,18,W
11840,41682,41692,10,E
11838,41678,41692,14,W
11843,41689,41692,3,E
11842,41684,41692,8,W
11844,41690,41694,4,W
11847,41696,41696,0,E
11848,41696,41696,0,W
11849,41702,41702,0,W
11850,41703,41704,1,E
11852,41708,41708,0,W
11854,41710,41710,0,E
11856,41714,41714,0,W
11857,41717,41718,1,E
11858,41720,41720,0,W
11860,41724,41724,0,E
11862,41726,41726,0,W
11863,41731,41732,1,E
11864,41732,41732,0,W
11866,41738,41738,0,E
11867,41738,41738,0,W
11870,41744,41744,0,W
11846,41695,41746,51,N
11845,41694,41746,52,S
11853,41710,41748,38,N
11851,41704,41748,44,S
11861,41725,41750,25,N
11855,41714,41750,36,S
11868,41740,41752,12,N
11859,41724,41752,28,S
11865,41734,41754,20,S
11875,41755,41756,1,N
11869,41744,41756,12,S
11874,41754,41758,4,S
11879,41764,41764,0,S
11882,41770,41770,0,N
11884,41774,41774,0,S
11888,41784,41784,0,S
11889,41785,41786,1,N
11871,41745,41790,45,E
11872,41750,41790,40,W
11873,41752,41790,38,E
11876,41756,41790,34,W
11877,41759,41792,33,E
11878,41762,41792,30,W
11880,41766,41792,26,E
11881,41768,41792,24,W
11883,41773,41794,21,E
11885,41774,41794,20,W
11886,41780,41794,14,E
11887,41780,41794,14,W
11891,41787,41796,9,E
11890,41786,41796,10,W
11894,41794,41796,2,E
11892,41792,41796,4,W
11895,41798,41798,0,W
11897,41801,41802,1,E
11899,41804,41804,0,W
11900,41808,41808,0,E
11901,41810,41810,0,W
11904,41815,41816,1,E
11905,41816,41816,0,W
11906,41822,41822,0,E
11907,41822,41822,0,W
11909,41828,41828,0,W
11910,41829,41830,1,E
11913,41834,41834,0,W
11914,41836,41836,0,E
11915,41840,41840,0,W
11916,41843,41844,1,E
11919,41846,41846,0,W
11896,41800,41850,50,N
11893,41794,41850,56,S
11903,41815,41852,37,N
11898,41804,41852,48,S
11911,41830,41854,24,N
11902,41814,41854,40,S
11918,41845,41856,11,N
11908,41824,41856,32,S
11912,41834,41858,24,S
11925,41860,41860,0,N
11917,41844,41860,16,S
11922,41854,41862,8,S
11926,41864,41864,0,S
11931,41874,41874,0,S
11932,41875,41876,1,N
11936,41884,41884,0,S
11939,41890,41890,0,N
11941,41894,41894,0,S
11920,41850,41896,46,E
11921,41852,41896,44,W
11923,41857,41896,39,E
11924,41858,41896,38,W
11927,41864,41898,34,E
11928,41864,41898,34,W
11930,41871,41898,27,E
11929,41870,41898,28,W
11934,41878,41900,22,E
11933,41876,41900,24,W
11937,41885,41900,15,E
11935,41882,41900,18,W
11940,41892,41902,10,E
11938,41888,41902,14,W
11943,41899,41902,3,E
11942,41894,41902,8,W
11944,41900,41904,4,W
11947,41906,41906,0,E
11948,41906,41906,0,W
11949,41912,41912,0,W
11950,41913,41914,1,E
11952,41918,41918,0,W
11954,41920,41920,0,E
11956,41924,41924,0,W
11957,41927,41928,1,E
11958,41930,41930,0,W
11960,41934,41934,0,E
11962,41936,41936,0,W
11963,41941,41942,1,E
11964,41942,41942,0,W
11966,41948,41948,0,E
11967,41948,41948,0,W
11970,41954,41954,0,W
11946,41905,41956,51,N
11945,41904,41956,52,S
11953,41920,41958,38,N
11951,41914,41958,44,S
11961,41935,41960,25,N
11955,41924,41960,36,S
11968,41950,41962,12,N
11959,41934,41962,28,S
11965,41944,41964,20,S
11975,41965,41966,1,N
11969,41954,41966,12,S
11974,41964,41968,4,S
11979,41974,41974,0,S
11982,41980,41980,0,N
11984,41984,41984,0,S
11988,41994,41994,0,S
11989,41995,41996,1,N
11971,41955,42000,45,E
11972,41960,42000,40,W
11973,41962,42000,38,E
11976,41966,42000,34,W
11977,41969,42002,33,E
11978,41972,42002,30,W
11980,41976,42002,26,E
11981,41978,42002,24,W
11983,41983,42004,21,E
11985,41984,42004,20,W
11986,41990,42004,14,E
11987,41990,42004,14,W
11991,41997,42006,9,E
11990,41996,42006,10,W
11994,42004,42006,2,E
11992,42002,42006,4,W
11995,42008,42008,0,W
11997,42011,42012,1,E
11999,42014,42014,0,W
12000,42018,42018,0,E
12001,42020,42020,0,W
12004,42025,42026,1,E
12005,42026,42026,0,W
12006,42032,42032,0,E
12007,42032,42032,0,W
12009,42038,42038,0,W
12010,42039,42040,1,E
12013,42044,42044,0,W
12014,42046,42046,0,E
12015,42050,42050,0,W
12016,42053,42054,1,E
12019,42056,42056,0,W
11996,42010,42060,50,N
11993,42004,42060,56,S
12003,42025,42062,37,N
11998,42014,42062,48,S
12011,42040,42064,24,N
12002,42024,42064,40,S
12018,42055,42066,11,N
12008,42034,42066,32,S
12012,42044,42068,24,S
12025,42070,42070,0,N
12017,42054,42070,16,S
12022,42064,42072,8,S
12026,42074,42074,0,S
12031,42084,42084,0,S
12032,42085,42086,1,N
12036,42094,42094,0,S
12039,42100,42100,0,N
12041,42104,42104,0,S
12020,42060,42106,46,E
12021,42062,42106,44,W
12023,42067,42106,39,E
12024,42068,42106,38,W
12027,42074,42108,34,E
12028,42074,42108,34,W
12030,42081,42108,27,E
12029,42080,42108,28,W
12034,42088,42110,22,E
12033,42086,42110,24,W
12037,42095,42110,15,E
12035,42092,42110,18,W
12040,42102,42112,10,E
12038,42098,42112,14,W
12043,42109,42112,3,E
12042,42104,42112,8,W
12044,42110,42114,4,W
12047,42116,42116,0,E
12048,42116,42116,0,W
12049,42122,42122,0,W
12050,42123,42124,1,E
12052,42128,42128,0,W
12054,42130,42130,0,E
12056,42134,42134,0,W
12057,42137,42138,1,E
12058,42140,42140,0,W
12060,42144,42144,0,E
12062,42146,42146,0,W
12063,42151,42152,1,E
12064,42152,42152,0,W
12066,42158,42158,0,E
12067,42158,42158,0,W
12070,42164,42164,0,W
12046,42115,42166,51,N
12045,42114,42166,52,S
12053,42130,42168,38,N
12051,42124,42168,44,S
12061,42145,42170,25,N
12055,42134,42170,36,S
12068,42160,42172,12,N
12059,42144,42172,28,S
12065,42154,42174,20,S
12075,42175,42176,1,N
12069,42164,42176,12,S
12074,42174,42178,4,S
12079,42184,42184,0,S
12082,42190,42190,0,N
12084,42194,42194,0,S
12088,42204,42204,0,S
12089,42205,42206,1,N
12071,42165,42210,45,E
12072,42170,42210,40,W
12073,42172,42210,38,E
12076,42176,42210,34,W
12077,42179,42212,33,E
12078,42182,42212,30,W
12080,42186,42212,26,E
12081,42188,42212,24,W
12083,42193,42214,21,E
12085,42194,42214,20,W
12086,42200,42214,14,E
12087,42200,42214,14,W
12091,42207,42216,9,E
12090,42206,42216,10,W
12094,42214,42216,2,E
12092,42212,42216,4,W
12095,42218,42218,0,W
12097,42221,42222,1,E
12099,42224,42224,0,W
12100,42228,42228,0,E
12101,42230,42230,0,W
12104,42235,42236,1,E
12105,42236,42236,0,W
12106,42242,42242,0,E
12107,42242,42242,0,W
12109,42248,42248,0,W
12110,42249,42250,1,E
12113,42254,42254,0,W
12114,42256,42256,0,E
12115,42260,42260,0,W
12116,42263,42264,1,E
12119,42266,42266,0,W
12096,42220,42270,50,N
12093,42214,42270,56,S
12103,42235,42272,37,N
12098,42224,42272,48,S
12111,42250,42274,24,N
12102,42234,42274,40,S
12118,42265,42276,11,N
12108,42244,42276,32,S
12112,42254,42278,24,S
12125,42280,42280,0,N
12117,42264,42280,16,S
12122,42274,42282,8,S
12126,42284,42284,0,S
12131,42294,42294,0,S
12132,42295,42296,1,N
12136,42304,42304,0,S
12139,42310,42310,0,N
12141,42314,42314,0,S
12120,42270,42316,46,E
12121,42272,42316,44,W
12123,42277,42316,39,E
12124,42278,42316,38,W
12127,42284,42318,34,E
12128,42284,42318,34,W
12130,42291,42318,27,E
12129,42290,42318,28,W
12134,42298,42320,22,E
12133,42296,42320,24,W
12137,42305,42320,15,E
12135,42302,42320,18,W
12140,42312,42322,10,E
12138,42308,42322,14,W
12143,42319,42322,3,E
12142,42314,42322,8,W
12144,42320,42324,4,W
12147,42326,42326,0,E
12148,42326,42326,0,W
12149,42332,42332,0,W
12150,42333,42334,1,E
12152,42338,42338,0,W
12154,42340,42340,0,E
12156,42344,42344,0,W
12157,42347,42348,1,E
12158,42350,42350,0,W
12160,42354,42354,0,E
12162,42356,42356,0,W
12163,42361,42362,1,E
12164,42362,42362,0,W
12166,42368,42368,0,E
12167,42368,42368,0,W
12170,42374,42374,0,W
12146,42325,42376,51,N
12145,42324,42376,52,S
12153,42340,42378,38,N
12151,42334,42378,44,S
12161,42355,42380,25,N
12155,42344,42380,36,S
12168,42370,42382,12,N
12159,42354,42382,28,S
12165,42364,42384,20,S
12175,42385,42386,1,N
12169,42374,42386,12,S
12174,42384,42388,4,S
12179,42394,42394,0,S
12182,42400,42400,0,N
12184,42404,42404,0,S
12188,42414,42414,0,S
12189,42415,42416,1,N
12171,42375,42420,45,E
12172,42380,42420,40,W
12173,42382,42420,38,E
12176,42386,42420,34,W
12177,42389,42422,33,E
12178,42392,42422,30,W
12180,42396,42422,26,E
12181,42398,42422,24,W
12183,42403,42424,21,E
12185,42404,42424,20,W
12186,42410,42424,14,E
12187,42410,42424,14,W
12191,42417,42426,9,E
12190,42416,42426,10,W
12194,42424,42426,2,E
12192,42422,42426,4,W
12195,42428,42428,0,W
12197,42431,42432,1,E
12199,42434,42434,0,W
12200,42438,42438,0,E
12201,42440,42440,0,W
12204,42445,42446,1,E
12205,42446,42446,0,W
12206,42452,42452,0,E
12207,42452,42452,0,W
12209,42458,42458,0,W
12210,42459,42460,1,E
12213,42464,42464,0,W
12214,42466,42466,0,E
12215,42470,42470,0,W
12216,42473,42474,1,E
12219,42476,42476,0,W
12196,42430,42480,50,N
12193,42424,42480,56,S
12203,42445,42482,37,N
12198,42434,42482,48,S
12211,42460,42484,24,N
12202,42444,42484,40,S
12218,42475,42486,11,N
12208,42454,42486,32,S
12212,42464,42488,24,S
12225,42490,42490,0,N
12217,42474,42490,16,S
12222,42484,42492,8,S
12226,42494,42494,0,S
12231,42504,42504,0,S
12232,42505,42506,1,N
12236,42514,42514,0,S
12239,42520,42520,0,N
12241,42524,42524,0,S
12220,42480,42526,46,E
12221,42482,42526,44,W
12223,42487,42526,39,E
12224,42488,42526,38,W
12227,42494,42528,34,E
12228,42494,42528,34,W
12230,42501,42528,27,E
12229,42500,42528,28,W
12234,42508,42530,22,E
12233,42506,42530,24,W
12237,42515,42530,15,E
12235,42512,42530,18,W
12240,42522,42532,10,E
12238,42518,42532,14,W
12243,42529,42532,3,E
12242,42524,42532,8,W
12244,42530,42534,4,W
12247,42536,42536,0,E
12248,42536,42536,0,W
12249,42542,42542,0,W
12250,42543,42544,1,E
12252,42548,42548,0,W
12254,42550,42550,0,E
12256,42554,42554,0,W
12257,42557,42558,1,E
12258,42560,42560,0,W
12260,42564,42564,0,E
12262,42566,42566,0,W
12263,42571,42572,1,E
12264,42572,42572,0,W
12266,42578,42578,0,E
12267,42578,42578,0,W
12270,42584,42584,0,W
12246,42535,42586,51,N
12245,42534,42586,52,S
12253,42550,42588,38,N
12251,42544,42588,44,S
12261,42565,42590,25,N
12255,42554,42590,36,S
12268,42580,42592,12,N
12259,42564,42592,28,S
12265,42574,42594,20,S
12275,42595,42596,1,N
12269,42584,42596,12,S
12274,42594,42598,4,S
12279,42604,42604,0,S
12282,42610,42610,0,N
12284,42614,42614,0,S
12288,42624,42624,0,S
12289,42625,42626,1,N
12271,42585,42630,45,E
12272,42590,42630,40,W
12273,42592,42630,38,E
12276,42596,42630,34,W
12277,42599,42632,33,E
12278,42602,42632,30,W
12280,42606,42632,26,E
12281,42608,42632,24,W
12283,42613,42634,21,E
12285,42614,42634,20,W
12286,42620,42634,14,E
12287,42620,42634,14,W
12291,42627,42636,9,E
12290,42626,42636,10,W
12294,42634,42636,2,E
12292,42632,42636,4,W
12295,42638,42638,0,W
12297,42641,42642,1,E
12299,42644,42644,0,W
12300,42648,42648,0,E
12301,42650,42650,0,W
12304,42655,42656,1,E
12305,42656,42656,0,W
12306,42662,42662,0,E
12307,42662,42662,0,W
12309,42668,42668,0,W
12310,42669,42670,1,E
12313,42674,42674,0,W
12314,42676,42676,0,E
12315,42680,42680,0,W
12316,42683,42684,1,E
12319,42686,42686,0,W
12296,42640,42690,50,N
12293,42634,42690,56,S
12303,42655,42692,37,N
12298,42644,42692,48,S
12311,42670,42694,24,N
12302,42654,42694,40,S
12318,42685,42696,11,N
12308,42664,42696,32,S
12312,42674,42698,24,S
12325,42700,42700,0,N
12317,42684,42700,16,S
12322,42694,42702,8,S
12326,42704,42704,0,S
12331,42714,42714,0,S
12332,42715,42716,1,N
12336,42724,42724,0,S
12339,42730,42730,0,N
12341,42734,42734,0,S
12320,42690,42736,46,E
12321,42692,42736,44,W
12323,42697,42736,39,E
12324,42698,42736,38,W
12327,42704,42738,34,E
12328,42704,42738,34,W
12330,42711,42738,27,E
12329,42710,42738,28,W
12334,42718,42740,22,E
12333,42716,42740,24,W
12337,42725,42740,15,E
12335,42722,42740,18,W
12340,42732,42742,10,E
12338,42728,42742,14,W
12343,42739,42742,3,E
12342,42734,42742,8,W
12344,42740,42744,4,W
12347,42746,42746,0,E
12348,42746,42746,0,W
12349,42752,42752,0,W
12350,42753,42754,1,E
12352,42758,42758,0,W
12354,42760,42760,0,E
12356,42764,42764,0,W
12357,42767,42768,1,E
12358,42770,42770,0,W
12360,42774,42774,0,E
12362,42776,42776,0,W
12363,42781,42782,1,E
12364,42782,42782,0,W
12366,42788,42788,0,E
12367,42788,42788,0,W
12370,42794,42794,0,W
12346,42745,42796,51,N
12345,42744,42796,52,S
12353,42760,42798,38,N
12351,42754,42798,44,S
12361,42775,42800,25,N
12355,42764,42800,36,S
12368,42790,42802,12,N
12359,42774,42802,28,S
12365,42784,42804,20,S
12375,42805,42806,1,N
12369,42794,42806,12,S
12374,42804,42808,4,S
12379,42814,42814,0,S
12382,42820,42820,0,N
12384,42824,42824,0,S
12388,42834,42834,0,S
12389,42835,42836,1,N
12371,42795,42840,45,E
12372,42800,42840,40,W
12373,42802,42840,38,E
12376,42806,42840,34,W
12377,42809,42842,33,E
12378,42812,42842,30,W
12380,42816,42842,26,E
12381,42818,42842,24,W
12383,42823,42844,21,E
12385,42824,42844,20,W
12386,42830,42844,14,E
12387,42830,42844,14,W
12391,42837,42846,9,E
12390,42836,42846,10,W
12394,42844,42846,2,E
12392,42842,42846,4,W
12395,42848,42848,0,W
12397,42851,42852,1,E
12399,42854,42854,0,W
12400,42858,42858,0,E
12401,42860,42860,0,W
12404,42865,42866,1,E
12405,42866,42866,0,W
12406,42872,42872,0,E
12407,42872,42872,0,W
12409,42878,42878,0,W
12410,42879,42880,1,E
12413,42884,42884,0,W
12414,42886,42886,0,E
12415,42890,42890,0,W
12416,42893,42894,1,E
12419,42896,42896,0,W
12396,42850,42900,50,N
12393,42844,42900,56,S
12403,42865,42902,37,N
12398,42854,42902,48,S
12411,42880,42904,24,N
12402,42864,42904,40,S
12418,42895,42906,11,N
12408,42874,42906,32,S
12412,42884,42908,24,S
12425,42910,42910,0,N
12417,42894,42910,16,S
12422,42904,42912,8,S
12426,42914,42914,0,S
12431,42924,42924,0,S
12432,42925,42926,1,N
12436,42934,42934,0,S
12439,42940,42940,0,N
12441,42944,42944,0,S
12420,42900,42946,46,E
12421,42902,42946,44,W
12423,42907,42946,39,E
12424,42908,42946,38,W
12427,42914,42948,34,E
12428,42914,42948,34,W
12430,42921,42948,27,E
12429,42920,42948,28,W
12434,42928,42950,22,E
12433,42926,42950,24,W
12437,42935,42950,15,E
12435,42932,42950,18,W
12440,42942,42952,10,E
12438,42938,42952,14,W
12443,42949,42952,3,E
12442,42944,42952,8,W
12444,42950,42954,4,W
12447,42956,42956,0,E
12448,42956,42956,0,W
12449,42962,42962,0,W
12450,42963,42964,1,E
12452,42968,42968,0,W
12454,42970,42970,0,E
12456,42974,42974,0,W
12457,42977,42978,1,E
12458,42980,42980,0,W
12460,42984,42984,0,E
12462,42986,42986,0,W
12463,42991,42992,1,E
12464,42992,42992,0,W
12466,42998,42998,0,E
12467,42998,42998,0,W
12470,43004,43004,0,W
12446,42955,43006,51,N
12445,42954,43006,52,S
12453,42970,43008,38,N
12451,42964,43008,44,S
12461,42985,43010,25,N
12455,42974,43010,36,S
12468,43000,43012,12,N
12459,42984,43012,28,S
12465,42994,43014,20,S
12475,43015,43016,1,N
12469,43004,43016,12,S
12474,43014,43018,4,S
12479,43024,43024,0,S
12482,43030,43030,0,N
12484,43034,43034,0,S
12488,43044,43044,0,S
12489,43045,43046,1,N
12471,43005,43050,45,E
12472,43010,43050,40,W
12473,43012,43050,38,E
12476,43016,43050,34,W
12477,43019,43052,33,E
12478,43022,43052,30,W
12480,43026,43052,26,E
12481,43028,43052,24,W
12483,43033,43054,21,E
12485,43034,43054,20,W
12486,43040,43054,14,E
12487,43040,43054,14,W
12491,43047,43056,9,E
12490,43046,43056,10,W
12494,43054,43056,2,E
12492,43052,43056,4,W
12495,43058,43058,0,W
12497,43061,43062,1,E
12499,43064,43064,0,W
12500,43068,43068,0,E
12501,43070,43070,0,W
12504,43075,43076,1,E
12505,43076,43076,0,W
12506,43082,43082,0,E
12507,43082,43082,0,W
12509,43088,43088,0,W
12510,43089,43090,1,E
12513,43094,43094,0,W
12514,43096,43096,0,E
12515,43100,43100,0,W
12516,43103,43104,1,E
12519,43106,43106,0,W
12496,43060,43110,50,N
12493,43054,43110,56,S
12503,43075,43112,37,N
12498,43064,43112,48,S
12511,43090,43114,24,N
12502,43074,43114,40,S
12518,43105,43116,11,N
12508,43084,43116,32,S
12512,43094,43118,24,S
12525,43120,43120,0,N
12517,43104,43120,16,S
12522,43114,43122,8,S
12526,43124,43124,0,S
12531,43134,43134,0,S
12532,43135,43136,1,N
12536,43144,43144,0,S
12539,43150,43150,0,N
12541,43154,43154,0,S
12520,43110,43156,46,E
12521,43112,43156,44,W
12523,43117,43156,39,E
12524,43118,43156,38,W
12527,43124,43158,34,E
12528,43124,43158,34,W
12530,43131,43158,27,E
12529,43130,43158,28,W
12534,43138,43160,22,E
12533,43136,43160,24,W
12537,43145,43160,15,E
12535,43142,43160,18,W
12540,43152,43162,10,E
12538,43148,43162,14,W
12543,43159,43162,3,E
12542,43154,43162,8,W
12544,43160,43164,4,W
12547,43166,43166,0,E
12548,43166,43166,0,W
12549,43172,43172,0,W
12550,43173,43174,1,E
12552,43178,43178,0,W
12554,43180,43180,0,E
12556,43184,43184,0,W
12557,43187,43188,1,E
12558,43190,43190,0,W
12560,43194,43194,0,E
12562,43196,43196,0,W
12563,43201,43202,1,E
12564,43202,43202,0,W
12566,43208,43208,0,E
12567,43208,43208,0,W
12570,43214,43214,0,W
12546,43165,43216,51,N
12545,43164,43216,52,S
12553,43180,43218,38,N
12551,43174,43218,44,S
12561,43195,43220,25,N
12555,43184,43220,36,S
12568,43210,43222,12,N
12559,43194,43222,28,S
12565,43204,43224,20,S
12575,43225,43226,1,N
12569,43214,43226,12,S
12574,43224,43228,4,S
12579,43234,43234,0,S
12582,43240,43240,0,N
12584,43244,43244,0,S
12588,43254,43254,0,S
12589,43255,43256,1,N
12571,43215,43260,45,E
12572,43220,43260,40,W
12573,43222,43260,38,E
12576,43226,43260,34,W
12577,43229,43262,33,E
12578,43232,43262,30,W
12580,43236,43262,26,E
12581,43238,43262,24,W
12583,43243,43264,21,E
12585,43244,43264,20,W
12586,43250,43264,14,E
12587,43250,43264,14,W
12591,43257,43266,9,E
12590,43256,43266,10,W
12594,43264,43266,2,E
12592,43262,43266,4,W
12595,43268,43268,0,W
12597,43271,43272,1,E
12599,43274,43274,0,W
12600,43278,43278,0,E
12601,43280,43280,0,W
12604,43285,43286,1,E
12605,43286,43286,0,W
12606,43292,43292,0,E
12607,43292,43292,0,W
12609,43298,43298,0,W
12610,43299,43300,1,E
12613,43304,43304,0,W
12614,43306,43306,0,E
12615,43310,43310,0,W
12616,43313,43314,1,E
12619,43316,43316,0,W
12596,43270,43320,50,N
12593,43264,43320,56,S
12603,43285,43322,37,N
12598,43274,43322,48,S
12611,43300,43324,24,N
12602,43284,43324,40,S
12618,43315,43326,11,N
12608,43294,43326,32,S
12612,43304,43328,24,S
12625,43330,43330,0,N
12617,43314,43330,16,S
12622,43324,43332,8,S
12626,43334,43334,0,S
12631,43344,43344,0,S
12632,43345,43346,1,N
12636,43354,43354,0,S
12639,43360,43360,0,N
12641,43364,43364,0,S
12620,43320,43366,46,E
12621,43322,43366,44,W
12623,43327,43366,39,E
12624,43328,43366,38,W
12627,43334,43368,34,E
12628,43334,43368,34,W
12630,43341,43368,27,E
12629,43340,43368,28,W
12634,43348,43370,22,E
12633,43346,43370,24,W
12637,43355,43370,15,E
12635,43352,43370,18,W
12640,43362,43372,10,E
12638,43358,43372,14,W
12643,43369,43372,3,E
12642,43364,43372,8,W
12644,43370,43374,4,W
12647,43376,43376,0,E
12648,43376,43376,0,W
12649,43382,43382,0,W
12650,43383,43384,1,E
12652,43388,43388,0,W
12654,43390,43390,0,E
12656,43394,43394,0,W
12657,43397,43398,1,E
12658,43400,43400,0,W
12660,43404,43404,0,E
12662,43406,43406,0,W
12663,43411,43412,1,E
12664,43412,43412,0,W
12666,43418,43418,0,E
12667,43418,43418,0,W
12670,43424,43424,0,W
12646,43375,43426,51,N
12645,43374,43426,52,S
12653,43390,43428,38,N
12651,43384,43428,44,S
12661,43405,43430,25,N
12655,43394,43430,36,S
12668,43420,43432,12,N
12659,43404,43432,28,S
12665,43414,43434,20,S
12675,43435,43436,1,N
12669,43424,43436,12,S
12674,43434,43438,4,S
12679,43444,43444,0,S
12682,43450,43450,0,N
12684,43454,43454,0,S
12688,43464,43464,0,S
12689,43465,43466,1,N
12671,43425,43470,45,E
12672,43430,43470,40,W
12673,43432,43470,38,E
12676,43436,43470,34,W
12677,43439,43472,33,E
12678,43442,43472,30,W
12680,43446,43472,26,E
12681,43448,43472,24,W
12683,43453,43474,21,E
12685,43454,43474,20,W
12686,43460,43474,14,E
12687,43460,43474,14,W
12691,43467,43476,9,E
12690,43466,43476,10,W
12694,43474,43476,2,E
12692,43472,43476,4,W
12695,43478,43478,0,W
12697,43481,43482,1,E
12699,43484,43484,0,W
12700,43488,43488,0,E
12701,43490,43490,0,W
12704,43495,43496,1,E
12705,43496,43496,0,W
12706,43502,43502,0,E
12707,43502,43502,0,W
12709,43508,43508,0,W
12710,43509,43510,1,E
12713,43514,43514,0,W
12714,43516,43516,0,E
12715,43520,43520,0,W
12716,43523,43524,1,E
12719,43526,43526,0,W
12696,43480,43530,50,N
12693,43474,43530,56,S
12703,43495,43532,37,N
12698,43484,43532,48,S
12711,43510,43534,24,N
12702,43494,43534,40,S
12718,43525,43536,11,N
12708,43504,43536,32,S
12712,43514,43538,24,S
12725,43540,43540,0,N
12717,43524,43540,16,S
12722,43534,43542,8,S
12726,43544,43544,0,S
12731,43554,43554,0,S
12732,43555,43556,1,N
12736,43564,43564,0,S
12739,43570,43570,0,N
12741,43574,43574,0,S
12720,43530,43576,46,E
12721,43532,43576,44,W
12723,43537,43576,39,E
12724,43538,43576,38,W
12727,43544,43578,34,E
12728,43544,43578,34,W
12730,43551,43578,27,E
12729,43550,43578,28,W
12734,43558,43580,22,E
12733,43556,43580,24,W
12737,43565,43580,15,E
12735,43562,43580,18,W
12740,43572,43582,10,E
12738,43568,43582,14,W
12743,43579,43582,3,E
12742,43574,43582,8,W
12744,43580,43584,4,W
12747,43586,43586,0,E
12748,43586,43586,0,W
12749,43592,43592,0,W
12750,43593,43594,1,E
12752,43598,43598,0,W
12754,43600,43600,0,E
12756,43604,43604,0,W
12757,43607,43608,1,E
12758,43610,43610,0,W
12760,43614,43614,0,E
12762,43616,43616,0,W
12763,43621,43622,1,E
12764,43622,43622,0,W
12766,43628,43628,0,E
12767,43628,43628,0,W
12770,43634,43634,0,W
12746,43585,43636,51,N
12745,43584,43636,52,S
12753,43600,43638,38,N
12751,43594,43638,44,S
12761,43615,43640,25,N
12755,43604,43640,36,S
12768,43630,43642,12,N
12759,43614,43642,28,S
12765,43624,43644,20,S
12775,43645,43646,1,N
12769,43634,43646,12,S
12774,43644,43648,4,S
12779,43654,43654,0,S
12782,43660,43660,0,N
12784,43664,43664,0,S
12788,43674,43674,0,S
12789,43675,43676,1,N
12771,43635,43680,45,E
12772,43640,43680,40,W
12773,43642,43680,38,E
12776,43646,43680,34,W
12777,43649,43682,33,E
12778,43652,43682,30,W
12780,43656,43682,26,E
12781,43658,43682,24,W
12783,43663,43684,21,E
12785,43664,43684,20,W
12786,43670,43684,14,E
12787,43670,43684,14,W
12791,43677,43686,9,E
12790,43676,43686,10,W
12794,43684,43686,2,E
12792,43682,43686,4,W
12795,43688,43688,0,W
12797,43691,43692,1,E
12799,43694,43694,0,W
12800,43698,43698,0,E
12801,43700,43700,0,W
12804,43705,43706,1,E
12805,43706,43706,0,W
12806,43712,43712,0,E
12807,43712,43712,0,W
12809,43718,43718,0,W
12810,43719,43720,1,E
12813,43724,43724,0,W
12814,43726,43726,0,E
12815,43730,43730,0,W
12816,43733,43734,1,E
12819,43736,43736,0,W
12796,43690,43740,50,N
12793,43684,43740,56,S
12803,43705,43742,37,N
12798,43694,43742,48,S
12811,43720,43744,24,N
12802,43704,43744,40,S
12818,43735,43746,11,N
12808,43714,43746,32,S
12812,43724,43748,24,S
12825,43750,43750,0,N
12817,43734,43750,16,S
12822,43744,43752,8,S
12826,43754,43754,0,S
12831,43764,43764,0,S
12832,43765,43766,1,N
12836,43774,43774,0,S
12839,43780,43780,0,N
12841,43784,43784,0,S
12820,43740,43786,46,E
12821,43742,43786,44,W
12823,43747,43786,39,E
12824,43748,43786,38,W
12827,43754,43788,34,E
12828,43754,43788,34,W
12830,43761,43788,27,E
12829,43760,43788,28,W
12834,43768,43790,22,E
12833,43766,43790,24,W
12837,43775,43790,15,E
12835,43772,43790,18,W
12840,43782,43792,10,E
12838,43778,43792,14,W
12843,43789,43792,3,E
12842,43784,43792,8,W
12844,43790,43794,4,W
12847,43796,43796,0,E
12848,43796,43796,0,W
12849,43802,43802,0,W
12850,43803,43804,1,E
12852,43808,43808,0,W
12854,43810,43810,0,E
12856,43814,43814,0,W
12857,43817,43818,1,E
12858,43820,43820,0,W
12860,43824,43824,0,E
12862,43826,43826,0,W
12863,43831,43832,1,E
12864,43832,43832,0,W
12866,43838,43838,0,E
12867,43838,43838,0,W
12870,43844,43844,0,W
12846,43795,43846,51,N
12845,43794,43846,52,S
12853,43810,43848,38,N
12851,43804,43848,44,S
12861,43825,43850,25,N
12855,43814,43850,36,S
12868,43840,43852,12,N
12859,43824,43852,28,S
12865,43834,43854,20,S
12875,43855,43856,1,N
12869,43844,43856,12,S
12874,43854,43858,4,S
12879,43864,43864,0,S
12882,43870,43870,0,N
12884,43874,43874,0,S
12888,43884,43884,0,S
12889,43885,43886,1,N
12871,43845,43890,45,E
12872,43850,43890,40,W
12873,43852,43890,38,E
12876,43856,43890,34,W
12877,43859,43892,33,E
12878,43862,43892,30,W
12880,43866,43892,26,E
12881,43868,43892,24,W
12883,43873,43894,21,E
12885,43874,43894,20,W
12886,43880,43894,14,E
12887,43880,43894,14,W
12891,43887,43896,9,E
12890,43886,43896,10,W
12894,43894,43896,2,E
12892,43892,43896,4,W
12895,43898,43898,0,W
12897,43901,43902,1,E
12899,43904,43904,0,W
12900,43908,43908,0,E
12901,43910,43910,0,W
12904,43915,43916,1,E
12905,43916,43916,0,W
12906,43922,43922,0,E
12907,43922,43922,0,W
12909,43928,43928,0,W
12910,43929,43930,1,E
12913,43934,43934,0,W
12914,43936,43936,0,E
12915,43940,43940,0,W
12916,43943,43944,1,E
12919,43946,43946,0,W
12896,43900,43950,50,N
12893,43894,43950,56,S
12903,43915,43952,37,N
12898,43904,43952,48,S
12911,43930,43954,24,N
12902,43914,43954,40,S
12918,43945,43956,11,N
12908,43924,43956,32,S
12912,43934,43958,24,S
12925,43960,43960,0,N
12917,43944,43960,16,S
12922,43954,43962,8,S
12926,43964,43964,0,S
12931,43974,43974,0,S
12932,43975,43976,1,N
12936,43984,43984,0,S
12939,43990,43990,0,N
12941,43994,43994,0,S
12920,43950,43996,46,E
12921,43952,43996,44,W
12923,43957,43996,39,E
12924,43958,43996,38,W
12927,43964,43998,34,E
12928,43964,43998,34,W
12930,43971,43998,27,E
12929,43970,43998,28,W
12934,43978,44000,22,E
12933,43976,44000,24,W
12937,43985,44000,15,E
12935,43982,44000,18,W
12940,43992,44002,10,E
12938,43988,44002,14,W
12943,43999,44002,3,E
12942,43994,44002,8,W
12944,44000,44004,4,W
12947,44006,44006,0,E
12948,44006,44006,0,W
12949,44012,44012,0,W
12950,44013,44014,1,E
12952,44018,44018,0,W
12954,44020,44020,0,E
12956,44024,44024,0,W
12957,44027,44028,1,E
12958,44030,44030,0,W
12960,44034,44034,0,E
12962,44036,44036,0,W
12963,44041,44042,1,E
12964,44042,44042,0,W
12966,44048,44048,0,E
12967,44048,44048,0,W
12970,44054,44054,0,W
12946,44005,44056,51,N
12945,44004,44056,52,S
12953,44020,44058,38,N
12951,44014,44058,44,S
12961,44035,44060,25,N
12955,44024,44060,36,S
12968,44050,44062,12,N
12959,44034,44062,28,S
12965,44044,44064,20,S
12975,44065,44066,1,N
12969,44054,44066,12,S
12974,44064,44068,4,S
12979,44074,44074,0,S
12982,44080,44080,0,N
12984,44084,44084,0,S
12988,44094,44094,0,S
12989,44095,44096,1,N
12971,44055,44100,45,E
12972,44060,44100,40,W
12973,44062,44100,38,E
12976,44066,44100,34,W
12977,44069,44102,33,E
12978,44072,44102,30,W
12980,44076,44102,26,E
12981,44078,44102,24,W
12983,44083,44104,21,E
12985,44084,44104,20,W
12986,44090,44104,14,E
12987,44090,44104,14,W
12991,44097,44106,9,E
12990,44096,44106,10,W
12994,44104,44106,2,E
12992,44102,44106,4,W
12995,44108,44108,0,W
12997,44111,44112,1,E
12999,44114,44114,0,W
13000,44118,44118,0,E
13001,44120,44120,0,W
13004,44125,44126,1,E
13005,44126,44126,0,W
13006,44132,44132,0,E
13007,44132,44132,0,W
13009,44138,44138,0,W
13010,44139,44140,1,E
13013,44144,44144,0,W
13014,44146,44146,0,E
13015,44150,44150,0,W
13016,44153,44154,1,E
13019,44156,44156,0,W
12996,44110,44160,50,N
12993,44104,44160,56,S
13003,44125,44162,37,N
12998,44114,44162,48,S
13011,44140,44164,24,N
13002,44124,44164,40,S
13018,44155,44166,11,N
13008,44134,44166,32,S
13012,44144,44168,24,S
13025,44170,44170,0,N
13017,44154,44170,16,S
13022,44164,44172,8,S
13026,44174,44174,0,S
13031,44184,44184,0,S
13032,44185,44186,1,N
13036,44194,44194,0,S
13039,44200,44200,0,N
13041,44204,44204,0,S
13020,44160,44206,46,E
13021,44162,44206,44,W
13023,44167,44206,39,E
13024,44168,44206,38,W
13027,44174,44208,34,E
13028,44174,44208,34,W
13030,44181,44208,27,E
13029,44180,44208,28,W
13034,44188,44210,22,E
13033,44186,44210,24,W
13037,44195,44210,15,E
13035,44192,44210,18,W
13040,44202,44212,10,E
13038,44198,44212,14,W
13043,44209,44212,3,E
13042,44204,44212,8,W
13044,44210,44214,4,W
13047,44216,44216,0,E
13048,44216,44216,0,W
13049,44222,44222,0,W
13050,44223,44224,1,E
13052,44228,44228,0,W
13054,44230,44230,0,E
13056,44234,44234,0,W
13057,44237,44238,1,E
13058,44240,44240,0,W
13060,44244,44244,0,E
13062,44246,44246,0,W
13063,44251,44252,1,E
13064,44252,44252,0,W
13066,44258,44258,0,E
13067,44258,44258,0,W
13070,44264,44264,0,W
13046,44215,44266,51,N
13045,44214,44266,52,S
13053,44230,44268,38,N
13051,44224,44268,44,S
13061,44245,44270,25,N
13055,44234,44270,36,S
13068,44260,44272,12,N
13059,44244,44272,28,S
13065,44254,44274,20,S
13075,44275,44276,1,N
13069,44264,44276,12,S
13074,44274,44278,4,S
13079,44284,44284,0,S
13082,44290,44290,0,N
13084,44294,44294,0,S
13088,44304,44304,0,S
13089,44305,44306,1,N
13071,44265,44310,45,E
13072,44270,44310,40,W
13073,44272,44310,38,E
13076,44276,44310,34,W
13077,44279,44312,33,E
13078,44282,44312,30,W
13080,44286,44312,26,E
13081,44288,44312,24,W
13083,44293,44314,21,E
13085,44294,44314,20,W
13086,44300,44314,14,E
13087,44300,44314,14,W
13091,44307,44316,9,E
13090,44306,44316,10,W
13094,44314,44316,2,E
13092,44312,44316,4,W
13095,44318,44318,0,W
13097,44321,44322,1,E
13099,44324,44324,0,W
13100,44328,44328,0,E
13101,44330,44330,0,W
13104,44335,44336,1,E
13105,44336,44336,0,W
13106,44342,44342,0,E
13107,44342,44342,0,W
13109,44348,44348,0,W
13110,44349,44350,1,E
13113,44354,44354,0,W
13114,44356,44356,0,E
13115,44360,44360,0,W
13116,44363,44364,1,E
13119,44366,44366,0,W
13096,44320,44370,50,N
13093,44314,44370,56,S
13103,44335,44372,37,N
13098,44324,44372,48,S
13111,44350,44374,24,N
13102,44334,44374,40,S
13118,44365,44376,11,N
13108,44344,44376,32,S
13112,44354,44378,24,S
13125,44380,44380,0,N
13117,44364,44380,16,S
13122,44374,44382,8,S
13126,44384,44384,0,S
13131,44394,44394,0,S
13132,44395,44396,1,N
13136,44404,44404,0,S
13139,44410,44410,0,N
13141,44414,44414,0,S
13120,44370,44416,46,E
13121,44372,44416,44,W
13123,44377,44416,39,E
13124,44378,44416,38,W
13127,44384,44418,34,E
13128,44384,44418,34,W
13130,44391,44418,27,E
13129,44390,44418,28,W
13134,44398,44420,22,E
13133,44396,44420,24,W
13137,44405,44420,15,E
13135,44402,44420,18,W
13140,44412,44422,10,E
13138,44408,44422,14,W
13143,44419,44422,3,E
13142,44414,44422,8,W
13144,44420,44424,4,W
13147,44426,44426,0,E
13148,44426,44426,0,W
13149,44432,44432,0,W
13150,44433,44434,1,E
13152,44438,44438,0,W
13154,44440,44440,0,E
13156,44444,44444,0,W
13157,44447,44448,1,E
13158,44450,44450,0,W
13160,44454,44454,0,E
13162,44456,44456,0,W
13163,44461,44462,1,E
13164,44462,44462,0,W
13166,44468,44468,0,E
13167,44468,44468,0,W
13170,44474,44474,0,W
13146,44425,44476,51,N
13145,44424,44476,52,S
13153,44440,44478,38,N
13151,44434,44478,44,S
13161,44455,44480,25,N
13155,44444,44480,36,S
13168,44470,44482,12,N
13159,44454,44482,28,S
13165,44464,44484,20,S
13175,44485,44486,1,N
13169,44474,44486,12,S
13174,44484,44488,4,S
13179,44494,44494,0,S
13182,44500,44500,0,N
13184,44504,44504,0,S
13188,44514,44514,0,S
13189,44515,44516,1,N
13171,44475,44520,45,E
13172,44480,44520,40,W
13173,44482,44520,38,E
13176,44486,44520,34,W
13177,44489,44522,33,E
13178,44492,44522,30,W
13180,44496,44522,26,E
13181,44498,44522,24,W
13183,44503,44524,21,E
13185,44504,44524,20,W
13186,44510,44524,14,E
13187,44510,44524,14,W
13191,44517,44526,9,E
13190,44516,44526,10,W
13194,44524,44526,2,E
13192,44522,44526,4,W
13195,44528,44528,0,W
13197,44531,44532,1,E
13199,44534,44534,0,W
13200,44538,44538,0,E
13201,44540,44540,0,W
13204,44545,44546,1,E
13205,44546,44546,0,W
13206,44552,44552,0,E
13207,44552,44552,0,W
13209,44558,44558,0,W
13210,44559,44560,1,E
13213,44564,44564,0,W
13214,44566,44566,0,E
13215,44570,44570,0,W
13216,44573,44574,1,E
13219,44576,44576,0,W
13196,44530,44580,50,N
13193,44524,44580,56,S
13203,44545,44582,37,N
13198,44534,44582,48,S
13211,44560,44584,24,N
13202,44544,44584,40,S
13218,44575,44586,11,N
13208,44554,44586,32,S
13212,44564,44588,24,S
13225,44590,44590,0,N
13217,44574,44590,16,S
13222,44584,44592,8,S
13226,44594,44594,0,S
13231,44604,44604,0,S
13232,44605,44606,1,N
13236,44614,44614,0,S
13239,44620,44620,0,N
13241,44624,44624,0,S
13220,44580,44626,46,E
13221,44582,44626,44,W
13223,44587,44626,39,E
13224,44588,44626,38,W
13227,44594,44628,34,E
13228,44594,44628,34,W
13230,44601,44628,27,E
13229,44600,44628,28,W
13234,44608,44630,22,E
13233,44606,44630,24,W
13237,44615,44630,15,E
13235,44612,44630,18,W
13240,44622,44632,10,E
13238,44618,44632,14,W
13243,44629,44632,3,E
13242,44624,44632,8,W
13244,44630,44634,4,W
13247,44636,44636,0,E
13248,44636,44636,0,W
13249,44642,44642,0,W
13250,44643,44644,1,E
13252,44648,44648,0,W
13254,44650,44650,0,E
13256,44654,44654,0,W
13257,44657,44658,1,E
13258,44660,44660,0,W
13260,44664,44664,0,E
13262,44666,44666,0,W
13263,44671,44672,1,E
13264,44672,44672,0,W
13266,44678,44678,0,E
13267,44678,44678,0,W
13270,44684,44684,0,W
13246,44635,44686,51,N
13245,44634,44686,52,S
13253,44650,44688,38,N
13251,44644,44688,44,S
13261,44665,44690,25,N
13255,44654,44690,36,S
13268,44680,44692,12,N
13259,44664,44692,28,S
13265,44674,44694,20,S
13275,44695,44696,1,N
13269,44684,44696,12,S
13274,44694,44698,4,S
13279,44704,44704,0,S
13282,44710,44710,0,N
13284,44714,44714,0,S
13288,44724,44724,0,S
13289,44725,44726,1,N
13271,44685,44730,45,E
13272,44690,44730,40,W
13273,44692,44730,38,E
13276,44696,44730,34,W
13277,44699,44732,33,E
13278,44702,44732,30,W
13280,44706,44732,26,E
13281,44708,44732,24,W
13283,44713,44734,21,E
13285,44714,44734,20,W
13286,44720,44734,14,E
13287,44720,44734,14,W
13291,44727,44736,9,E
13290,44726,44736,10,W
13294,44734,44736,2,E
13292,44732,44736,4,W
13295,44738,44738,0,W
13297,44741,44742,1,E
13299,44744,44744,0,W
13300,44748,44748,0,E
13301,44750,44750,0,W
13304,44755,44756,1,E
13305,44756,44756,0,W
13306,44762,44762,0,E
13307,44762,44762,0,W
13309,44768,44768,0,W
13310,44769,44770,1,E
13313,44774,44774,0,W
13314,44776,44776,0,E
13315,44780,44780,0,W
13316,44783,44784,1,E
13319,44786,44786,0,W
13296,44740,44790,50,N
13293,44734,44790,56,S
13303,44755,44792,37,N
13298,44744,44792,48,S
13311,44770,44794,24,N
13302,44754,44794,40,S
13318,44785,44796,11,N
13308,44764,44796,32,S
13312,44774,44798,24,S
13325,44800,44800,0,N
13317,44784,44800,16,S
13322,44794,44802,8,S
13326,44804,44804,0,S
13331,44814,44814,0,S
13332,44815,44816,1,N
13336,44824,44824,0,S
13339,44830,44830,0,N
13341,44834,44834,0,S
13320,44790,44836,46,E
13321,44792,44836,44,W
13323,44797,44836,39,E
13324,44798,44836,38,W
13327,44804,44838,34,E
13328,44804,44838,34,W
13330,44811,44838,27,E
13329,44810,44838,28,W
13334,44818,44840,22,E
13333,44816,44840,24,W
13337,44825,44840,15,E
13335,44822,44840,18,W
13340,44832,44842,10,E
13338,44828,44842,14,W
13343,44839,44842,3,E
13342,44834,44842,8,W
13344,44840,44844,4,W
13347,44846,44846,0,E
13348,44846,44846,0,W
13349,44852,44852,0,W
13350,44853,44854,1,E
13352,44858,44858,0,W
13354,44860,44860,0,E
13356,44864,44864,0,W
13357,44867,44868,1,E
13358,44870,44870,0,W
13360,44874,44874,0,E
13362,44876,44876,0,W
13363,44881,44882,1,E
13364,44882,44882,0,W
13366,44888,44888,0,E
13367,44888,44888,0,W
13370,44894,44894,0,W
13346,44845,44896,51,N
13345,44844,44896,52,S
13353,44860,44898,38,N
13351,44854,44898,44,S
13361,44875,44900,25,N
13355,44864,44900,36,S
13368,44890,44902,12,N
13359,44874,44902,28,S
13365,44884,44904,20,S
13375,44905,44906,1,N
13369,44894,44906,12,S
13374,44904,44908,4,S
13379,44914,44914,0,S
13382,44920,44920,0,N
13384,44924,44924,0,S
13388,44934,44934,0,S
13389,44935,44936,1,N
13371,44895,44940,45,E
13372,44900,44940,40,W
13373,44902,44940,38,E
13376,44906,44940,34,W
13377,44909,44942,33,E
13378,44912,44942,30,W
13380,44916,44942,26,E
13381,44918,44942,24,W
13383,44923,44944,21,E
13385,44924,44944,20,W
13386,44930,44944,14,E
13387,44930,44944,14,W
13391,44937,44946,9,E
13390,44936,44946,10,W
13394,44944,44946,2,E
13392,44942,44946,4,W
13395,44948,44948,0,W
13397,44951,44952,1,E
13399,44954,44954,0,W
13400,44958,44958,0,E
13401,44960,44960,0,W
13404,44965,44966,1,E
13405,44966,44966,0,W
13406,44972,44972,0,E
13407,44972,44972,0,W
13409,44978,44978,0,W
13410,44979,44980,1,E
13413,44984,44984,0,W
13414,44986,44986,0,E
13415,44990,44990,0,W
13416,44993,44994,1,E
13419,44996,44996,0,W
13396,44950,45000,50,N
13393,44944,45000,56,S
13403,44965,45002,37,N
13398,44954,45002,48,S
13411,44980,45004,24,N
13402,44964,45004,40,S
13418,44995,45006,11,N
13408,44974,45006,32,S
13412,44984,45008,24,S
13425,45010,45010,0,N
13417,44994,45010,16,S
13422,45004,45012,8,S
13426,45014,45014,0,S
13431,45024,45024,0,S
13432,45025,45026,1,N
13436,45034,45034,0,S
13439,45040,45040,0,N
13441,45044,45044,0,S
13420,45000,45046,46,E
13421,45002,45046,44,W
13423,45007,45046,39,E
13424,45008,45046,38,W
13427,45014,45048,34,E
13428,45014,45048,34,W
13430,45021,45048,27,E
13429,45020,45048,28,W
13434,45028,45050,22,E
13433,45026,45050,24,W
13437,45035,45050,15,E
13435,45032,45050,18,W
13440,45042,45052,10,E
13438,45038,45052,14,W
13443,45049,45052,3,E
13442,45044,45052,8,W
13444,45050,45054,4,W
13447,45056,45056,0,E
13448,45056,45056,0,W
13449,45062,45062,0,W
13450,45063,45064,1,E
13452,45068,45068,0,W
13454,45070,45070,0,E
13456,45074,45074,0,W
13457,45077,45078,1,E
13458,45080,45080,0,W
13460,45084,45084,0,E
13462,45086,45086,0,W
13463,45091,45092,1,E
13464,45092,45092,0,W
13466,45098,45098,0,E
13467,45098,45098,0,W
13470,45104,45104,0,W
13446,45055,45106,51,N
13445,45054,45106,52,S
13453,45070,45108,38,N
13451,45064,45108,44,S
13461,45085,45110,25,N
13455,45074,45110,36,S
13468,45100,45112,12,N
13459,45084,45112,28,S
13465,45094,45114,20,S
13475,45115,45116,1,N
13469,45104,45116,12,S
13474,45114,45118,4,S
13479,45124,45124,0,S
13482,45130,45130,0,N
13484,45134,45134,0,S
13488,45144,45144,0,S
13489,45145,45146,1,N
13471,45105,45150,45,E
13472,45110,45150,40,W
13473,45112,45150,38,E
13476,45116,45150,34,W
13477,45119,45152,33,E
13478,45122,45152,30,W
13480,45126,45152,26,E
13481,45128,45152,24,W
13483,45133,45154,21,E
13485,45134,45154,20,W
13486,45140,45154,14,E
13487,45140,45154,14,W
13491,45147,45156,9,E
13490,45146,45156,10,W
13494,45154,45156,2,E
13492,45152,45156,4,W
13495,45158,45158,0,W
13497,45161,45162,1,E
13499,45164,45164,0,W
13500,45168,45168,0,E
13501,45170,45170,0,W
13504,45175,45176,1,E
13505,45176,45176,0,W
13506,45182,45182,0,E
13507,45182,45182,0,W
13509,45188,45188,0,W
13510,45189,45190,1,E
13513,45194,45194,0,W
13514,45196,45196,0,E
13515,45200,45200,0,W
13516,45203,45204,1,E
13519,45206,45206,0,W
13496,45160,45210,50,N
13493,45154,45210,56,S
13503,45175,45212,37,N
13498,45164,45212,48,S
13511,45190,45214,24,N
13502,45174,45214,40,S
13518,45205,45216,11,N
13508,45184,45216,32,S
13512,45194,45218,24,S
13525,45220,45220,0,N
13517,45204,45220,16,S
13522,45214,45222,8,S
13526,45224,45224,0,S
13531,45234,45234,0,S
13532,45235,45236,1,N
13536,45244,45244,0,S
13539,45250,45250,0,N
13541,45254,45254,0,S
13520,45210,45256,46,E
13521,45212,45256,44,W
13523,45217,45256,39,E
13524,45218,45256,38,W
13527,45224,45258,34,E
13528,45224,45258,34,W
13530,45231,45258,27,E
13529,45230,45258,28,W
13534,45238,45260,22,E
13533,45236,45260,24,W
13537,45245,45260,15,E
13535,45242,45260,18,W
13540,45252,45262,10,E
13538,45248,45262,14,W
13543,45259,45262,3,E
13542,45254,45262,8,W
13544,45260,45264,4,W
13547,45266,45266,0,E
13548,45266,45266,0,W
13549,45272,45272,0,W
13550,45273,45274,1,E
13552,45278,45278,0,W
13554,45280,45280,0,E
13556,45284,45284,0,W
13557,45287,45288,1,E
13558,45290,45290,0,W
13560,45294,45294,0,E
13562,45296,45296,0,W
13563,45301,45302,1,E
13564,45302,45302,0,W
13566,45308,45308,0,E
13567,45308,45308,0,W
13570,45314,45314,0,W
13546,45265,45316,51,N
13545,45264,45316,52,S
13553,45280,45318,38,N
13551,45274,45318,44,S
13561,45295,45320,25,N
13555,45284,45320,36,S
13568,45310,45322,12,N
13559,45294,45322,28,S
13565,45304,45324,20,S
13575,45325,45326,1,N
13569,45314,45326,12,S
13574,45324,45328,4,S
13579,45334,45334,0,S
13582,45340,45340,0,N
13584,45344,45344,0,S
13588,45354,45354,0,S
13589,45355,45356,1,N
13571,45315,45360,45,E
13572,45320,45360,40,W
13573,45322,45360,38,E
13576,45326,45360,34,W
13577,45329,45362,33,E
13578,45332,45362,30,W
13580,45336,45362,26,E
13581,45338,45362,24,W
13583,45343,45364,21,E
13585,45344,45364,20,W
13586,45350,45364,14,E
13587,45350,45364,14,W
13591,45357,45366,9,E
13590,45356,45366,10,W
13594,45364,45366,2,E
13592,45362,45366,4,W
13595,45368,45368,0,W
13597,45371,45372,1,E
13599,45374,45374,0,W
13600,45378,45378,0,E
13601,45380,45380,0,W
13604,45385,45386,1,E
13605,45386,45386,0,W
13606,45392,45392,0,E
13607,45392,45392,0,W
13609,45398,45398,0,W
13610,45399,45400,1,E
13613,45404,45404,0,W
13614,45406,45406,0,E
13615,45410,45410,0,W
13616,45413,45414,1,E
13619,45416,45416,0,W
13596,45370,45420,50,N
13593,45364,45420,56,S
13603,45385,45422,37,N
13598,45374,45422,48,S
13611,45400,45424,24,N
13602,45384,45424,40,S
13618,45415,45426,11,N
13608,45394,45426,32,S
13612,45404,45428,24,S
13625,45430,45430,0,N
13617,45414,45430,16,S
13622,45424,45432,8,S
13626,45434,45434,0,S
13631,45444,45444,0,S
13632,45445,45446,1,N
13636,45454,45454,0,S
13639,45460,45460,0,N
13641,45464,45464,0,S
13620,45420,45466,46,E
13621,45422,45466,44,W
13623,45427,45466,39,E
13624,45428,45466,38,W
13627,45434,45468,34,E
13628,45434,45468,34,W
13630,45441,45468,27,E
13629,45440,45468,28,W
13634,45448,45470,22,E
13633,45446,45470,24,W
13637,45455,45470,15,E
13635,45452,45470,18,W
13640,45462,45472,10,E
13638,45458,45472,14,W
13643,45469,45472,3,E
13642,45464,45472,8,W
13644,45470,45474,4,W
13647,45476,45476,0,E
13648,45476,45476,0,W
13649,45482,45482,0,W
13650,45483,45484,1,E
13652,45488,45488,0,W
13654,45490,45490,0,E
13656,45494,45494,0,W
13657,45497,45498,1,E
13658,45500,45500,0,W
13660,45504,45504,0,E
13662,45506,45506,0,W
13663,45511,45512,1,E
13664,45512,45512,0,W
13666,45518,45518,0,E
13667,45518,45518,0,W
13670,45524,45524,0,W
13646,45475,45526,51,N
13645,45474,45526,52,S
13653,45490,45528,38,N
13651,45484,45528,44,S
13661,45505,45530,25,N
13655,45494,45530,36,S
13668,45520,45532,12,N
13659,45504,45532,28,S
13665,45514,45534,20,S
13675,45535,45536,1,N
13669,45524,45536,12,S
13674,45534,45538,4,S
13679,45544,45544,0,S
13682,45550,45550,0,N
13684,45554,45554,0,S
13688,45564,45564,0,S
13689,45565,45566,1,N
13671,45525,45570,45,E
13672,45530,45570,40,W
13673,45532,45570,38,E
13676,45536,45570,34,W
13677,45539,45572,33,E
13678,45542,45572,30,W
13680,45546,45572,26,E
13681,45548,45572,24,W
13683,45553,45574,21,E
13685,45554,45574,20,W
13686,45560,45574,14,E
13687,45560,45574,14,W
13691,45567,45576,9,E
13690,45566,45576,10,W
13694,45574,45576,2,E
13692,45572,45576,4,W
13695,45578,45578,0,W
13697,45581,45582,1,E
13699,45584,45584,0,W
13700,45588,45588,0,E
13701,45590,45590,0,W
13704,45595,45596,1,E
13705,45596,45596,0,W
13706,45602,45602,0,E
13707,45602,45602,0,W
13709,45608,45608,0,W
13710,45609,45610,1,E
13713,45614,45614,0,W
13714,45616,45616,0,E
13715,45620,45620,0,W
13716,45623,45624,1,E
13719,45626,45626,0,W
13696,45580,45630,50,N
13693,45574,45630,56,S
13703,45595,45632,37,N
13698,45584,45632,48,S
13711,45610,45634,24,N
13702,45594,45634,40,S
13718,45625,45636,11,N
13708,45604,45636,32,S
13712,45614,45638,24,S
13725,45640,45640,0,N
13717,45624,45640,16,S
13722,45634,45642,8,S
13726,45644,45644,0,S
13731,45654,45654,0,S
13732,45655,45656,1,N
13736,45664,45664,0,S
13739,45670,45670,0,N
13741,45674,45674,0,S
13720,45630,45676,46,E
13721,45632,45676,44,W
13723,45637,45676,39,E
13724,45638,45676,38,W
13727,45644,45678,34,E
13728,45644,45678,34,W
13730,45651,45678,27,E
13729,45650,45678,28,W
13734,45658,45680,22,E
13733,45656,45680,24,W
13737,45665,45680,15,E
13735,45662,45680,18,W
13740,45672,45682,10,E
13738,45668,45682,14,W
13743,45679,45682,3,E
13742,45674,45682,8,W
13744,45680,45684,4,W
13747,45686,45686,0,E
13748,45686,45686,0,W
13749,45692,45692,0,W
13750,45693,45694,1,E
13752,45698,45698,0,W
13754,45700,45700,0,E
13756,45704,45704,0,W
13757,45707,45708,1,E
13758,45710,45710,0,W
13760,45714,45714,0,E
13762,45716,45716,0,W
13763,45721,45722,1,E
13764,45722,45722,0,W
13766,45728,45728,0,E
13767,45728,45728,0,W
13770,45734,45734,0,W
13746,45685,45736,51,N
13745,45684,45736,52,S
13753,45700,45738,38,N
13751,45694,45738,44,S
13761,45715,45740,25,N
13755,45704,45740,36,S
13768,45730,45742,12,N
13759,45714,45742,28,S
13765,45724,45744,20,S
13775,45745,45746,1,N
13769,45734,45746,12,S
13774,45744,45748,4,S
13779,45754,45754,0,S
13782,45760,45760,0,N
13784,45764,45764,0,S
13788,45774,45774,0,S
13789,45775,45776,1,N
13771,45735,45780,45,E
13772,45740,45780,40,W
13773,45742,45780,38,E
13776,45746,45780,34,W
13777,45749,45782,33,E
13778,45752,45782,30,W
13780,45756,45782,26,E
13781,45758,45782,24,W
13783,45763,45784,21,E
13785,45764,45784,20,W
13786,45770,45784,14,E
13787,45770,45784,14,W
13791,45777,45786,9,E
13790,45776,45786,10,W
13794,45784,45786,2,E
13792,45782,45786,4,W
13795,45788,45788,0,W
13797,45791,45792,1,E
13799,45794,45794,0,W
13800,45798,45798,0,E
13801,45800,45800,0,W
13804,45805,45806,1,E
13805,45806,45806,0,W
13806,45812,45812,0,E
13807,45812,45812,0,W
13809,45818,45818,0,W
13810,45819,45820,1,E
13813,45824,45824,0,W
13814,45826,45826,0,E
13815,45830,45830,0,W
13816,45833,45834,1,E
13819,45836,45836,0,W
13796,45790,45840,50,N
13793,45784,45840,56,S
13803,45805,45842,37,N
13798,45794,45842,48,S
13811,45820,45844,24,N
13802,45804,45844,40,S
13818,45835,45846,11,N
13808,45814,45846,32,S
13812,45824,45848,24,S
13825,45850,45850,0,N
13817,45834,45850,16,S
13822,45844,45852,8,S
13826,45854,45854,0,S
13831,45864,45864,0,S
13832,45865,45866,1,N
13836,45874,45874,0,S
13839,45880,45880,0,N
13841,45884,45884,0,S
13820,45840,45886,46,E
13821,45842,45886,44,W
13823,45847,45886,39,E
13824,45848,45886,38,W
13827,45854,45888,34,E
13828,45854,45888,34,W
13830,45861,45888,27,E
13829,45860,45888,28,W
13834,45868,45890,22,E
13833,45866,45890,24,W
13837,45875,45890,15,E
13835,45872,45890,18,W
13840,45882,45892,10,E
13838,45878,45892,14,W
13843,45889,45892,3,E
13842,45884,45892,8,W
13844,45890,45894,4,W
13847,45896,45896,0,E
13848,45896,45896,0,W
13849,45902,45902,0,W
13850,45903,45904,1,E
13852,45908,45908,0,W
13854,45910,45910,0,E
13856,45914,45914,0,W
13857,45917,45918,1,E
13858,45920,45920,0,W
13860,45924,45924,0,E
13862,45926,45926,0,W
13863,45931,45932,1,E
13864,45932,45932,0,W
13866,45938,45938,0,E
13867,45938,45938,0,W
13870,45944,45944,0,W
13846,45895,45946,51,N
13845,45894,45946,52,S
13853,45910,45948,38,N
13851,45904,45948,44,S
13861,45925,45950,25,N
13855,45914,45950,36,S
13868,45940,45952,12,N
13859,45924,45952,28,S
13865,45934,45954,20,S
13875,45955,45956,1,N
13869,45944,45956,12,S
13874,45954,45958,4,S
13879,45964,45964,0,S
13882,45970,45970,0,N
13884,45974,45974,0,S
13888,45984,45984,0,S
13889,45985,45986,1,N
13871,45945,45990,45,E
13872,45950,45990,40,W
13873,45952,45990,38,E
13876,45956,45990,34,W
13877,45959,45992,33,E
13878,45962,45992,30,W
13880,45966,45992,26,E
13881,45968,45992,24,W
13883,45973,45994,21,E
13885,45974,45994,20,W
13886,45980,45994,14,E
13887,45980,45994,14,W
13891,45987,45996,9,E
13890,45986,45996,10,W
13894,45994,45996,2,E
13892,45992,45996,4,W
13895,45998,45998,0,W
13897,46001,46002,1,E
13899,46004,46004,0,W
13900,46008,46008,0,E
13901,46010,46010,0,W
13904,46015,46016,1,E
13905,46016,46016,0,W
13906,46022,46022,0,E
13907,46022,46022,0,W
13909,46028,46028,0,W
13910,46029,46030,1,E
13913,46034,46034,0,W
13914,46036,46036,0,E
13915,46040,46040,0,W
13916,46043,46044,1,E
13919,46046,46046,0,W
13896,46000,46050,50,N
13893,45994,46050,56,S
13903,46015,46052,37,N
13898,46004,46052,48,S
13911,46030,46054,24,N
13902,46014,46054,40,S
13918,46045,46056,11,N
13908,46024,46056,32,S
13912,46034,46058,24,S
13925,46060,46060,0,N
13917,46044,46060,16,S
13922,46054,46062,8,S
13926,46064,46064,0,S
13931,46074,46074,0,S
13932,46075,46076,1,N
13936,46084,46084,0,S
13939,46090,46090,0,N
13941,46094,46094,0,S
13920,46050,46096,46,E
13921,46052,46096,44,W
13923,46057,46096,39,E
13924,46058,46096,38,W
13927,46064,46098,34,E
13928,46064,46098,34,W
13930,46071,46098,27,E
13929,46070,46098,28,W
13934,46078,46100,22,E
13933,46076,46100,24,W
13937,46085,46100,15,E
13935,46082,46100,18,W
13940,46092,46102,10,E
13938,46088,46102,14,W
13943,46099,46102,3,E
13942,46094,46102,8,W
13944,46100,46104,4,W
13947,46106,46106,0,E
13948,46106,46106,0,W
13949,46112,46112,0,W
13950,46113,46114,1,E
13952,46118,46118,0,W
13954,46120,46120,0,E
13956,46124,46124,0,W
13957,46127,46128,1,E
13958,46130,46130,0,W
13960,46134,46134,0,E
13962,46136,46136,0,W
13963,46141,46142,1,E
13964,46142,46142,0,W
13966,46148,46148,0,E
13967,46148,46148,0,W
13970,46154,46154,0,W
13946,46105,46156,51,N
13945,46104,46156,52,S
13953,46120,46158,38,N
13951,46114,46158,44,S
13961,46135,46160,25,N
13955,46124,46160,36,S
13968,46150,46162,12,N
13959,46134,46162,28,S
13965,46144,46164,20,S
13975,46165,46166,1,N
13969,46154,46166,12,S
13974,46164,46168,4,S
13979,46174,46174,0,S
13982,46180,46180,0,N
13984,46184,46184,0,S
13988,46194,46194,0,S
13989,46195,46196,1,N
13971,46155,46200,45,E
13972,46160,46200,40,W
13973,46162,46200,38,E
13976,46166,46200,34,W
13977,46169,46202,33,E
13978,46172,46202,30,W
13980,46176,46202,26,E
13981,46178,46202,24,W
13983,46183,46204,21,E
13985,46184,46204,20,W
13986,46190,46204,14,E
13987,46190,46204,14,W
13991,46197,46206,9,E
13990,46196,46206,10,W
13994,46204,46206,2,E
13992,46202,46206,4,W
13995,46208,46208,0,W
13997,46211,46212,1,E
13999,46214,46214,0,W
14000,46218,46218,0,E
14001,46220,46220,0,W
14004,46225,46226,1,E
14005,46226,46226,0,W
14006,46232,46232,0,E
14007,46232,46232,0,W
14009,46238,46238,0,W
14010,46239,46240,1,E
14013,46244,46244,0,W
14014,46246,46246,0,E
14015,46250,46250,0,W
14016,46253,46254,1,E
14019,46256,46256,0,W
13996,46210,46260,50,N
13993,46204,46260,56,S
14003,46225,46262,37,N
13998,46214,46262,48,S
14011,46240,46264,24,N
14002,46224,46264,40,S
14018,46255,46266,11,N
14008,46234,46266,32,S
14012,46244,46268,24,S
14025,46270,46270,0,N
14017,46254,46270,16,S
14022,46264,46272,8,S
14026,46274,46274,0,S
14031,46284,46284,0,S
14032,46285,46286,1,N
14036,46294,46294,0,S
14039,46300,46300,0,N
14041,46304,46304,0,S
14020,46260,46306,46,E
14021,46262,46306,44,W
14023,46267,46306,39,E
14024,46268,46306,38,W
14027,46274,46308,34,E
14028,46274,46308,34,W
14030,46281,46308,27,E
14029,46280,46308,28,W
14034,46288,46310,22,E
14033,46286,46310,24,W
14037,46295,46310,15,E
14035,46292,46310,18,W
14040,46302,46312,10,E
14038,46298,46312,14,W
14043,46309,46312,3,E
14042,46304,46312,8,W
14044,46310,46314,4,W
14047,46316,46316,0,E
14048,46316,46316,0,W
14049,46322,46322,0,W
14050,46323,46324,1,E
14052,46328,46328,0,W
14054,46330,46330,0,E
14056,46334,46334,0,W
14057,46337,46338,1,E
14058,46340,46340,0,W
14060,46344,46344,0,E
14062,46346,46346,0,W
14063,46351,46352,1,E
14064,46352,46352,0,W
14066,46358,46358,0,E
14067,46358,46358,0,W
14070,46364,46364,0,W
14046,46315,46366,51,N
14045,46314,46366,52,S
14053,46330,46368,38,N
14051,46324,46368,44,S
14061,46345,46370,25,N
14055,46334,46370,36,S
14068,46360,46372,12,N
14059,46344,46372,28,S
14065,46354,46374,20,S
14075,46375,46376,1,N
14069,46364,46376,12,S
14074,46374,46378,4,S
14079,46384,46384,0,S
14082,46390,46390,0,N
14084,46394,46394,0,S
14088,46404,46404,0,S
14089,46405,46406,1,N
14071,46365,46410,45,E
14072,46370,46410,40,W
14073,46372,46410,38,E
14076,46376,46410,34,W
14077,46379,46412,33,E
14078,46382,46412,30,W
14080,46386,46412,26,E
14081,46388,46412,24,W
14083,46393,46414,21,E
14085,46394,46414,20,W
14086,46400,46414,14,E
14087,46400,46414,14,W
14091,46407,46416,9,E
14090,46406,46416,10,W
14094,46414,46416,2,E
14092,46412,46416,4,W
14095,46418,46418,0,W
14097,46421,46422,1,E
14099,46424,46424,0,W
14100,46428,46428,0,E
14101,46430,46430,0,W
14104,46435,46436,1,E
14105,46436,46436,0,W
14106,46442,46442,0,E
14107,46442,46442,0,W
14109,46448,46448,0,W
14110,46449,46450,1,E
14113,46454,46454,0,W
14114,46456,46456,0,E
14115,46460,46460,0,W
14116,46463,46464,1,E
14119,46466,46466,0,W
14096,46420,46470,50,N
14093,46414,46470,56,S
14103,46435,46472,37,N
14098,46424,46472,48,S
14111,46450,46474,24,N
14102,46434,46474,40,S
14118,46465,46476,11,N
14108,46444,46476,32,S
14112,46454,46478,24,S
14125,46480,46480,0,N
14117,46464,46480,16,S
14122,46474,46482,8,S
14126,46484,46484,0,S
14131,46494,46494,0,S
14132,46495,46496,1,N
14136,46504,46504,0,S
14139,46510,46510,0,N
14141,46514,46514,0,S
14120,46470,46516,46,E
14121,46472,46516,44,W
14123,46477,46516,39,E
14124,46478,46516,38,W
14127,46484,46518,34,E
14128,46484,46518,34,W
14130,46491,46518,27,E
14129,46490,46518,28,W
14134,46498,46520,22,E
14133,46496,46520,24,W
14137,46505,46520,15,E
14135,46502,46520,18,W
14140,46512,46522,10,E
14138,46508,46522,14,W
14143,46519,46522,3,E
14142,46514,46522,8,W
14144,46520,46524,4,W
14147,46526,46526,0,E
14148,46526,46526,0,W
14149,46532,46532,0,W
14150,46533,46534,1,E
14152,46538,46538,0,W
14154,46540,46540,0,E
14156,46544,46544,0,W
14157,46547,46548,1,E
14158,46550,46550,0,W
14160,46554,46554,0,E
14162,46556,46556,0,W
14163,46561,46562,1,E
14164,46562,46562,0,W
14166,46568,46568,0,E
14167,46568,46568,0,W
14170,46574,46574,0,W
14146,46525,46576,51,N
14145,46524,46576,52,S
14153,46540,46578,38,N
14151,46534,46578,44,S
14161,46555,46580,25,N
14155,46544,46580,36,S
14168,46570,46582,12,N
14159,46554,46582,28,S
14165,46564,46584,20,S
14175,46585,46586,1,N
14169,46574,46586,12,S
14174,46584,46588,4,S
14179,46594,46594,0,S
14182,46600,46600,0,N
14184,46604,46604,0,S
14188,46614,46614,0,S
14189,46615,46616,1,N
14171,46575,46620,45,E
14172,46580,46620,40,W
14173,46582,46620,38,E
14176,46586,46620,34,W
14177,46589,46622,33,E
14178,46592,46622,30,W
14180,46596,46622,26,E
14181,46598,46622,24,W
14183,46603,46624,21,E
14185,46604,46624,20,W
14186,46610,46624,14,E
14187,46610,46624,14,W
14191,46617,46626,9,E
14190,46616,46626,10,W
14194,46624,46626,2,E
14192,46622,46626,4,W
14195,46628,46628,0,W
14197,46631,46632,1,E
14199,46634,46634,0,W
14200,46638,46638,0,E
14201,46640,46640,0,W
14204,46645,46646,1,E
14205,46646,46646,0,W
14206,46652,46652,0,E
14207,46652,46652,0,W
14209,46658,46658,0,W
14210,46659,46660,1,E
14213,46664,46664,0,W
14214,46666,46666,0,E
14215,46670,46670,0,W
14216,46673,46674,1,E
14219,46676,46676,0,W
14196,46630,46680,50,N
14193,46624,46680,56,S
14203,46645,46682,37,N
14198,46634,46682,48,S
14211,46660,46684,24,N
14202,46644,46684,40,S
14218,46675,46686,11,N
14208,46654,46686,32,S
14212,46664,46688,24,S
14225,46690,46690,0,N
14217,46674,46690,16,S
14222,46684,46692,8,S
14226,46694,46694,0,S
14231,46704,46704,0,S
14232,46705,46706,1,N
14236,46714,46714,0,S
14239,46720,46720,0,N
14241,46724,46724,0,S
14220,46680,46726,46,E
14221,46682,46726,44,W
14223,46687,46726,39,E
14224,46688,46726,38,W
14227,46694,46728,34,E
14228,46694,46728,34,W
14230,46701,46728,27,E
14229,46700,46728,28,W
14234,46708,46730,22,E
14233,46706,46730,24,W
14237,46715,46730,15,E
14235,46712,46730,18,W
14240,46722,46732,10,E
14238,46718,46732,14,W
14243,46729,46732,3,E
14242,46724,46732,8,W
14244,46730,46734,4,W
14247,46736,46736,0,E
14248,46736,46736,0,W
14249,46742,46742,0,W
14250,46743,46744,1,E
14252,46748,46748,0,W
14254,46750,46750,0,E
14256,46754,46754,0,W
14257,46757,46758,1,E
14258,46760,46760,0,W
14260,46764,46764,0,E
14262,46766,46766,0,W
14263,46771,46772,1,E
14264,46772,46772,0,W
14266,46778,46778,0,E
14267,46778,46778,0,W
14270,46784,46784,0,W
14246,46735,46786,51,N
14245,46734,46786,52,S
14253,46750,46788,38,N
14251,46744,46788,44,S
14261,46765,46790,25,N
14255,46754,46790,36,S
14268,46780,46792,12,N
14259,46764,46792,28,S
14265,46774,46794,20,S
14275,46795,46796,1,N
14269,46784,46796,12,S
14274,46794,46798,4,S
14279,46804,46804,0,S
14282,46810,46810,0,N
14284,46813,46814,1,S
14288,46822,46822,0,S
14290,46824,46824,0,N
14271,46785,46830,45,E
14272,46790,46830,40,W
14273,46792,46830,38,E
14276,46796,46830,34,W
14277,46799,46832,33,E
14278,46802,46832,30,W
14280,46806,46832,26,E
14281,46807,46832,25,W
14285,46813,46834,21,E
14283,46812,46834,22,W
14287,46820,46834,14,E
14286,46817,46834,17,W
14291,46827,46836,9,E
14289,46822,46836,14,W
14295,46834,46836,2,E
14292,46827,46836,9,W
14294,46832,46838,6,W
14296,46837,46838,1,W
14299,46841,46842,1,E
14300,46842,46842,0,W
14302,46848,46848,0,E
14301,46847,46848,1,W
14305,46852,46852,0,W
14306,46855,46856,1,E
14307,46857,46858,1,W
14309,46862,46862,0,E
14310,46862,46862,0,W
14313,46867,46868,1,W
14314,46869,46870,1,E
14315,46872,46872,0,W
14317,46876,46876,0,E
14318,46877,46878,1,W
14320,46882,46882,0,W
14321,46883,46884,1,E
14323,46887,46888,1,W
14297,46838,46890,52,N
14293,46831,46890,59,S
14304,46852,46892,40,N
14298,46840,46892,52,S
14311,46866,46894,28,N
14303,46849,46894,45,S
14319,46880,46896,16,N
14308,46858,46896,38,S
14326,46894,46898,4,N
14312,46867,46898,31,S
14316,46876,46900,24,S
14322,46885,46902,17,S
14327,46894,46904,10,S
14331,46903,46906,3,S
14334,46908,46908,0,N
14336,46912,46912,0,S
14341,46922,46922,0,N
14340,46921,46922,1,S
14345,46930,46930,0,S
14324,46890,46936,46,E
14325,46892,46936,44,W
14328,46897,46936,39,E
14329,46897,46936,39,W
14332,46904,46938,34,E
14330,46902,46938,36,W
14335,46911,46938,27,E
14333,46907,46938,31,W
14339,46918,46940,22,E
14337,46912,46940,28,W
14343,46925,46940,15,E
14338,46917,46940,23,W
14346,46932,46942,10,E
14342,46922,46942,20,W
14351,46939,46942,3,E
14344,46927,46942,15,W
14347,46932,46944,12,W
14349,46937,46944,7,W
14353,46946,46946,0,E
14352,46942,46946,4,W
14354,46947,46948,1,W
14357,46952,46952,0,W
14358,46953,46954,1,E
14360,46957,46958,1,W
14361,46960,46960,0,E
14362,46962,46962,0,W
14365,46967,46968,1,E
14366,46967,46968,1,W
14367,46972,46972,0,W
14368,46974,46974,0,E
14370,46977,46978,1,W
14372,46981,46982,1,E
14373,46982,46982,0,W
14376,46988,46988,0,E
14375,46987,46988,1,W
14378,46992,46992,0,W
14348,46936,46996,60,N
14350,46939,46996,57,S
14356,46950,46998,48,N
14355,46948,46998,50,S
14363,46964,47000,36,N
14359,46957,47000,43,S
14371,46978,47002,24,N
14364,46966,47002,36,S
14377,46992,47004,12,N
14369,46975,47004,29,S
14385,47006,47006,0,N
14374,46984,47006,22,S
14379,46993,47008,15,S
14382,47002,47010,8,S
14388,47011,47012,1,S
14392,47020,47020,0,N
14393,47020,47020,0,S
14397,47029,47030,1,S
14400,47034,47034,0,N
14403,47038,47038,0,S
14380,46995,47040,45,E
14381,46997,47040,43,W
14383,47002,47040,38,E
14384,47002,47040,38,W
14387,47009,47042,33,E
14386,47007,47042,35,W
14390,47016,47042,26,E
14389,47012,47042,30,W
14395,47023,47044,21,E
14391,47017,47044,27,W
14398,47030,47044,14,E
14394,47022,47044,22,W
14401,47037,47046,9,E
14396,47027,47046,19,W
14405,47044,47046,2,E
14399,47032,47046,14,W
14402,47037,47048,11,W
14404,47042,47048,6,W
14407,47047,47050,3,W
14409,47051,47052,1,E
14410,47052,47052,0,W
14413,47058,47058,0,E
14412,47057,47058,1,W
14415,47062,47062,0,W
14417,47065,47066,1,E
14418,47067,47068,1,W
14419,47072,47072,0,E
14420,47072,47072,0,W
14423,47077,47078,1,W
14424,47079,47080,1,E
14425,47082,47082,0,W
14427,47086,47086,0,E
14428,47087,47088,1,W
14431,47092,47092,0,W
14432,47093,47094,1,E
14433,47097,47098,1,W
14408,47048,47100,52,N
14406,47047,47100,53,S
14414,47062,47102,40,N
14411,47056,47102,46,S
14422,47076,47104,28,N
14416,47065,47104,39,S
14429,47090,47106,16,N
14421,47074,47106,32,S
14437,47104,47108,4,N
14426,47083,47108,25,S
14430,47092,47110,18,S
14435,47101,47112,11,S
14440,47110,47114,4,S
14444,47118,47118,0,N
14445,47119,47120,1,S
14449,47128,47128,0,S
14451,47132,47132,0,N
14454,47137,47138,1,S
14434,47100,47146,46,E
14436,47102,47146,44,W
14438,47107,47146,39,E
14439,47107,47146,39,W
14442,47114,47148,34,E
14441,47112,47148,36,W
14446,47121,47148,27,E
14443,47117,47148,31,W
14450,47128,47150,22,E
14447,47122,47150,28,W
14453,47135,47150,15,E
14448,47127,47150,23,W
14456,47142,47152,10,E
14452,47132,47152,20,W
14461,47149,47152,3,E
14455,47137,47152,15,W
14457,47142,47154,12,W
14460,47147,47154,7,W
14464,47156,47156,0,E
14462,47152,47156,4,W
14465,47157,47158,1,W
14467,47162,47162,0,W
14468,47163,47164,1,E
14470,47167,47168,1,W
14471,47170,47170,0,E
14472,47172,47172,0,W
14475,47177,47178,1,E
14476,47177,47178,1,W
14478,47182,47182,0,W
14479,47184,47184,0,E
14480,47187,47188,1,W
14483,47191,47192,1,E
14484,47192,47192,0,W
14486,47198,47198,0,E
14485,47197,47198,1,W
14489,47202,47202,0,W
14458,47146,47206,60,N
14459,47146,47206,60,S
14466,47160,47208,48,N
14463,47155,47208,53,S
14474,47174,47210,36,N
14469,47164,47210,46,S
14481,47188,47212,24,N
14473,47173,47212,39,S
14488,47202,47214,12,N
14477,47182,47214,32,S
14495,47216,47216,0,N
14482,47191,47216,25,S
14487,47200,47218,18,S
14492,47209,47220,11,S
14497,47218,47222,4,S
14501,47227,47228,1,S
14503,47230,47230,0,N
14506,47236,47236,0,S
14510,47244,47244,0,N
14511,47245,47246,1,S
14490,47205,47250,45,E
14491,47207,47250,43,W
14493,47212,47250,38,E
14494,47212,47250,38,W
14498,47219,47252,33,E
14496,47217,47252,35,W
14500,47226,47252,26,E
14499,47222,47252,30,W
14505,47233,47254,21,E
14502,47227,47254,27,W
14508,47240,47254,14,E
14504,47232,47254,22,W
14512,47247,47256,9,E
14507,47237,47256,19,W
14516,47254,47256,2,E
14509,47242,47256,14,W
14513,47247,47258,11,W
14514,47252,47258,6,W
14517,47257,47260,3,W
14519,47261,47262,1,E
14520,47262,47262,0,W
14523,47268,47268,0,E
14522,47267,47268,1,W
14526,47272,47272,0,W
14527,47275,47276,1,E
14528,47277,47278,1,W
14530,47282,47282,0,E
14531,47282,47282,0,W
14533,47287,47288,1,W
14534,47289,47290,1,E
14536,47292,47292,0,W
14537,47296,47296,0,E
14538,47297,47298,1,W
14541,47302,47302,0,W
14542,47303,47304,1,E
14543,47307,47308,1,W
14518,47258,47310,52,N
14515,47254,47310,56,S
14524,47272,47312,40,N
14521,47263,47312,49,S
14532,47286,47314,28,N
14525,47272,47314,42,S
14540,47300,47316,16,N
14529,47281,47316,35,S
14547,47314,47318,4,N
14535,47290,47318,28,S
14539,47299,47320,21,S
14544,47308,47322,14,S
14548,47317,47324,7,S
14553,47326,47326,0,S
14555,47328,47328,0,N
14558,47335,47336,1,S
14561,47342,47342,0,N
14563,47344,47344,0,S
14568,47353,47354,1,S
14545,47310,47356,46,E
14546,47312,47356,44,W
14549,47317,47356,39,E
14550,47317,47356,39,W
14552,47324,47358,34,E
14551,47322,47358,36,W
14556,47331,47358,27,E
14554,47327,47358,31,W
14560,47338,47360,22,E
14557,47332,47360,28,W
14564,47345,47360,15,E
14559,47337,47360,23,W
14566,47352,47362,10,E
14562,47342,47362,20,W
14571,47359,47362,3,E
14565,47347,47362,15,W
14567,47352,47364,12,W
14570,47357,47364,7,W
14574,47366,47366,0,E
14573,47362,47366,4,W
14575,47367,47368,1,W
14578,47372,47372,0,W
14579,47373,47374,1,E
14580,47377,47378,1,W
14582,47380,47380,0,E
14583,47382,47382,0,W
14585,47387,47388,1,E
14586,47387,47388,1,W
14588,47392,47392,0,W
14589,47394,47394,0,E
14590,47397,47398,1,W
14593,47401,47402,1,E
14594,47402,47402,0,W
14597,47408,47408,0,E
14596,47407,47408,1,W
14599,47412,47412,0,W
14569,47356,47416,60,N
14572,47362,47416,54,S
14576,47370,47418,48,N
14577,47371,47418,47,S
14584,47384,47420,36,N
14581,47380,47420,40,S
14591,47398,47422,24,N
14587,47389,47422,33,S
14598,47412,47424,12,N
14592,47398,47424,26,S
14606,47426,47426,0,N
14595,47407,47426,19,S
14601,47416,47428,12,S
14605,47425,47430,5,S
14610,47434,47434,0,S
14613,47440,47440,0,N
14615,47443,47444,1,S
14619,47452,47452,0,S
14621,47454,47454,0,N
14600,47415,47460,45,E
14602,47417,47460,43,W
14603,47422,47460,38,E
14604,47422,47460,38,W
14608,47429,47462,33,E
14607,47427,47462,35,W
14611,47436,47462,26,E
14609,47432,47462,30,W
14616,47443,47464,21,E
14612,47437,47464,27,W
14618,47450,47464,14,E
14614,47442,47464,22,W
14622,47457,47466,9,E
14617,47447,47466,19,W
14626,47464,47466,2,E
14620,47452,47466,14,W
14623,47457,47468,11,W
14625,47462,47468,6,W
14627,47467,47470,3,W
14630,47471,47472,1,E
14631,47472,47472,0,W
14633,47478,47478,0,E
14632,47477,47478,1,W
14636,47482,47482,0,W
14637,47485,47486,1,E
14638,47487,47488,1,W
14640,47492,47492,0,E
14641,47492,47492,0,W
14644,47497,47498,1,W
14645,47499,47500,1,E
14646,47502,47502,0,W
14648,47506,47506,0,E
14649,47507,47508,1,W
14651,47512,47512,0,W
14652,47513,47514,1,E
14654,47517,47518,1,W
14628,47468,47520,52,N
14624,47461,47520,59,S
14635,47482,47522,40,N
14629,47470,47522,52,S
14642,47496,47524,28,N
14634,47479,47524,45,S
14650,47510,47526,16,N
14639,47488,47526,38,S
14657,47524,47528,4,N
14643,47497,47528,31,S
14647,47506,47530,24,S
14653,47515,47532,17,S
14658,47524,47534,10,S
14662,47533,47536,3,S
14665,47538,47538,0,N
14667,47542,47542,0,S
14672,47552,47552,0,N
14671,47551,47552,1,S
14676,47560,47560,0,S
14655,47520,47566,46,E
14656,47522,47566,44,W
14659,47527,47566,39,E
14660,47527,47566,39,W
14663,47534,47568,34,E
14661,47532,47568,36,W
14666,47541,47568,27,E
14664,47537,47568,31,W
14670,47548,47570,22,E
14668,47542,47570,28,W
14674,47555,47570,15,E
14669,47547,47570,23,W
14677,47562,47572,10,E
14673,47552,47572,20,W
14682,47569,47572,3,E
14675,47557,47572,15,W
14678,47562,47574,12,W
14680,47567,47574,7,W
14684,47576,47576,0,E
14683,47572,47576,4,W
14685,47577,47578,1,W
14688,47582,47582,0,W
14689,47583,47584,1,E
14691,47587,47588,1,W
14692,47590,47590,0,E
14693,47592,47592,0,W
14696,47597,47598,1,E
14697,47597,47598,1,W
14698,47602,47602,0,W
14699,47604,47604,0,E
14701,47607,47608,1,W
14703,47611,47612,1,E
14704,47612,47612,0,W
14707,47618,47618,0,E
14706,47617,47618,1,W
14709,47622,47622,0,W
14679,47566,47626,60,N
14681,47569,47626,57,S
14687,47580,47628,48,N
14686,47578,47628,50,S
14694,47594,47630,36,N
14690,47587,47630,43,S
14702,47608,47632,24,N
14695,47596,47632,36,S
14708,47622,47634,12,N
14700,47605,47634,29,S
14716,47636,47636,0,N
14705,47614,47636,22,S
14710,47623,47638,15,S
14713,47632,47640,8,S
14719,47641,47642,1,S
14723,47650,47650,0,N
14724,47650,47650,0,S
14728,47659,47660,1,S
14731,47664,47664,0,N
14734,47668,47668,0,S
14711,47625,47670,45,E
14712,47627,47670,43,W
14714,47632,47670,38,E
14715,47632,47670,38,W
14718,47639,47672,33,E
14717,47637,47672,35,W
14721,47646,47672,26,E
14720,47642,47672,30,W
14726,47653,47674,21,E
14722,47647,47674,27,W
14729,47660,47674,14,E
14725,47652,47674,22,W
14732,47667,47676,9,E
14727,47657,47676,19,W
14736,47674,47676,2,E
14730,47662,47676,14,W
14733,47667,47678,11,W
14735,47672,47678,6,W
14738,47677,47680,3,W
14740,47681,47682,1,E
14741,47682,47682,0,W
14744,47688,47688,0,E
14743,47687,47688,1,W
14746,47692,47692,0,W
14748,47695,47696,1,E
14749,47697,47698,1,W
14750,47702,47702,0,E
14751,47702,47702,0,W
14754,47707,47708,1,W
14755,47709,47710,1,E
14756,47712,47712,0,W
14758,47716,47716,0,E
14759,47717,47718,1,W
14762,47722,47722,0,W
14763,47723,47724,1,E
14764,47727,47728,1,W
14739,47678,47730,52,N
14737,47677,47730,53,S
14745,47692,47732,40,N
14742,47686,47732,46,S
14753,47706,47734,28,N
14747,47695,47734,39,S
14760,47720,47736,16,N
14752,47704,47736,32,S
14768,47734,47738,4,N
14757,47713,47738,25,S
14761,47722,47740,18,S
14766,47731,47742,11,S
14771,47740,47744,4,S
14775,47748,47748,0,N
14776,47749,47750,1,S
14780,47758,47758,0,S
14782,47762,47762,0,N
14785,47767,47768,1,S
14765,47730,47776,46,E
14767,47732,47776,44,W
14769,47737,47776,39,E
14770,47737,47776,39,W
14773,47744,47778,34,E
14772,47742,47778,36,W
14777,47751,47778,27,E
14774,47747,47778,31,W
14781,47758,47780,22,E
14778,47752,47780,28,W
14784,47765,47780,15,E
14779,47757,47780,23,W
14787,47772,47782,10,E
14783,47762,47782,20,W
14792,47779,47782,3,E
14786,47767,47782,15,W
14788,47772,47784,12,W
14791,47777,47784,7,W
14795,47786,47786,0,E
14793,47782,47786,4,W
14796,47787,47788,1,W
14798,47792,47792,0,W
14799,47793,47794,1,E
14801,47797,47798,1,W
14802,47800,47800,0,E
14803,47802,47802,0,W
14806,47807,47808,1,E
14807,47807,47808,1,W
14809,47812,47812,0,W
14810,47814,47814,0,E
14811,47817,47818,1,W
14814,47821,47822,1,E
14815,47822,47822,0,W
14817,47828,47828,0,E
14816,47827,47828,1,W
14820,47832,47832,0,W
14789,47776,47836,60,N
14790,47776,47836,60,S
14797,47790,47838,48,N
14794,47785,47838,53,S
14805,47804,47840,36,N
14800,47794,47840,46,S
14812,47818,47842,24,N
14804,47803,47842,39,S
14819,47832,47844,12,N
14808,47812,47844,32,S
14826,47846,47846,0,N
14813,47821,47846,25,S
14818,47830,47848,18,S
14823,47839,47850,11,S
14828,47848,47852,4,S
14832,47857,47858,1,S
14834,47860,47860,0,N
14837,47866,47866,0,S
14841,47874,47874,0,N
14842,47875,47876,1,S
14821,47835,47880,45,E
14822,47837,47880,43,W
14824,47842,47880,38,E
14825,47842,47880,38,W
14829,47849,47882,33,E
14827,47847,47882,35,W
14831,47856,47882,26,E
14830,47852,47882,30,W
14836,47863,47884,21,E
14833,47857,47884,27,W
14839,47870,47884,14,E
14835,47862,47884,22,W
14843,47877,47886,9,E
14838,47867,47886,19,W
14847,47884,47886,2,E
14840,47872,47886,14,W
14844,47877,47888,11,W
14845,47882,47888,6,W
14848,47887,47890,3,W
14850,47891,47892,1,E
14851,47892,47892,0,W
14854,47898,47898,0,E
14853,47897,47898,1,W
14857,47902,47902,0,W
14858,47905,47906,1,E
14859,47907,47908,1,W
14861,47912,47912,0,E
14862,47912,47912,0,W
14864,47917,47918,1,W
14865,47919,47920,1,E
14867,47922,47922,0,W
14868,47926,47926,0,E
14869,47927,47928,1,W
14872,47932,47932,0,W
14873,47933,47934,1,E
14874,47937,47938,1,W
14849,47888,47940,52,N
14846,47884,47940,56,S
14855,47902,47942,40,N
14852,47893,47942,49,S
14863,47916,47944,28,N
14856,47902,47944,42,S
14871,47930,47946,16,N
14860,47911,47946,35,S
14878,47944,47948,4,N
14866,47920,47948,28,S
14870,47929,47950,21,S
14875,47938,47952,14,S
14879,47947,47954,7,S
14884,47956,47956,0,S
14886,47958,47958,0,N
14889,47965,47966,1,S
14892,47972,47972,0,N
14894,47974,47974,0,S
14899,47983,47984,1,S
14876,47940,47986,46,E
14877,47942,47986,44,W
14880,47947,47986,39,E
14881,47947,47986,39,W
14883,47954,47988,34,E
14882,47952,47988,36,W
14887,47961,47988,27,E
14885,47957,47988,31,W
14891,47968,47990,22,E
14888,47962,47990,28,W
14895,47975,47990,15,E
14890,47967,47990,23,W
14897,47982,47992,10,E
14893,47972,47992,20,W
14902,47989,47992,3,E
14896,47977,47992,15,W
14898,47982,47994,12,W
14901,47987,47994,7,W
14905,47996,47996,0,E
14904,47992,47996,4,W
14906,47997,47998,1,W
14909,48002,48002,0,W
14910,48003,48004,1,E
14911,48007,48008,1,W
14913,48010,48010,0,E
14914,48012,48012,0,W
14916,48017,48018,1,E
14917,48017,48018,1,W
14919,48022,48022,0,W
14920,48024,48024,0,E
14921,48027,48028,1,W
14924,48031,48032,1,E
14925,48032,48032,0,W
14928,48038,48038,0,E
14927,48037,48038,1,W
14930,48042,48042,0,W
14900,47986,48046,60,N
14903,47992,48046,54,S
14907,48000,48048,48,N
14908,48001,48048,47,S
14915,48014,48050,36,N
14912,48010,48050,40,S
14922,48028,48052,24,N
14918,48019,48052,33,S
14929,48042,48054,12,N
14923,48028,48054,26,S
14937,48056,48056,0,N
14926,48037,48056,19,S
14932,48046,48058,12,S
14936,48055,48060,5,S
14941,48064,48064,0,S
14944,48070,48070,0,N
14946,48073,48074,1,S
14950,48082,48082,0,S
14952,48084,48084,0,N
14931,48045,48090,45,E
14933,48047,48090,43,W
14934,48052,48090,38,E
14935,48052,48090,38,W
14939,48059,48092,33,E
14938,48057,48092,35,W
14942,48066,48092,26,E
14940,48062,48092,30,W
14947,48073,48094,21,E
14943,48067,48094,27,W
14949,48080,48094,14,E
14945,48072,48094,22,W
14953,48087,48096,9,E
14948,48077,48096,19,W
14957,48094,48096,2,E
14951,48082,48096,14,W
14954,48087,48098,11,W
14956,48092,48098,6,W
14958,48097,48100,3,W
14961,48101,48102,1,E
14962,48102,48102,0,W
14964,48108,48108,0,E
14963,48107,48108,1,W
14967,48112,48112,0,W
14968,48115,48116,1,E
14969,48117,48118,1,W
14971,48122,48122,0,E
14972,48122,48122,0,W
14975,48127,48128,1,W
14976,48129,48130,1,E
14977,48132,48132,0,W
14979,48136,48136,0,E
14980,48137,48138,1,W
14982,48142,48142,0,W
14983,48143,48144,1,E
14985,48147,48148,1,W
14959,48098,48150,52,N
14955,48091,48150,59,S
14966,48112,48152,40,N
14960,48100,48152,52,S
14973,48126,48154,28,N
14965,48109,48154,45,S
14981,48140,48156,16,N
14970,48118,48156,38,S
14988,48154,48158,4,N
14974,48127,48158,31,S
14978,48136,48160,24,S
14984,48145,48162,17,S
14989,48154,48164,10,S
14993,48163,48166,3,S
14996,48168,48168,0,N
14998,48172,48172,0,S
15003,48182,48182,0,N
15002,48181,48182,1,S
15007,48190,48190,0,S
14986,48150,48196,46,E
14987,48152,48196,44,W
14990,48157,48196,39,E
14991,48157,48196,39,W
14994,48164,48198,34,E
14992,48162,48198,36,W
14997,48171,48198,27,E
14995,48167,48198,31,W
15001,48178,48200,22,E
14999,48172,48200,28,W
15005,48185,48200,15,E
15000,48177,48200,23,W
15008,48192,48202,10,E
15004,48182,48202,20,W
15013,48199,48202,3,E
15006,48187,48202,15,W
15009,48192,48204,12,W
15011,48197,48204,7,W
15015,48206,48206,0,E
15014,48202,48206,4,W
15016,48207,48208,1,W
15019,48212,48212,0,W
15020,48213,48214,1,E
15022,48217,48218,1,W
15023,48220,48220,0,E
15024,48222,48222,0,W
15027,48227,48228,1,E
15028,48227,48228,1,W
15029,48232,48232,0,W
15030,48234,48234,0,E
15032,48237,48238,1,W
15034,48241,48242,1,E
15035,48242,48242,0,W
15038,48248,48248,0,E
15037,48247,48248,1,W
15040,48252,48252,0,W
15010,48196,48256,60,N
15012,48199,48256,57,S
15018,48210,48258,48,N
15017,48208,48258,50,S
15025,48224,48260,36,N
15021,48217,48260,43,S
15033,48238,48262,24,N
15026,48226,48262,36,S
15039,48252,48264,12,N
15031,48235,48264,29,S
15047,48266,48266,0,N
15036,48244,48266,22,S
15041,48253,48268,15,S
15044,48262,48270,8,S
15050,48271,48272,1,S
15054,48280,48280,0,N
15055,48280,48280,0,S
15059,48289,48290,1,S
15062,48294,48294,0,N
15065,48298,48298,0,S
15042,48255,48300,45,E
15043,48257,48300,43,W
15045,48262,48300,38,E
15046,48262,48300,38,W
15049,48269,48302,33,E
15048,48267,48302,35,W
15052,48276,48302,26,E
15051,48272,48302,30,W
15057,48283,48304,21,E
15053,48277,48304,27,W
15060,48290,48304,14,E
15056,48282,48304,22,W
15063,48297,48306,9,E
15058,48287,48306,19,W
15067,48304,48306,2,E
15061,48292,48306,14,W
15064,48297,48308,11,W
15066,48302,48308,6,W
15069,48307,48310,3,W
15071,48311,48312,1,E
15072,48312,48312,0,W
15075,48318,48318,0,E
15074,48317,48318,1,W
15077,48322,48322,0,W
15079,48325,48326,1,E
15080,48327,48328,1,W
15081,48332,48332,0,E
15082,48332,48332,0,W
15085,48337,48338,1,W
15086,48339,48340,1,E
15087,48342,48342,0,W
15089,48346,48346,0,E
15090,48347,48348,1,W
15093,48352,48352,0,W
15094,48353,48354,1,E
15095,48357,48358,1,W
15070,48308,48360,52,N
15068,48307,48360,53,S
15076,48322,48362,40,N
15073,48316,48362,46,S
15084,48336,48364,28,N
15078,48325,48364,39,S
15091,48350,48366,16,N
15083,48334,48366,32,S
15099,48364,48368,4,N
15088,48343,48368,25,S
15092,48352,48370,18,S
15097,48361,48372,11,S
15102,48370,48374,4,S
15106,48378,48378,0,N
15107,48379,48380,1,S
15111,48388,48388,0,S
15113,48392,48392,0,N
15116,48397,48398,1,S
15096,48360,48406,46,E
15098,48362,48406,44,W
15100,48367,48406,39,E
15101,48367,48406,39,W
15104,48374,48408,34,E
15103,48372,48408,36,W
15108,48381,48408,27,E
15105,48377,48408,31,W
15112,48388,48410,22,E
15109,48382,48410,28,W
15115,48395,48410,15,E
15110,48387,48410,23,W
15118,48402,48412,10,E
15114,48392,48412,20,W
15123,48409,48412,3,E
15117,48397,48412,15,W
15119,48402,48414,12,W
15122,48407,48414,7,W
15126,48416,48416,0,E
15124,48412,48416,4,W
15127,48417,48418,1,W
15129,48422,48422,0,W
15130,48423,48424,1,E
15132,48427,48428,1,W
15133,48430,48430,0,E
15134,48432,48432,0,W
15137,48437,48438,1,E
15138,48437,48438,1,W
15140,48442,48442,0,W
15141,48444,48444,0,E
15142,48447,48448,1,W
15145,48451,48452,1,E
15146,48452,48452,0,W
15148,48458,48458,0,E
15147,48457,48458,1,W
15151,48462,48462,0,W
15120,48406,48466,60,N
15121,48406,48466,60,S
15128,48420,48468,48,N
15125,48415,48468,53,S
15136,48434,48470,36,N
15131,48424,48470,46,S
15143,48448,48472,24,N
15135,48433,48472,39,S
15150,48462,48474,12,N
15139,48442,48474,32,S
15157,48476,48476,0,N
15144,48451,48476,25,S
15149,48460,48478,18,S
15154,48469,48480,11,S
15159,48478,48482,4,S
15163,48487,48488,1,S
15165,48490,48490,0,N
15168,48496,48496,0,S
15172,48504,48504,0,N
15173,48505,48506,1,S
15152,48465,48510,45,E
15153,48467,48510,43,W
15155,48472,48510,38,E
15156,48472,48510,38,W
15160,48479,48512,33,E
15158,48477,48512,35,W
15162,48486,48512,26,E
15161,48482,48512,30,W
15167,48493,48514,21,E
15164,48487,48514,27,W
15170,48500,48514,14,E
15166,48492,48514,22,W
15174,48507,48516,9,E
15169,48497,48516,19,W
15178,48514,48516,2,E
15171,48502,48516,14,W
15175,48507,48518,11,W
15176,48512,48518,6,W
15179,48517,48520,3,W
15181,48521,48522,1,E
15182,48522,48522,0,W
15185,48528,48528,0,E
15184,48527,48528,1,W
15188,48532,48532,0,W
15189,48535,48536,1,E
15190,48537,48538,1,W
15192,48542,48542,0,E
15193,48542,48542,0,W
15195,48547,48548,1,W
15196,48549,48550,1,E
15198,48552,48552,0,W
15199,48556,48556,0,E
15200,48557,48558,1,W
15203,48562,48562,0,W
15204,48563,48564,1,E
15205,48567,48568,1,W
15180,48518,48570,52,N
15177,48514,48570,56,S
15186,48532,48572,40,N
15183,48523,48572,49,S
15194,48546,48574,28,N
15187,48532,48574,42,S
15202,48560,48576,16,N
15191,48541,48576,35,S
15209,48574,48578,4,N
15197,48550,48578,28,S
15201,48559,48580,21,S
15206,48568,48582,14,S
15210,48577,48584,7,S
15215,48586,48586,0,S
15217,48588,48588,0,N
15220,48595,48596,1,S
15223,48602,48602,0,N
15225,48604,48604,0,S
15230,48613,48614,1,S
15207,48570,48616,46,E
15208,48572,48616,44,W
15211,48577,48616,39,E
15212,48577,48616,39,W
15214,48584,48618,34,E
15213,48582,48618,36,W
15218,48591,48618,27,E
15216,48587,48618,31,W
15222,48598,48620,22,E
15219,48592,48620,28,W
15226,48605,48620,15,E
15221,48597,48620,23,W
15228,48612,48622,10,E
15224,48602,48622,20,W
15233,48619,48622,3,E
15227,48607,48622,15,W
15229,48612,48624,12,W
15232,48617,48624,7,W
15236,48626,48626,0,E
15235,48622,48626,4,W
15237,48627,48628,1,W
15240,48632,48632,0,W
15241,48633,48634,1,E
15242,48637,48638,1,W
15244,48640,48640,0,E
15245,48642,48642,0,W
15247,48647,48648,1,E
15248,48647,48648,1,W
15250,48652,48652,0,W
15251,48654,48654,0,E
15252,48657,48658,1,W
15255,48661,48662,1,E
15256,48662,48662,0,W
15259,48668,48668,0,E
15258,48667,48668,1,W
15261,48672,48672,0,W
15231,48616,48676,60,N
15234,48622,48676,54,S
15238,48630,48678,48,N
15239,48631,48678,47,S
15246,48644,48680,36,N
15243,48640,48680,40,S
15253,48658,48682,24,N
15249,48649,48682,33,S
15260,48672,48684,12,N
15254,48658,48684,26,S
15268,48686,48686,0,N
15257,48667,48686,19,S
15263,48676,48688,12,S
15267,48685,48690,5,S
15272,48694,48694,0,S
15275,48700,48700,0,N
15277,48703,48704,1,S
15281,48712,48712,0,S
15283,48714,48714,0,N
15262,48675,48720,45,E
15264,48677,48720,43,W
15265,48682,48720,38,E
15266,48682,48720,38,W
15270,48689,48722,33,E
15269,48687,48722,35,W
15273,48696,48722,26,E
15271,48692,48722,30,W
15278,48703,48724,21,E
15274,48697,48724,27,W
15280,48710,48724,14,E
15276,48702,48724,22,W
15284,48717,48726,9,E
15279,48707,48726,19,W
15288,48724,48726,2,E
15282,48712,48726,14,W
15285,48717,48728,11,W
15287,48722,48728,6,W
15289,48727,48730,3,W
15292,48731,48732,1,E
15293,48732,48732,0,W
15295,48738,48738,0,E
15294,48737,48738,1,W
15298,48742,48742,0,W
15299,48745,48746,1,E
15300,48747,48748,1,W
15302,48752,48752,0,E
15303,48752,48752,0,W
15306,48757,48758,1,W
15307,48759,48760,1,E
15308,48762,48762,0,W
15310,48766,48766,0,E
15311,48767,48768,1,W
15313,48772,48772,0,W
15314,48773,48774,1,E
15316,48777,48778,1,W
15290,48728,48780,52,N
15286,48721,48780,59,S
15297,48742,48782,40,N
15291,48730,48782,52,S
15304,48756,48784,28,N
15296,48739,48784,45,S
15312,48770,48786,16,N
15301,48748,48786,38,S
15319,48784,48788,4,N
15305,48757,48788,31,S
15309,48766,48790,24,S
15315,48775,48792,17,S
15320,48784,48794,10,S
15324,48793,48796,3,S
15327,48798,48798,0,N
15329,48802,48802,0,S
15334,48812,48812,0,N
15333,48811,48812,1,S
15338,48820,48820,0,S
15317,48780,48826,46,E
15318,48782,48826,44,W
15321,48787,48826,39,E
15322,48787,48826,39,W
15325,48794,48828,34,E
15323,48792,48828,36,W
15328,48801,48828,27,E
15326,48797,48828,31,W
15332,48808,48830,22,E
15330,48802,48830,28,W
15336,48815,48830,15,E
15331,48807,48830,23,W
15339,48822,48832,10,E
15335,48812,48832,20,W
15344,48829,48832,3,E
15337,48817,48832,15,W
15340,48822,48834,12,W
15342,48827,48834,7,W
15346,48836,48836,0,E
15345,48832,48836,4,W
15347,48837,48838,1,W
15350,48842,48842,0,W
15351,48843,48844,1,E
15353,48847,48848,1,W
15354,48850,48850,0,E
15355,48852,48852,0,W
15358,48857,48858,1,E
15359,48857,48858,1,W
15360,48862,48862,0,W
15361,48864,48864,0,E
15363,48867,48868,1,W
15365,48871,48872,1,E
15366,48872,48872,0,W
15369,48878,48878,0,E
15368,48877,48878,1,W
15371,48882,48882,0,W
15341,48826,48886,60,N
15343,48829,48886,57,S
15349,48840,48888,48,N
15348,48838,48888,50,S
15356,48854,48890,36,N
15352,48847,48890,43,S
15364,48868,48892,24,N
15357,48856,48892,36,S
15370,48882,48894,12,N
15362,48865,48894,29,S
15378,48896,48896,0,N
15367,48874,48896,22,S
15372,48883,48898,15,S
15375,48892,48900,8,S
15381,48901,48902,1,S
15385,48910,48910,0,N
15386,48910,48910,0,S
15390,48919,48920,1,S
15393,48924,48924,0,N
15396,48928,48928,0,S
15373,48885,48930,45,E
15374,48887,48930,43,W
15376,48892,48930,38,E
15377,48892,48930,38,W
15380,48899,48932,33,E
15379,48897,48932,35,W
15383,48906,48932,26,E
15382,48902,48932,30,W
15388,48913,48934,21,E
15384,48907,48934,27,W
15391,48920,48934,14,E
15387,48912,48934,22,W
15394,48927,48936,9,E
15389,48917,48936,19,W
15398,48934,48936,2,E
15392,48922,48936,14,W
15395,48927,48938,11,W
15397,48932,48938,6,W
15400,48937,48940,3,W
15402,48941,48942,1,E
15403,48942,48942,0,W
15406,48948,48948,0,E
15405,48947,48948,1,W
15408,48952,48952,0,W
15410,48955,48956,1,E
15411,48957,48958,1,W
15412,48962,48962,0,E
15413,48962,48962,0,W
15416,48967,48968,1,W
15417,48969,48970,1,E
15418,48972,48972,0,W
15420,48976,48976,0,E
15421,48977,48978,1,W
15424,48982,48982,0,W
15425,48983,48984,1,E
15426,48987,48988,1,W
15401,48938,48990,52,N
15399,48937,48990,53,S
15407,48952,48992,40,N
15404,48946,48992,46,S
15415,48966,48994,28,N
15409,48955,48994,39,S
15422,48980,48996,16,N
15414,48964,48996,32,S
15430,48994,48998,4,N
15419,48973,48998,25,S
15423,48982,49000,18,S
15428,48991,49002,11,S
15433,49000,49004,4,S
15437,49008,49008,0,N
15438,49009,49010,1,S
15442,49018,49018,0,S
15444,49022,49022,0,N
15447,49027,49028,1,S
15427,48990,49036,46,E
15429,48992,49036,44,W
15431,48997,49036,39,E
15432,48997,49036,39,W
15435,49004,49038,34,E
15434,49002,49038,36,W
15439,49011,49038,27,E
15436,49007,49038,31,W
15443,49018,49040,22,E
15440,49012,49040,28,W
15446,49025,49040,15,E
15441,49017,49040,23,W
15449,49032,49042,10,E
15445,49022,49042,20,W
15454,49039,49042,3,E
15448,49027,49042,15,W
15450,49032,49044,12,W
15453,49037,49044,7,W
15457,49046,49046,0,E
15455,49042,49046,4,W
15458,49047,49048,1,W
15460,49052,49052,0,W
15461,49053,49054,1,E
15463,49057,49058,1,W
15464,49060,49060,0,E
15465,49062,49062,0,W
15468,49067,49068,1,E
15469,49067,49068,1,W
15471,49072,49072,0,W
15472,49074,49074,0,E
15473,49077,49078,1,W
15476,49081,49082,1,E
15477,49082,49082,0,W
15479,49088,49088,0,E
15478,49087,49088,1,W
15482,49092,49092,0,W
15451,49036,49096,60,N
15452,49036,49096,60,S
15459,49050,49098,48,N
15456,49045,49098,53,S
15467,49064,49100,36,N
15462,49054,49100,46,S
15474,49078,49102,24,N
15466,49063,49102,39,S
15481,49092,49104,12,N
15470,49072,49104,32,S
15488,49106,49106,0,N
15475,49081,49106,25,S
15480,49090,49108,18,S
15485,49099,49110,11,S
15490,49108,49112,4,S
15494,49117,49118,1,S
15496,49120,49120,0,N
15499,49126,49126,0,S
15503,49134,49134,0,N
15504,49135,49136,1,S
15483,49095,49140,45,E
15484,49097,49140,43,W
15486,49102,49140,38,E
15487,49102,49140,38,W
15491,49109,49142,33,E
15489,49107,49142,35,W
15493,49116,49142,26,E
15492,49112,49142,30,W
15498,49123,49144,21,E
15495,49117,49144,27,W
15501,49130,49144,14,E
15497,49122,49144,22,W
15505,49137,49146,9,E
15500,49127,49146,19,W
15509,49144,49146,2,E
15502,49132,49146,14,W
15506,49137,49148,11,W
15507,49142,49148,6,W
15510,49147,49150,3,W
15512,49151,49152,1,E
15513,49152,49152,0,W
15516,49158,49158,0,E
15515,49157,49158,1,W
15519,49162,49162,0,W
15520,49165,49166,1,E
15521,49167,49168,1,W
15523,49172,49172,0,E
15524,49172,49172,0,W
15526,49177,49178,1,W
15527,49179,49180,1,E
15529,49182,49182,0,W
15530,49186,49186,0,E
15531,49187,49188,1,W
15534,49192,49192,0,W
15535,49193,49194,1,E
15536,49197,49198,1,W
15511,49148,49200,52,N
15508,49144,49200,56,S
15517,49162,49202,40,N
15514,49153,49202,49,S
15525,49176,49204,28,N
15518,49162,49204,42,S
15533,49190,49206,16,N
15522,49171,49206,35,S
15540,49204,49208,4,N
15528,49180,49208,28,S
15532,49189,49210,21,S
15537,49198,49212,14,S
15541,49207,49214,7,S
15546,49216,49216,0,S
15548,49218,49218,0,N
15551,49225,49226,1,S
15554,49232,49232,0,N
15556,49234,49234,0,S
15561,49243,49244,1,S
15538,49200,49246,46,E
15539,49202,49246,44,W
15542,49207,49246,39,E
15543,49207,49246,39,W
15545,49214,49248,34,E
15544,49212,49248,36,W
15549,49221,49248,27,E
15547,49217,49248,31,W
15553,49228,49250,22,E
15550,49222,49250,28,W
15557,49235,49250,15,E
15552,49227,49250,23,W
15559,49242,49252,10,E
15555,49232,49252,20,W
15564,49249,49252,3,E
15558,49237,49252,15,W
15560,49242,49254,12,W
15563,49247,49254,7,W
15567,49256,49256,0,E
15566,49252,49256,4,W
15568,49257,49258,1,W
15571,49262,49262,0,W
15572,49263,49264,1,E
15573,49267,49268,1,W
15575,49270,49270,0,E
15576,49272,49272,0,W
15578,49277,49278,1,E
15579,49277,49278,1,W
15581,49282,49282,0,W
15582,49284,49284,0,E
15583,49287,49288,1,W
15586,49291,49292,1,E
15587,49292,49292,0,W
15590,49298,49298,0,E
15589,49297,49298,1,W
15592,49302,49302,0,W
15562,49246,49306,60,N
15565,49252,49306,54,S
15569,49260,49308,48,N
15570,49261,49308,47,S
15577,49274,49310,36,N
15574,49270,49310,40,S
15584,49288,49312,24,N
15580,49279,49312,33,S
15591,49302,49314,12,N
15585,49288,49314,26,S
15599,49316,49316,0,N
15588,49297,49316,19,S
15594,49306,49318,12,S
15598,49315,49320,5,S
15603,49324,49324,0,S
15606,49330,49330,0,N
15608,49333,49334,1,S
15612,49342,49342,0,S
15614,49344,49344,0,N
15593,49305,49350,45,E
15595,49307,49350,43,W
15596,49312,49350,38,E
15597,49312,49350,38,W
15601,49319,49352,33,E
15600,49317,49352,35,W
15604,49326,49352,26,E
15602,49322,49352,30,W
15609,49333,49354,21,E
15605,49327,49354,27,W
15611,49340,49354,14,E
15607,49332,49354,22,W
15615,49347,49356,9,E
15610,49337,49356,19,W
15619,49354,49356,2,E
15613,49342,49356,14,W
15616,49347,49358,11,W
15618,49352,49358,6,W
15620,49357,49360,3,W
15623,49361,49362,1,E
15624,49362,49362,0,W
15626,49368,49368,0,E
15625,49367,49368,1,W
15629,49372,49372,0,W
15630,49375,49376,1,E
15631,49377,49378,1,W
15633,49382,49382,0,E
15634,49382,49382,0,W
15637,49387,49388,1,W
15638,49389,49390,1,E
15639,49392,49392,0,W
15641,49396,49396,0,E
15642,49397,49398,1,W
15644,49402,49402,0,W
15645,49403,49404,1,E
15647,49407,49408,1,W
15621,49358,49410,52,N
15617,49351,49410,59,S
15628,49372,49412,40,N
15622,49360,49412,52,S
15635,49386,49414,28,N
15627,49369,49414,45,S
15643,49400,49416,16,N
15632,49378,49416,38,S
15650,49414,49418,4,N
15636,49387,49418,31,S
15640,49396,49420,24,S
15646,49405,49422,17,S
15651,49414,49424,10,S
15655,49423,49426,3,S
15658,49428,49428,0,N
15660,49432,49432,0,S
15665,49442,49442,0,N
15664,49441,49442,1,S
15669,49450,49450,0,S
15648,49410,49456,46,E
15649,49412,49456,44,W
15652,49417,49456,39,E
15653,49417,49456,39,W
15656,49424,49458,34,E
15654,49422,49458,36,W
15659,49431,49458,27,E
15657,49427,49458,31,W
15663,49438,49460,22,E
15661,49432,49460,28,W
15667,49445,49460,15,E
15662,49437,49460,23,W
15670,49452,49462,10,E
15666,49442,49462,20,W
15675,49459,49462,3,E
15668,49447,49462,15,W
15671,49452,49464,12,W
15673,49457,49464,7,W
15677,49466,49466,0,E
15676,49462,49466,4,W
15678,49467,49468,1,W
15681,49472,49472,0,W
15682,49473,49474,1,E
15684,49477,49478,1,W
15685,49480,49480,0,E
15686,49482,49482,0,W
15689,49487,49488,1,E
15690,49487,49488,1,W
15691,49492,49492,0,W
15692,49494,49494,0,E
15694,49497,49498,1,W
15696,49501,49502,1,E
15697,49502,49502,0,W
15700,49508,49508,0,E
15699,49507,49508,1,W
15702,49512,49512,0,W
15672,49456,49516,60,N
15674,49459,49516,57,S
15680,49470,49518,48,N
15679,49468,49518,50,S
15687,49484,49520,36,N
15683,49477,49520,43,S
15695,49498,49522,24,N
15688,49486,49522,36,S
15701,49512,49524,12,N
15693,49495,49524,29,S
15709,49526,49526,0,N
15698,49504,49526,22,S
15703,49513,49528,15,S
15706,49522,49530,8,S
15712,49531,49532,1,S
15716,49540,49540,0,N
15717,49540,49540,0,S
15721,49549,49550,1,S
15724,49554,49554,0,N
15727,49558,49558,0,S
15704,49515,49560,45,E
15705,49517,49560,43,W
15707,49522,49560,38,E
15708,49522,49560,38,W
15711,49529,49562,33,E
15710,49527,49562,35,W
15714,49536,49562,26,E
15713,49532,49562,30,W
15719,49543,49564,21,E
15715,49537,49564,27,W
15722,49550,49564,14,E
15718,49542,49564,22,W
15725,49557,49566,9,E
15720,49547,49566,19,W
15729,49564,49566,2,E
15723,49552,49566,14,W
15726,49557,49568,11,W
15728,49562,49568,6,W
15731,49567,49570,3,W
15733,49571,49572,1,E
15734,49572,49572,0,W
15737,49578,49578,0,E
15736,49577,49578,1,W
15739,49582,49582,0,W
15741,49585,49586,1,E
15742,49587,49588,1,W
15743,49592,49592,0,E
15744,49592,49592,0,W
15747,49597,49598,1,W
15748,49599,49600,1,E
15749,49602,49602,0,W
15751,49606,49606,0,E
15752,49607,49608,1,W
15755,49612,49612,0,W
15756,49613,49614,1,E
15757,49617,49618,1,W
15732,49568,49620,52,N
15730,49567,49620,53,S
15738,49582,49622,40,N
15735,49576,49622,46,S
15746,49596,49624,28,N
15740,49585,49624,39,S
15753,49610,49626,16,N
15745,49594,49626,32,S
15761,49624,49628,4,N
15750,49603,49628,25,S
15754,49612,49630,18,S
15759,49621,49632,11,S
15764,49630,49634,4,S
15768,49638,49638,0,N
15769,49639,49640,1,S
15773,49648,49648,0,S
15775,49652,49652,0,N
15778,49657,49658,1,S
15758,49620,49666,46,E
15760,49622,49666,44,W
15762,49627,49666,39,E
15763,49627,49666,39,W
15766,49634,49668,34,E
15765,49632,49668,36,W
15770,49641,49668,27,E
15767,49637,49668,31,W
15774,49648,49670,22,E
15771,49642,49670,28,W
15777,49655,49670,15,E
15772,49647,49670,23,W
15780,49662,49672,10,E
15776,49652,49672,20,W
15785,49669,49672,3,E
15779,49657,49672,15,W
15781,49662,49674,12,W
15784,49667,49674,7,W
15788,49676,49676,0,E
15786,49672,49676,4,W
15789,49677,49678,1,W
15791,49682,49682,0,W
15792,49683,49684,1,E
15794,49687,49688,1,W
15795,49690,49690,0,E
15796,49692,49692,0,W
15799,49697,49698,1,E
15800,49697,49698,1,W
15802,49702,49702,0,W
15803,49704,49704,0,E
15804,49707,49708,1,W
15807,49711,49712,1,E
15808,49712,49712,0,W
15810,49718,49718,0,E
15809,49717,49718,1,W
15813,49722,49722,0,W
15782,49666,49726,60,N
15783,49666,49726,60,S
15790,49680,49728,48,N
15787,49675,49728,53,S
15798,49694,49730,36,N
15793,49684,49730,46,S
15805,49708,49732,24,N
15797,49693,49732,39,S
15812,49722,49734,12,N
15801,49702,49734,32,S
15819,49736,49736,0,N
15806,49711,49736,25,S
15811,49720,49738,18,S
15816,49729,49740,11,S
15821,49738,49742,4,S
15825,49747,49748,1,S
15827,49750,49750,0,N
15830,49756,49756,0,S
15834,49764,49764,0,N
15835,49765,49766,1,S
15814,49725,49770,45,E
15815,49727,49770,43,W
15817,49732,49770,38,E
15818,49732,49770,38,W
15822,49739,49772,33,E
15820,49737,49772,35,W
15824,49746,49772,26,E
15823,49742,49772,30,W
15829,49753,49774,21,E
15826,49747,49774,27,W
15832,49760,49774,14,E
15828,49752,49774,22,W
15836,49767,49776,9,E
15831,49757,49776,19,W
15840,49774,49776,2,E
15833,49762,49776,14,W
15837,49767,49778,11,W
15838,49772,49778,6,W
15841,49777,49780,3,W
15843,49781,49782,1,E
15844,49782,49782,0,W
15847,49788,49788,0,E
15846,49787,49788,1,W
15850,49792,49792,0,W
15851,49795,49796,1,E
15852,49797,49798,1,W
15854,49802,49802,0,E
15855,49802,49802,0,W
15857,49807,49808,1,W
15858,49809,49810,1,E
15860,49812,49812,0,W
15861,49816,49816,0,E
15862,49817,49818,1,W
15865,49822,49822,0,W
15866,49823,49824,1,E
15867,49827,49828,1,W
15842,49778,49830,52,N
15839,49774,49830,56,S
15848,49792,49832,40,N
15845,49783,49832,49,S
15856,49806,49834,28,N
15849,49792,49834,42,S
15864,49820,49836,16,N
15853,49801,49836,35,S
15871,49834,49838,4,N
15859,49810,49838,28,S
15863,49819,49840,21,S
15868,49828,49842,14,S
15872,49837,49844,7,S
15877,49846,49846,0,S
15879,49848,49848,0,N
15882,49855,49856,1,S
15885,49862,49862,0,N
15887,49864,49864,0,S
15892,49873,49874,1,S
15869,49830,49876,46,E
15870,49832,49876,44,W
15873,49837,49876,39,E
15874,49837,49876,39,W
15876,49844,49878,34,E
15875,49842,49878,36,W
15880,49851,49878,27,E
15878,49847,49878,31,W
15884,49858,49880,22,E
15881,49852,49880,28,W
15888,49865,49880,15,E
15883,49857,49880,23,W
15890,49872,49882,10,E
15886,49862,49882,20,W
15895,49879,49882,3,E
15889,49867,49882,15,W
15891,49872,49884,12,W
15894,49877,49884,7,W
15898,49886,49886,0,E
15897,49882,49886,4,W
15899,49887,49888,1,W
15902,49892,49892,0,W
15903,49893,49894,1,E
15904,49897,49898,1,W
15906,49900,49900,0,E
15907,49902,49902,0,W
15909,49907,49908,1,E
15910,49907,49908,1,W
15912,49912,49912,0,W
15913,49914,49914,0,E
15914,49917,49918,1,W
15917,49921,49922,1,E
15918,49922,49922,0,W
15921,49928,49928,0,E
15920,49927,49928,1,W
15923,49932,49932,0,W
15893,49876,49936,60,N
15896,49882,49936,54,S
15900,49890,49938,48,N
15901,49891,49938,47,S
15908,49904,49940,36,N
15905,49900,49940,40,S
15915,49918,49942,24,N
15911,49909,49942,33,S
15922,49932,49944,12,N
15916,49918,49944,26,S
15930,49946,49946,0,N
15919,49927,49946,19,S
15925,49936,49948,12,S
15929,49945,49950,5,S
15934,49954,49954,0,S
15937,49960,49960,0,N
15939,49963,49964,1,S
15943,49972,49972,0,S
15945,49974,49974,0,N
15924,49935,49980,45,E
15926,49937,49980,43,W
15927,49942,49980,38,E
15928,49942,49980,38,W
15932,49949,49982,33,E
15931,49947,49982,35,W
15935,49956,49982,26,E
15933,49952,49982,30,W
15940,49963,49984,21,E
15936,49957,49984,27,W
15942,49970,49984,14,E
15938,49962,49984,22,W
15946,49977,49986,9,E
15941,49967,49986,19,W
15950,49984,49986,2,E
15944,49972,49986,14,W
15947,49977,49988,11,W
15949,49982,49988,6,W
15951,49987,49990,3,W
15954,49991,49992,1,E
15955,49992,49992,0,W
15957,49998,49998,0,E
15956,49997,49998,1,W
15960,50002,50002,0,W
15961,50005,50006,1,E
15962,50007,50008,1,W
15964,50012,50012,0,E
15965,50012,50012,0,W
15968,50017,50018,1,W
15969,50019,50020,1,E
15970,50022,50022,0,W
15972,50026,50026,0,E
15973,50027,50028,1,W
15975,50032,50032,0,W
15976,50033,50034,1,E
15978,50037,50038,1,W
15952,49988,50040,52,N
15948,49981,50040,59,S
15959,50002,50042,40,N
15953,49990,50042,52,S
15966,50016,50044,28,N
15958,49999,50044,45,S
15974,50030,50046,16,N
15963,50008,50046,38,S
15981,50044,50048,4,N
15967,50017,50048,31,S
15971,50026,50050,24,S
15977,50035,50052,17,S
15982,50044,50054,10,S
15986,50053,50056,3,S
15989,50058,50058,0,N
15991,50062,50062,0,S
15996,50072,50072,0,N
15995,50071,50072,1,S
16000,50080,50080,0,S
15979,50040,50086,46,E
15980,50042,50086,44,W
15983,50047,50086,39,E
15984,50047,50086,39,W
15987,50054,50088,34,E
15985,50052,50088,36,W
15990,50061,50088,27,E
15988,50057,50088,31,W
15994,50068,50090,22,E
15992,50062,50090,28,W
15998,50075,50090,15,E
15993,50067,50090,23,W
16001,50082,50092,10,E
15997,50072,50092,20,W
16006,50089,50092,3,E
15999,50077,50092,15,W
16002,50082,50094,12,W
16004,50087,50094,7,W
16008,50096,50096,0,E
16007,50092,50096,4,W
16009,50097,50098,1,W
16012,50102,50102,0,W
16013,50103,50104,1,E
16015,50107,50108,1,W
16016,50110,50110,0,E
16017,50112,50112,0,W
16020,50117,50118,1,E
16021,50117,50118,1,W
16022,50122,50122,0,W
16023,50124,50124,0,E
16025,50127,50128,1,W
16027,50131,50132,1,E
16028,50132,50132,0,W
16031,50138,50138,0,E
16030,50137,50138,1,W
16033,50142,50142,0,W
16003,50086,50146,60,N
16005,50089,50146,57,S
16011,50100,50148,48,N
16010,50098,50148,50,S
16018,50114,50150,36,N
16014,50107,50150,43,S
16026,50128,50152,24,N
16019,50116,50152,36,S
16032,50142,50154,12,N
16024,50125,50154,29,S
16040,50156,50156,0,N
16029,50134,50156,22,S
16034,50143,50158,15,S
16037,50152,50160,8,S
16043,50161,50162,1,S
16047,50170,50170,0,N
16048,50170,50170,0,S
16052,50179,50180,1,S
16055,50184,50184,0,N
16058,50188,50188,0,S
16035,50145,50190,45,E
16036,50147,50190,43,W
16038,50152,50190,38,E
16039,50152,50190,38,W
16042,50159,50192,33,E
16041,50157,50192,35,W
16045,50166,50192,26,E
16044,50162,50192,30,W
16050,50173,50194,21,E
16046,50167,50194,27,W
16053,50180,50194,14,E
16049,50172,50194,22,W
16056,50187,50196,9,E
16051,50177,50196,19,W
16060,50194,50196,2,E
16054,50182,50196,14,W
16057,50187,50198,11,W
16059,50192,50198,6,W
16062,50197,50200,3,W
16064,50201,50202,1,E
16065,50202,50202,0,W
16068,50208,50208,0,E
16067,50207,50208,1,W
16070,50212,50212,0,W
16072,50215,50216,1,E
16073,50217,50218,1,W
16074,50222,50222,0,E
16075,50222,50222,0,W
16078,50227,50228,1,W
16079,50229,50230,1,E
16080,50232,50232,0,W
16082,50236,50236,0,E
16083,50237,50238,1,W
16086,50242,50242,0,W
16087,50243,50244,1,E
16088,50247,50248,1,W
16063,50198,50250,52,N
16061,50197,50250,53,S
16069,50212,50252,40,N
16066,50206,50252,46,S
16077,50226,50254,28,N
16071,50215,50254,39,S
16084,50240,50256,16,N
16076,50224,50256,32,S
16092,50254,50258,4,N
16081,50233,50258,25,S
16085,50242,50260,18,S
16090,50251,50262,11,S
16095,50260,50264,4,S
16099,50268,50268,0,N
16100,50269,50270,1,S
16104,50278,50278,0,S
16106,50282,50282,0,N
16109,50287,50288,1,S
16089,50250,50296,46,E
16091,50252,50296,44,W
16093,50257,50296,39,E
16094,50257,50296,39,W
16097,50264,50298,34,E
16096,50262,50298,36,W
16101,50271,50298,27,E
16098,50267,50298,31,W
16105,50278,50300,22,E
16102,50272,50300,28,W
16108,50285,50300,15,E
16103,50277,50300,23,W
16111,50292,50302,10,E
16107,50282,50302,20,W
16116,50299,50302,3,E
16110,50287,50302,15,W
16112,50292,50304,12,W
16115,50297,50304,7,W
16119,50306,50306,0,E
16117,50302,50306,4,W
16120,50307,50308,1,W
16122,50312,50312,0,W
16123,50313,50314,1,E
16125,50317,50318,1,W
16126,50320,50320,0,E
16127,50322,50322,0,W
16130,50327,50328,1,E
16131,50327,50328,1,W
16133,50332,50332,0,W
16134,50334,50334,0,E
16135,50337,50338,1,W
16138,50341,50342,1,E
16139,50342,50342,0,W
16141,50348,50348,0,E
16140,50347,50348,1,W
16144,50352,50352,0,W
16113,50296,50356,60,N
16114,50296,50356,60,S
16121,50310,50358,48,N
16118,50305,50358,53,S
16129,50324,50360,36,N
16124,50314,50360,46,S
16136,50338,50362,24,N
16128,50323,50362,39,S
16143,50352,50364,12,N
16132,50332,50364,32,S
16150,50366,50366,0,N
16137,50341,50366,25,S
16142,50350,50368,18,S
16147,50359,50370,11,S
16152,50368,50372,4,S
16156,50377,50378,1,S
16158,50380,50380,0,N
16161,50386,50386,0,S
16165,50394,50394,0,N
16166,50395,50396,1,S
16145,50355,50400,45,E
16146,50357,50400,43,W
16148,50362,50400,38,E
16149,50362,50400,38,W
16153,50369,50402,33,E
16151,50367,50402,35,W
16155,50376,50402,26,E
16154,50372,50402,30,W
16160,50383,50404,21,E
16157,50377,50404,27,W
16163,50390,50404,14,E
16159,50382,50404,22,W
16167,50397,50406,9,E
16162,50387,50406,19,W
16171,50404,50406,2,E
16164,50392,50406,14,W
16168,50397,50408,11,W
16169,50402,50408,6,W
16174,50410,50410,0,E
16172,50407,50410,3,W
16176,50412,50412,0,W
16177,50416,50416,0,E
16178,50417,50418,1,W
16181,50422,50422,0,E
16182,50422,50422,0,W
16185,50428,50428,0,E
16183,50427,50428,1,W
16186,50432,50432,0,W
16188,50434,50434,0,E
16190,50437,50438,1,W
16191,50440,50440,0,E
16192,50442,50442,0,W
16194,50446,50446,0,E
16196,50447,50448,1,W
16198,50452,50452,0,E
16199,50452,50452,0,W
16201,50458,50458,0,E
16200,50457,50458,1,W
16173,50408,50460,52,N
16170,50404,50460,56,S
16180,50421,50462,41,N
16175,50412,50462,50,S
16187,50434,50464,30,N
16179,50420,50464,44,S
16195,50447,50466,19,N
16184,50428,50466,38,S
16202,50460,50468,8,N
16189,50436,50468,32,S
16193,50444,50470,26,S
16197,50452,50472,20,S
16210,50473,50474,1,N
16203,50460,50474,14,S
16207,50468,50476,8,S
16211,50476,50478,2,S
16216,50484,50484,0,S
16217,50486,50486,0,N
16220,50492,50492,0,S
16224,50499,50500,1,N
16225,50500,50500,0,S
16205,50464,50506,42,E
16204,50462,50506,44,W
16208,50470,50506,36,E
16206,50467,50506,39,W
16212,50476,50508,32,E
16209,50472,50508,36,W
16214,50482,50508,26,E
16213,50477,50508,31,W
16219,50488,50510,22,E
16215,50482,50510,28,W
16222,50494,50510,16,E
16218,50487,50510,23,W
16226,50500,50512,12,E
16221,50492,50512,20,W
16228,50506,50512,6,E
16223,50497,50512,15,W
16232,50512,50514,2,E
16227,50502,50514,12,W
16229,50507,50514,7,W
16233,50512,50516,4,W
16236,50518,50518,0,E
16235,50517,50518,1,W
16237,50522,50522,0,W
16239,50524,50524,0,E
16241,50527,50528,1,W
16242,50530,50530,0,E
16244,50532,50532,0,W
16245,50536,50536,0,E
16246,50537,50538,1,W
16249,50542,50542,0,E
16250,50542,50542,0,W
16253,50548,50548,0,E
16251,50547,50548,1,W
16255,50552,50552,0,W
16256,50554,50554,0,E
16258,50557,50558,1,W
16259,50560,50560,0,E
16260,50562,50562,0,W
16231,50512,50566,54,N
16230,50508,50566,58,S
16240,50525,50568,43,N
16234,50516,50568,52,S
16247,50538,50570,32,N
16238,50524,50570,46,S
16254,50551,50572,21,N
16243,50532,50572,40,S
16261,50564,50574,10,N
16248,50540,50574,34,S
16252,50548,50576,28,S
16268,50577,50578,1,N
16257,50556,50578,22,S
16262,50564,50580,16,S
16265,50572,50582,10,S
16271,50580,50584,4,S
16275,50588,50588,0,S
16276,50590,50590,0,N
16279,50596,50596,0,S
16284,50603,50604,1,N
16285,50604,50604,0,S
16263,50566,50610,44,E
16264,50567,50610,43,W
16266,50572,50610,38,E
16267,50572,50610,38,W
16270,50578,50612,34,E
16269,50577,50612,35,W
16273,50584,50612,28,E
16272,50582,50612,30,W
16277,50590,50614,24,E
16274,50587,50614,27,W
16280,50596,50614,18,E
16278,50592,50614,22,W
16282,50602,50616,14,E
16281,50597,50616,19,W
16287,50608,50616,8,E
16283,50602,50616,14,W
16290,50614,50618,4,E
16286,50607,50618,11,W
16289,50612,50618,6,W
16294,50620,50620,0,E
16292,50617,50620,3,W
16295,50622,50622,0,W
16296,50626,50626,0,E
16297,50627,50628,1,W
16300,50632,50632,0,E
16301,50632,50632,0,W
16304,50638,50638,0,E
16303,50637,50638,1,W
16306,50642,50642,0,W
16308,50644,50644,0,E
16309,50647,50648,1,W
16310,50650,50650,0,E
16312,50652,50652,0,W
16314,50656,50656,0,E
16315,50657,50658,1,W
16317,50662,50662,0,E
16318,50662,50662,0,W
16322,50668,50668,0,E
16319,50667,50668,1,W
16291,50616,50670,54,N
16288,50612,50670,58,S
16299,50629,50672,43,N
16293,50620,50672,52,S
16305,50642,50674,32,N
16298,50628,50674,46,S
16313,50655,50676,21,N
16302,50636,50676,40,S
16320,50668,50678,10,N
16307,50644,50678,34,S
16311,50652,50680,28,S
16328,50681,50682,1,N
16316,50660,50682,22,S
16321,50668,50684,16,S
16325,50676,50686,10,S
16330,50684,50688,4,S
16333,50692,50692,0,S
16336,50694,50694,0,N
16339,50700,50700,0,S
16342,50707,50708,1,N
16344,50708,50708,0,S
16324,50674,50716,42,E
16323,50672,50716,44,W
16327,50680,50716,36,E
16326,50677,50716,39,W
16331,50686,50718,32,E
16329,50682,50718,36,W
16334,50692,50718,26,E
16332,50687,50718,31,W
16338,50698,50720,22,E
16335,50692,50720,28,W
16341,50704,50720,16,E
16337,50697,50720,23,W
16345,50710,50722,12,E
16340,50702,50722,20,W
16348,50716,50722,6,E
16343,50707,50722,15,W
16351,50722,50724,2,E
16346,50712,50724,12,W
16349,50717,50724,7,W
16352,50722,50726,4,W
16355,50728,50728,0,E
16354,50727,50728,1,W
16357,50732,50732,0,W
16359,50734,50734,0,E
16360,50737,50738,1,W
16362,50740,50740,0,E
16363,50742,50742,0,W
16365,50746,50746,0,E
16366,50747,50748,1,W
16368,50752,50752,0,E
16369,50752,50752,0,W
16372,50758,50758,0,E
16371,50757,50758,1,W
16374,50762,50762,0,W
16376,50764,50764,0,E
16377,50767,50768,1,W
16378,50770,50770,0,E
16381,50772,50772,0,W
16350,50720,50776,56,N
16347,50716,50776,60,S
16358,50733,50778,45,N
16353,50724,50778,54,S
16364,50746,50780,34,N
16356,50732,50780,48,S
16373,50759,50782,23,N
16361,50740,50782,42,S
16379,50772,50784,12,N
16367,50748,50784,36,S
16387,50785,50786,1,N
16370,50756,50786,30,S
16375,50764,50788,24,S
16380,50772,50790,18,S
16384,50780,50792,12,S
16389,50788,50794,6,S
16393,50796,50796,0,S
16395,50798,50798,0,N
16398,50804,50804,0,S
16401,50811,50812,1,N
16402,50812,50812,0,S
16382,50776,50820,44,E
16383,50777,50820,43,W
16385,50782,50820,38,E
16386,50782,50820,38,W
16390,50788,50822,34,E
16388,50787,50822,35,W
16392,50794,50822,28,E
16391,50792,50822,30,W
16396,50800,50824,24,E
16394,50797,50824,27,W
16399,50806,50824,18,E
16397,50802,50824,22,W
16403,50812,50826,14,E
16400,50807,50826,19,W
16406,50818,50826,8,E
16404,50812,50826,14,W
16410,50824,50828,4,E
16405,50817,50828,11,W
16408,50822,50828,6,W
16413,50830,50830,0,E
16411,50827,50830,3,W
16414,50832,50832,0,W
16416,50836,50836,0,E
16418,50837,50838,1,W
16419,50842,50842,0,E
16420,50842,50842,0,W
16423,50848,50848,0,E
16422,50847,50848,1,W
16426,50852,50852,0,W
16427,50854,50854,0,E
16428,50857,50858,1,W
16430,50860,50860,0,E
16431,50862,50862,0,W
16433,50866,50866,0,E
16434,50867,50868,1,W
16436,50872,50872,0,E
16437,50872,50872,0,W
16441,50878,50878,0,E
16440,50877,50878,1,W
16409,50824,50880,56,N
16407,50820,50880,60,S
16417,50837,50882,45,N
16412,50828,50882,54,S
16424,50850,50884,34,N
16415,50836,50884,48,S
16432,50863,50886,23,N
16421,50844,50886,42,S
16438,50876,50888,12,N
16425,50852,50888,36,S
16446,50889,50890,1,N
16429,50860,50890,30,S
16435,50868,50892,24,S
16439,50876,50894,18,S
16443,50884,50896,12,S
16448,50892,50898,6,S
16452,50900,50900,0,S
16453,50902,50902,0,N
16457,50908,50908,0,S
16461,50915,50916,1,N
16462,50916,50916,0,S
16466,50924,50924,0,S
16444,50884,50926,42,E
16442,50882,50926,44,W
16447,50890,50926,36,E
16445,50887,50926,39,W
16450,50896,50928,32,E
16449,50892,50928,36,W
16454,50902,50928,26,E
16451,50897,50928,31,W
16458,50908,50930,22,E
16455,50902,50930,28,W
16460,50914,50930,16,E
16456,50907,50930,23,W
16464,50920,50932,12,E
16459,50912,50932,20,W
16467,50926,50932,6,E
16463,50917,50932,15,W
16471,50932,50934,2,E
16465,50922,50934,12,W
16468,50927,50934,7,W
16472,50932,50936,4,W
16474,50938,50938,0,E
16473,50937,50938,1,W
16477,50942,50942,0,W
16478,50944,50944,0,E
16479,50947,50948,1,W
16481,50950,50950,0,E
16482,50952,50952,0,W
16485,50956,50956,0,E
16486,50957,50958,1,W
16487,50962,50962,0,E
16488,50962,50962,0,W
16492,50968,50968,0,E
16491,50967,50968,1,W
16494,50972,50972,0,W
16495,50974,50974,0,E
16496,50977,50978,1,W
16499,50980,50980,0,E
16500,50982,50982,0,W
16469,50928,50986,58,N
16470,50932,50986,54,S
16476,50941,50988,47,N
16475,50940,50988,48,S
16483,50954,50990,36,N
16480,50948,50990,42,S
16490,50967,50992,25,N
16484,50956,50992,36,S
16497,50980,50994,14,N
16489,50964,50994,30,S
16506,50993,50996,3,N
16493,50972,50996,24,S
16498,50980,50998,18,S
16503,50988,51000,12,S
16507,50996,51002,6,S
16511,51004,51004,0,S
16513,51006,51006,0,N
16516,51012,51012,0,S
16520,51019,51020,1,N
16521,51020,51020,0,S
16525,51028,51028,0,S
16501,50986,51030,44,E
16502,50987,51030,43,W
16504,50992,51030,38,E
16505,50992,51030,38,W
16509,50998,51032,34,E
16508,50997,51032,35,W
16512,51004,51032,28,E
16510,51002,51032,30,W
16515,51010,51034,24,E
16514,51007,51034,27,W
16518,51016,51034,18,E
16517,51012,51034,22,W
16522,51022,51036,14,E
16519,51017,51036,19,W
16526,51028,51036,8,E
16523,51022,51036,14,W
16529,51034,51038,4,E
16524,51027,51038,11,W
16528,51032,51038,6,W
16532,51040,51040,0,E
16531,51037,51040,3,W
16533,51042,51042,0,W
16536,51046,51046,0,E
16537,51047,51048,1,W
16539,51052,51052,0,E
16540,51052,51052,0,W
16543,51058,51058,0,E
16541,51057,51058,1,W
16545,51062,51062,0,W
16546,51064,51064,0,E
16547,51067,51068,1,W
16549,51070,51070,0,E
16551,51072,51072,0,W
16553,51076,51076,0,E
16554,51077,51078,1,W
16555,51082,51082,0,E
16556,51082,51082,0,W
16560,51088,51088,0,E
16559,51087,51088,1,W
16527,51032,51090,58,N
16530,51036,51090,54,S
16535,51045,51092,47,N
16534,51044,51092,48,S
16542,51058,51094,36,N
16538,51052,51094,42,S
16550,51071,51096,25,N
16544,51060,51096,36,S
16557,51084,51098,14,N
16548,51068,51098,30,S
16564,51097,51100,3,N
16552,51076,51100,24,S
16558,51084,51102,18,S
16561,51092,51104,12,S
16566,51100,51106,6,S
16571,51108,51108,0,S
16572,51110,51110,0,N
16575,51116,51116,0,S
16579,51123,51124,1,N
16580,51124,51124,0,S
16584,51132,51132,0,S
16563,51094,51136,42,E
16562,51092,51136,44,W
16567,51100,51136,36,E
16565,51097,51136,39,W
16569,51106,51138,32,E
16568,51102,51138,36,W
16573,51112,51138,26,E
16570,51107,51138,31,W
16577,51118,51140,22,E
16574,51112,51140,28,W
16581,51124,51140,16,E
16576,51117,51140,23,W
16583,51130,51142,12,E
16578,51122,51142,20,W
16587,51136,51142,6,E
16582,51127,51142,15,W
16590,51142,51144,2,E
16585,51132,51144,12,W
16588,51137,51144,7,W
16591,51142,51146,4,W
16594,51148,51148,0,E
16592,51147,51148,1,W
16596,51152,51152,0,W
16597,51154,51154,0,E
16599,51157,51158,1,W
16600,51160,51160,0,E
16602,51162,51162,0,W
16604,51166,51166,0,E
16605,51167,51168,1,W
16607,51172,51172,0,E
16608,51172,51172,0,W
16611,51178,51178,0,E
16610,51177,51178,1,W
16613,51182,51182,0,W
16614,51184,51184,0,E
16615,51187,51188,1,W
16618,51190,51190,0,E
16619,51192,51192,0,W
16586,51136,51196,60,N
16589,51140,51196,56,S
16595,51149,51198,49,N
16593,51148,51198,50,S
16601,51162,51200,38,N
16598,51156,51200,44,S
16609,51175,51202,27,N
16603,51164,51202,38,S
16616,51188,51204,16,N
16606,51172,51204,32,S
16623,51201,51206,5,N
16612,51180,51206,26,S
16617,51188,51208,20,S
16620,51196,51210,14,S
16626,51204,51212,8,S
16631,51214,51214,0,N
16629,51212,51214,2,S
16634,51220,51220,0,S
16638,51227,51228,1,N
16640,51228,51228,0,S
16643,51236,51236,0,S
16621,51196,51240,44,E
16622,51197,51240,43,W
16624,51202,51240,38,E
16625,51202,51240,38,W
16628,51208,51242,34,E
16627,51207,51242,35,W
16632,51214,51242,28,E
16630,51212,51242,30,W
16635,51220,51244,24,E
16633,51217,51244,27,W
16637,51226,51244,18,E
16636,51222,51244,22,W
16641,51232,51246,14,E
16639,51227,51246,19,W
16645,51238,51246,8,E
16642,51232,51246,14,W
16649,51244,51248,4,E
16644,51237,51248,11,W
16647,51242,51248,6,W
16651,51250,51250,0,E
16650,51247,51250,3,W
16653,51252,51252,0,W
16655,51256,51256,0,E
16656,51257,51258,1,W
16658,51262,51262,0,E
16659,51262,51262,0,W
16663,51268,51268,0,E
16661,51267,51268,1,W
16664,51272,51272,0,W
16665,51274,51274,0,E
16667,51277,51278,1,W
16669,51280,51280,0,E
16670,51282,51282,0,W
16672,51286,51286,0,E
16673,51287,51288,1,W
16676,51292,51292,0,E
16677,51292,51292,0,W
16679,51298,51298,0,E
16678,51297,51298,1,W
16646,51240,51300,60,N
16648,51244,51300,56,S
16654,51253,51302,49,N
16652,51252,51302,50,S
16660,51266,51304,38,N
16657,51260,51304,44,S
16668,51279,51306,27,N
16662,51268,51306,38,S
16674,51292,51308,16,N
16666,51276,51308,32,S
16683,51305,51310,5,N
16671,51284,51310,26,S
16675,51292,51312,20,S
16680,51300,51314,14,S
16685,51308,51316,8,S
16691,51318,51318,0,N
16688,51316,51318,2,S
16694,51324,51324,0,S
16697,51331,51332,1,N
16698,51332,51332,0,S
16702,51340,51340,0,S
16705,51344,51344,0,N
16682,51304,51346,42,E
16681,51302,51346,44,W
16686,51310,51346,36,E
16684,51307,51346,39,W
16689,51316,51348,32,E
16687,51312,51348,36,W
16692,51322,51348,26,E
16690,51317,51348,31,W
16696,51328,51350,22,E
16693,51322,51350,28,W
16700,51334,51350,16,E
16695,51327,51350,23,W
16703,51340,51352,12,E
16699,51332,51352,20,W
16706,51346,51352,6,E
16701,51337,51352,15,W
16709,51352,51354,2,E
16704,51342,51354,12,W
16707,51347,51354,7,W
16710,51352,51356,4,W
16714,51358,51358,0,E
16713,51357,51358,1,W
16715,51362,51362,0,W
16717,51364,51364,0,E
16718,51367,51368,1,W
16720,51370,51370,0,E
16722,51372,51372,0,W
16723,51376,51376,0,E
16724,51377,51378,1,W
16726,51382,51382,0,E
16727,51382,51382,0,W
16731,51388,51388,0,E
16729,51387,51388,1,W
16732,51392,51392,0,W
16733,51394,51394,0,E
16736,51397,51398,1,W
16737,51400,51400,0,E
16738,51402,51402,0,W
16712,51357,51406,49,N
16708,51348,51406,58,S
16719,51370,51408,38,N
16711,51356,51408,52,S
16728,51383,51410,27,N
16716,51364,51410,46,S
16734,51396,51412,16,N
16721,51372,51412,40,S
16742,51409,51414,5,N
16725,51380,51414,34,S
16730,51388,51416,28,S
16735,51396,51418,22,S
16739,51404,51420,16,S
16749,51422,51422,0,N
16743,51412,51422,10,S
16748,51420,51424,4,S
16753,51428,51428,0,S
16756,51435,51436,1,N
16757,51436,51436,0,S
16762,51444,51444,0,S
16764,51448,51448,0,N
16740,51406,51450,44,E
16741,51407,51450,43,W
16744,51412,51450,38,E
16745,51412,51450,38,W
16747,51418,51452,34,E
16746,51417,51452,35,W
16751,51424,51452,28,E
16750,51422,51452,30,W
16754,51430,51454,24,E
16752,51427,51454,27,W
16758,51436,51454,18,E
16755,51432,51454,22,W
16760,51442,51456,14,E
16759,51437,51456,19,W
16765,51448,51456,8,E
16761,51442,51456,14,W
16768,51454,51458,4,E
16763,51447,51458,11,W
16767,51452,51458,6,W
16771,51460,51460,0,E
16769,51457,51460,3,W
16773,51462,51462,0,W
16774,51466,51466,0,E
16775,51467,51468,1,W
16777,51472,51472,0,E
16778,51472,51472,0,W
16782,51478,51478,0,E
16781,51477,51478,1,W
16783,51482,51482,0,W
16785,51484,51484,0,E
16787,51487,51488,1,W
16788,51490,51490,0,E
16790,51492,51492,0,W
16791,51496,51496,0,E
16792,51497,51498,1,W
16795,51502,51502,0,E
16796,51502,51502,0,W
16799,51508,51508,0,E
16797,51507,51508,1,W
16772,51461,51510,49,N
16766,51452,51510,58,S
16779,51474,51512,38,N
16770,51460,51512,52,S
16786,51487,51514,27,N
16776,51468,51514,46,S
16793,51500,51516,16,N
16780,51476,51516,40,S
16801,51513,51518,5,N
16784,51484,51518,34,S
16789,51492,51520,28,S
16794,51500,51522,22,S
16798,51508,51524,16,S
16808,51526,51526,0,N
16803,51516,51526,10,S
16807,51524,51528,4,S
16811,51532,51532,0,S
16816,51539,51540,1,N
16817,51540,51540,0,S
16821,51548,51548,0,S
16823,51552,51552,0,N
16802,51514,51556,42,E
16800,51512,51556,44,W
16805,51520,51556,36,E
16804,51517,51556,39,W
16809,51526,51558,32,E
16806,51522,51558,36,W
16812,51532,51558,26,E
16810,51527,51558,31,W
16815,51538,51560,22,E
16813,51532,51560,28,W
16819,51544,51560,16,E
16814,51537,51560,23,W
16822,51550,51562,12,E
16818,51542,51562,20,W
16826,51556,51562,6,E
16820,51547,51562,15,W
16828,51562,51564,2,E
16824,51552,51564,12,W
16827,51557,51564,7,W
16829,51562,51566,4,W
16833,51568,51568,0,E
16832,51567,51568,1,W
16835,51572,51572,0,W
16836,51574,51574,0,E
16837,51577,51578,1,W
16840,51580,51580,0,E
16841,51582,51582,0,W
16842,51586,51586,0,E
16843,51587,51588,1,W
16846,51592,51592,0,E
16847,51592,51592,0,W
16850,51598,51598,0,E
16849,51597,51598,1,W
16851,51602,51602,0,W
16854,51604,51604,0,E
16855,51607,51608,1,W
16856,51610,51610,0,E
16858,51612,51612,0,W
16831,51565,51616,51,N
16825,51556,51616,60,S
16838,51578,51618,40,N
16830,51564,51618,54,S
16845,51591,51620,29,N
16834,51572,51620,48,S
16852,51604,51622,18,N
16839,51580,51622,42,S
16860,51617,51624,7,N
16844,51588,51624,36,S
16848,51596,51626,30,S
16853,51604,51628,24,S
16868,51630,51630,0,N
16857,51612,51630,18,S
16862,51620,51632,12,S
16866,51628,51634,6,S
16871,51636,51636,0,S
16875,51643,51644,1,N
16876,51644,51644,0,S
16879,51652,51652,0,S
16882,51656,51656,0,N
16859,51616,51660,44,E
16861,51617,51660,43,W
16863,51622,51660,38,E
16864,51622,51660,38,W
16867,51628,51662,34,E
16865,51627,51662,35,W
16870,51634,51662,28,E
16869,51632,51662,30,W
16873,51640,51664,24,E
16872,51637,51664,27,W
16877,51646,51664,18,E
16874,51642,51664,22,W
16880,51652,51666,14,E
16878,51647,51666,19,W
16884,51658,51666,8,E
16881,51652,51666,14,W
16887,51664,51668,4,E
16883,51657,51668,11,W
16886,51662,51668,6,W
16891,51670,51670,0,E
16888,51667,51670,3,W
16892,51672,51672,0,W
16894,51676,51676,0,E
16895,51677,51678,1,W
16897,51682,51682,0,E
16898,51682,51682,0,W
16901,51688,51688,0,E
16900,51687,51688,1,W
16903,51692,51692,0,W
16904,51694,51694,0,E
16906,51697,51698,1,W
16908,51700,51700,0,E
16909,51702,51702,0,W
16910,51706,51706,0,E
16911,51707,51708,1,W
16914,51712,51712,0,E
16915,51712,51712,0,W
16918,51718,51718,0,E
16917,51717,51718,1,W
16890,51669,51720,51,N
16885,51660,51720,60,S
16896,51682,51722,40,N
16889,51668,51722,54,S
16905,51695,51724,29,N
16893,51676,51724,48,S
16912,51708,51726,18,N
16899,51684,51726,42,S
16919,51721,51728,7,N
16902,51692,51728,36,S
16907,51700,51730,30,S
16913,51708,51732,24,S
16927,51734,51734,0,N
16916,51716,51734,18,S
16921,51724,51736,12,S
16925,51732,51738,6,S
16930,51740,51740,0,S
16933,51747,51748,1,N
16935,51748,51748,0,S
16939,51756,51756,0,S
16941,51760,51760,0,N
16944,51764,51764,0,S
16922,51724,51766,42,E
16920,51722,51766,44,W
16924,51730,51766,36,E
16923,51727,51766,39,W
16928,51736,51768,32,E
16926,51732,51768,36,W
16931,51742,51768,26,E
16929,51737,51768,31,W
16936,51748,51770,22,E
16932,51742,51770,28,W
16938,51754,51770,16,E
16934,51747,51770,23,W
16942,51760,51772,12,E
16937,51752,51772,20,W
16945,51766,51772,6,E
16940,51757,51772,15,W
16948,51772,51774,2,E
16943,51762,51774,12,W
16946,51767,51774,7,W
16949,51772,51776,4,W
16952,51778,51778,0,E
16951,51777,51778,1,W
16954,51782,51782,0,W
16955,51784,51784,0,E
16957,51787,51788,1,W
16959,51790,51790,0,E
16960,51792,51792,0,W
16962,51796,51796,0,E
16963,51797,51798,1,W
16965,51802,51802,0,E
16966,51802,51802,0,W
16969,51808,51808,0,E
16968,51807,51808,1,W
16972,51812,51812,0,W
16973,51814,51814,0,E
16974,51817,51818,1,W
16976,51820,51820,0,E
16977,51822,51822,0,W
16950,51773,51826,53,N
16947,51772,51826,54,S
16956,51786,51828,42,N
16953,51780,51828,48,S
16964,51799,51830,31,N
16958,51788,51830,42,S
16970,51812,51832,20,N
16961,51796,51832,36,S
16978,51825,51834,9,N
16967,51804,51834,30,S
16971,51812,51836,24,S
16986,51838,51838,0,N
16975,51820,51838,18,S
16981,51828,51840,12,S
16984,51836,51842,6,S
16989,51844,51844,0,S
16993,51851,51852,1,N
16994,51852,51852,0,S
16998,51860,51860,0,S
17001,51864,51864,0,N
17003,51868,51868,0,S
16979,51826,51870,44,E
16980,51827,51870,43,W
16982,51832,51870,38,E
16983,51832,51870,38,W
16987,51838,51872,34,E
16985,51837,51872,35,W
16990,51844,51872,28,E
16988,51842,51872,30,W
16992,51850,51874,24,E
16991,51847,51874,27,W
16996,51856,51874,18,E
16995,51852,51874,22,W
16999,51862,51876,14,E
16997,51857,51876,19,W
17004,51868,51876,8,E
17000,51862,51876,14,W
17006,51874,51878,4,E
17002,51867,51878,11,W
17005,51872,51878,6,W
17010,51880,51880,0,E
17009,51877,51880,3,W
17011,51882,51882,0,W
17013,51886,51886,0,E
17014,51887,51888,1,W
17017,51892,51892,0,E
17018,51892,51892,0,W
17020,51898,51898,0,E
17019,51897,51898,1,W
17022,51902,51902,0,W
17024,51904,51904,0,E
17025,51907,51908,1,W
17027,51910,51910,0,E
17028,51912,51912,0,W
17031,51916,51916,0,E
17032,51917,51918,1,W
17033,51922,51922,0,E
17034,51922,51922,0,W
17037,51928,51928,0,E
17036,51927,51928,1,W
17008,51877,51930,53,N
17007,51876,51930,54,S
17015,51890,51932,42,N
17012,51884,51932,48,S
17023,51903,51934,31,N
17016,51892,51934,42,S
17029,51916,51936,20,N
17021,51900,51936,36,S
17038,51929,51938,9,N
17026,51908,51938,30,S
17030,51916,51940,24,S
17045,51942,51942,0,N
17035,51924,51942,18,S
17039,51932,51944,12,S
17043,51940,51946,6,S
17049,51948,51948,0,S
17052,51955,51956,1,N
17053,51956,51956,0,S
17057,51964,51964,0,S
17060,51968,51968,0,N
17062,51972,51972,0,S
17041,51934,51976,42,E
17040,51932,51976,44,W
17044,51940,51976,36,E
17042,51937,51976,39,W
17047,51946,51978,32,E
17046,51942,51978,36,W
17050,51952,51978,26,E
17048,51947,51978,31,W
17055,51958,51980,22,E
17051,51952,51980,28,W
17058,51964,51980,16,E
17054,51957,51980,23,W
17061,51970,51982,12,E
17056,51962,51982,20,W
17064,51976,51982,6,E
17059,51967,51982,15,W
17068,51982,51984,2,E
17063,51972,51984,12,W
17065,51977,51984,7,W
17069,51982,51986,4,W
17072,51988,51988,0,E
17070,51987,51988,1,W
17073,51992,51992,0,W
17075,51994,51994,0,E
17077,51997,51998,1,W
17078,52000,52000,0,E
17079,52002,52002,0,W
17081,52006,52006,0,E
17083,52007,52008,1,W
17085,52012,52012,0,E
17086,52012,52012,0,W
17088,52018,52018,0,E
17087,52017,52018,1,W
17091,52022,52022,0,W
17092,52024,52024,0,E
17093,52027,52028,1,W
17095,52030,52030,0,E
17096,52032,52032,0,W
17067,51981,52036,55,N
17066,51980,52036,56,S
17074,51994,52038,44,N
17071,51988,52038,50,S
17082,52007,52040,33,N
17076,51996,52040,44,S
17089,52020,52042,22,N
17080,52004,52042,38,S
17097,52033,52044,11,N
17084,52012,52044,32,S
17104,52046,52046,0,N
17090,52020,52046,26,S
17094,52028,52048,20,S
17098,52036,52050,14,S
17103,52044,52052,8,S
17107,52052,52054,2,S
17111,52059,52060,1,N
17112,52060,52060,0,S
17117,52068,52068,0,S
17118,52072,52072,0,N
17121,52076,52076,0,S
17099,52036,52080,44,E
17100,52037,52080,43,W
17101,52042,52080,38,E
17102,52042,52080,38,W
17106,52048,52082,34,E
17105,52047,52082,35,W
17109,52054,52082,28,E
17108,52052,52082,30,W
17113,52060,52084,24,E
17110,52057,52084,27,W
17115,52066,52084,18,E
17114,52062,52084,22,W
17119,52072,52086,14,E
17116,52067,52086,19,W
17123,52078,52086,8,E
17120,52072,52086,14,W
17126,52084,52088,4,E
17122,52077,52088,11,W
17124,52082,52088,6,W
17129,52090,52090,0,E
17128,52087,52090,3,W
17131,52092,52092,0,W
17132,52096,52096,0,E
17133,52097,52098,1,W
17136,52102,52102,0,E
17137,52102,52102,0,W
17140,52108,52108,0,E
17138,52107,52108,1,W
17142,52112,52112,0,W
17143,52114,52114,0,E
17145,52117,52118,1,W
17146,52120,52120,0,E
17147,52122,52122,0,W
17150,52126,52126,0,E
17151,52127,52128,1,W
17153,52132,52132,0,E
17154,52132,52132,0,W
17157,52138,52138,0,E
17156,52137,52138,1,W
17127,52085,52140,55,N
17125,52084,52140,56,S
17134,52098,52142,44,N
17130,52092,52142,50,S
17141,52111,52144,33,N
17135,52100,52144,44,S
17148,52124,52146,22,N
17139,52108,52146,38,S
17155,52137,52148,11,N
17144,52116,52148,32,S
17163,52150,52150,0,N
17149,52124,52150,26,S
17152,52132,52152,20,S
17158,52140,52154,14,S
17162,52148,52156,8,S
17166,52156,52158,2,S
17171,52163,52164,1,N
17172,52164,52164,0,S
17175,52172,52172,0,S
17178,52176,52176,0,N
17180,52180,52180,0,S
17160,52144,52186,42,E
17159,52142,52186,44,W
17164,52150,52186,36,E
17161,52147,52186,39,W
17167,52156,52188,32,E
17165,52152,52188,36,W
17169,52162,52188,26,E
17168,52157,52188,31,W
17174,52168,52190,22,E
17170,52162,52190,28,W
17177,52174,52190,16,E
17173,52167,52190,23,W
17181,52180,52192,12,E
17176,52172,52192,20,W
17183,52186,52192,6,E
17179,52177,52192,15,W
17187,52192,52194,2,E
17182,52182,52194,12,W
17184,52187,52194,7,W
17188,52192,52196,4,W
17191,52198,52198,0,E
17190,52197,52198,1,W
17193,52202,52202,0,W
17195,52204,52204,0,E
17196,52207,52208,1,W
17197,52210,52210,0,E
17199,52212,52212,0,W
17201,52216,52216,0,E
17202,52217,52218,1,W
17204,52222,52222,0,E
17205,52222,52222,0,W
17209,52228,52228,0,E
17206,52227,52228,1,W
17210,52232,52232,0,W
17211,52234,52234,0,E
17213,52237,52238,1,W
17214,52240,52240,0,E
17216,52242,52242,0,W
17186,52189,52246,57,N
17185,52188,52246,58,S
17192,52202,52248,46,N
17189,52196,52248,52,S
17200,52215,52250,35,N
17194,52204,52250,46,S
17207,52228,52252,24,N
17198,52212,52252,40,S
17215,52241,52254,13,N
17203,52220,52254,34,S
17223,52254,52256,2,N
17208,52228,52256,28,S
17212,52236,52258,22,S
17217,52244,52260,16,S
17220,52252,52262,10,S
17226,52260,52264,4,S
17229,52267,52268,1,N
17231,52268,52268,0,S
17234,52276,52276,0,S
17237,52280,52280,0,N
17240,52284,52284,0,S
17218,52246,52290,44,E
17219,52247,52290,43,W
17221,52252,52290,38,E
17222,52252,52290,38,W
17225,52258,52292,34,E
17224,52257,52292,35,W
17228,52264,52292,28,E
17227,52262,52292,30,W
17232,52270,52294,24,E
17230,52267,52294,27,W
17235,52276,52294,18,E
17233,52272,52294,22,W
17238,52282,52296,14,E
17236,52277,52296,19,W
17242,52288,52296,8,E
17239,52282,52296,14,W
17246,52294,52298,4,E
17241,52287,52298,11,W
17244,52292,52298,6,W
17249,52300,52300,0,E
17247,52297,52300,3,W
17250,52302,52302,0,W
17252,52306,52306,0,E
17253,52307,52308,1,W
17255,52312,52312,0,E
17256,52312,52312,0,W
17259,52318,52318,0,E
17258,52317,52318,1,W
17261,52322,52322,0,W
17263,52324,52324,0,E
17264,52327,52328,1,W
17265,52330,52330,0,E
17268,52332,52332,0,W
17269,52336,52336,0,E
17270,52337,52338,1,W
17272,52342,52342,0,E
17273,52342,52342,0,W
17277,52348,52348,0,E
17275,52347,52348,1,W
17245,52293,52350,57,N
17243,52292,52350,58,S
17251,52306,52352,46,N
17248,52300,52352,52,S
17260,52319,52354,35,N
17254,52308,52354,46,S
17266,52332,52356,24,N
17257,52316,52356,40,S
17274,52345,52358,13,N
17262,52324,52358,34,S
17282,52358,52360,2,N
17267,52332,52360,28,S
17271,52340,52362,22,S
17276,52348,52364,16,S
17280,52356,52366,10,S
17285,52364,52368,4,S
17288,52371,52372,1,N
17289,52372,52372,0,S
17294,52380,52380,0,S
17296,52384,52384,0,N
17299,52388,52388,0,S
17279,52354,52396,42,E
17278,52352,52396,44,W
17283,52360,52396,36,E
17281,52357,52396,39,W
17286,52366,52398,32,E
17284,52362,52398,36,W
17290,52372,52398,26,E
17287,52367,52398,31,W
17293,52378,52400,22,E
17291,52372,52400,28,W
17297,52384,52400,16,E
17292,52377,52400,23,W
17300,52390,52402,12,E
17295,52382,52402,20,W
17303,52396,52402,6,E
17298,52387,52402,15,W
17306,52402,52404,2,E
17301,52392,52404,12,W
17305,52397,52404,7,W
17307,52402,52406,4,W
17310,52408,52408,0,E
17309,52407,52408,1,W
17313,52412,52412,0,W
17314,52414,52414,0,E
17315,52417,52418,1,W
17317,52420,52420,0,E
17318,52422,52422,0,W
17320,52426,52426,0,E
17321,52427,52428,1,W
17323,52432,52432,0,E
17324,52432,52432,0,W
17328,52438,52438,0,E
17327,52437,52438,1,W
17329,52442,52442,0,W
17331,52444,52444,0,E
17332,52447,52448,1,W
17334,52450,52450,0,E
17336,52452,52452,0,W
17304,52397,52456,59,N
17302,52396,52456,60,S
17311,52410,52458,48,N
17308,52404,52458,54,S
17319,52423,52460,37,N
17312,52412,52460,48,S
17325,52436,52462,26,N
17316,52420,52462,42,S
17333,52449,52464,15,N
17322,52428,52464,36,S
17340,52462,52466,4,N
17326,52436,52466,30,S
17330,52444,52468,24,S
17335,52452,52470,18,S
17339,52460,52472,12,S
17344,52468,52474,6,S
17348,52475,52476,1,N
17349,52476,52476,0,S
17353,52484,52484,0,S
17356,52488,52488,0,N
17357,52492,52492,0,S
17337,52456,52500,44,E
17338,52457,52500,43,W
17341,52462,52500,38,E
17342,52462,52500,38,W
17345,52468,52502,34,E
17343,52467,52502,35,W
17347,52474,52502,28,E
17346,52472,52502,30,W
17351,52480,52504,24,E
17350,52477,52504,27,W
17354,52486,52504,18,E
17352,52482,52504,22,W
17358,52492,52506,14,E
17355,52487,52506,19,W
17361,52498,52506,8,E
17359,52492,52506,14,W
17365,52504,52508,4,E
17360,52497,52508,11,W
17364,52502,52508,6,W
17368,52510,52510,0,E
17366,52507,52510,3,W
17369,52512,52512,0,W
17372,52516,52516,0,E
17373,52517,52518,1,W
17374,52522,52522,0,E
17375,52522,52522,0,W
17379,52528,52528,0,E
17378,52527,52528,1,W
17381,52532,52532,0,W
17382,52534,52534,0,E
17383,52537,52538,1,W
17386,52540,52540,0,E
17387,52542,52542,0,W
17388,52546,52546,0,E
17389,52547,52548,1,W
17391,52552,52552,0,E
17392,52552,52552,0,W
17396,52558,52558,0,E
17395,52557,52558,1,W
17363,52501,52560,59,N
17362,52500,52560,60,S
17370,52514,52562,48,N
17367,52508,52562,54,S
17377,52527,52564,37,N
17371,52516,52564,48,S
17384,52540,52566,26,N
17376,52524,52566,42,S
17393,52553,52568,15,N
17380,52532,52568,36,S
17400,52566,52570,4,N
17385,52540,52570,30,S
17390,52548,52572,24,S
17394,52556,52574,18,S
17398,52564,52576,12,S
17403,52572,52578,6,S
17407,52579,52580,1,N
17408,52580,52580,0,S
17412,52588,52588,0,S
17414,52592,52592,0,N
17417,52596,52596,0,S
17421,52604,52604,0,S
17399,52564,52606,42,E
17397,52562,52606,44,W
17402,52570,52606,36,E
17401,52567,52606,39,W
17405,52576,52608,32,E
17404,52572,52608,36,W
17409,52582,52608,26,E
17406,52577,52608,31,W
17413,52588,52610,22,E
17410,52582,52610,28,W
17416,52594,52610,16,E
17411,52587,52610,23,W
17419,52600,52612,12,E
17415,52592,52612,20,W
17423,52606,52612,6,E
17418,52597,52612,15,W
17426,52612,52614,2,E
17420,52602,52614,12,W
17424,52607,52614,7,W
17427,52612,52616,4,W
17430,52618,52618,0,E
17428,52617,52618,1,W
17432,52622,52622,0,W
17433,52624,52624,0,E
17434,52627,52628,1,W
17436,52630,52630,0,E
17438,52632,52632,0,W
17440,52636,52636,0,E
17441,52637,52638,1,W
17442,52642,52642,0,E
17443,52642,52642,0,W
17447,52648,52648,0,E
17446,52647,52648,1,W
17449,52652,52652,0,W
17450,52654,52654,0,E
17452,52657,52658,1,W
17454,52660,52660,0,E
17455,52662,52662,0,W
17422,52605,52666,61,N
17425,52612,52666,54,S
17429,52618,52668,50,N
17431,52620,52668,48,S
17437,52631,52670,39,N
17435,52628,52670,42,S
17444,52644,52672,28,N
17439,52636,52672,36,S
17451,52657,52674,17,N
17445,52644,52674,30,S
17459,52670,52676,6,N
17448,52652,52676,24,S
17453,52660,52678,18,S
17458,52668,52680,12,S
17462,52676,52682,6,S
17466,52683,52684,1,N
17467,52684,52684,0,S
17471,52692,52692,0,S
17473,52696,52696,0,N
17476,52700,52700,0,S
17480,52708,52708,0,S
17456,52666,52710,44,E
17457,52667,52710,43,W
17460,52672,52710,38,E
17461,52672,52710,38,W
17464,52678,52712,34,E
17463,52677,52712,35,W
17468,52684,52712,28,E
17465,52682,52712,30,W
17470,52690,52714,24,E
17469,52687,52714,27,W
17474,52696,52714,18,E
17472,52692,52714,22,W
17477,52702,52716,14,E
17475,52697,52716,19,W
17481,52708,52716,8,E
17478,52702,52716,14,W
17484,52714,52718,4,E
17479,52707,52718,11,W
17483,52712,52718,6,W
17487,52720,52720,0,E
17486,52717,52720,3,W
17489,52722,52722,0,W
17491,52726,52726,0,E
17492,52727,52728,1,W
17494,52732,52732,0,E
17495,52732,52732,0,W
17498,52738,52738,0,E
17497,52737,52738,1,W
17500,52742,52742,0,W
17501,52744,52744,0,E
17502,52747,52748,1,W
17505,52750,52750,0,E
17506,52752,52752,0,W
17508,52756,52756,0,E
17509,52757,52758,1,W
17511,52762,52762,0,E
17512,52762,52762,0,W
17515,52768,52768,0,E
17514,52767,52768,1,W
17482,52709,52770,61,N
17485,52716,52770,54,S
17488,52722,52772,50,N
17490,52724,52772,48,S
17496,52735,52774,39,N
17493,52732,52774,42,S
17503,52748,52776,28,N
17499,52740,52776,36,S
17510,52761,52778,17,N
17504,52748,52778,30,S
17518,52774,52780,6,N
17507,52756,52780,24,S
17513,52764,52782,18,S
17516,52772,52784,12,S
17521,52780,52786,6,S
17525,52787,52788,1,N
17527,52788,52788,0,S
17530,52796,52796,0,S
17533,52800,52800,0,N
17535,52804,52804,0,S
17539,52812,52812,0,S
17541,52813,52814,1,N
17519,52774,52816,42,E
17517,52772,52816,44,W
17522,52780,52816,36,E
17520,52777,52816,39,W
17524,52786,52818,32,E
17523,52782,52818,36,W
17528,52792,52818,26,E
17526,52787,52818,31,W
17532,52798,52820,22,E
17529,52792,52820,28,W
17536,52804,52820,16,E
17531,52797,52820,23,W
17538,52810,52822,12,E
17534,52802,52822,20,W
17542,52816,52822,6,E
17537,52807,52822,15,W
17545,52822,52824,2,E
17540,52812,52824,12,W
17543,52817,52824,7,W
17546,52822,52826,4,W
17550,52828,52828,0,E
17548,52827,52828,1,W
17551,52832,52832,0,W
17552,52834,52834,0,E
17554,52837,52838,1,W
17556,52840,52840,0,E
17557,52842,52842,0,W
17559,52846,52846,0,E
17560,52847,52848,1,W
17563,52852,52852,0,E
17564,52852,52852,0,W
17566,52858,52858,0,E
17565,52857,52858,1,W
17568,52862,52862,0,W
17569,52864,52864,0,E
17571,52867,52868,1,W
17573,52870,52870,0,E
17574,52872,52872,0,W
17547,52826,52876,50,N
17544,52820,52876,56,S
17555,52839,52878,39,N
17549,52828,52878,50,S
17561,52852,52880,28,N
17553,52836,52880,44,S
17570,52865,52882,17,N
17558,52844,52882,38,S
17578,52878,52884,6,N
17562,52852,52884,32,S
17567,52860,52886,26,S
17572,52868,52888,20,S
17575,52876,52890,14,S
17584,52891,52892,1,N
17581,52884,52892,8,S
17585,52892,52894,2,S
17589,52900,52900,0,S
17592,52904,52904,0,N
17595,52908,52908,0,S
17598,52916,52916,0,S
17599,52917,52918,1,N
17576,52876,52920,44,E
17577,52877,52920,43,W
17579,52882,52920,38,E
17580,52882,52920,38,W
17583,52888,52922,34,E
17582,52887,52922,35,W
17587,52894,52922,28,E
17586,52892,52922,30,W
17590,52900,52924,24,E
17588,52897,52924,27,W
17593,52906,52924,18,E
17591,52902,52924,22,W
17596,52912,52926,14,E
17594,52907,52926,19,W
17601,52918,52926,8,E
17597,52912,52926,14,W
17604,52924,52928,4,E
17600,52917,52928,11,W
17602,52922,52928,6,W
17607,52930,52930,0,E
17605,52927,52930,3,W
17609,52932,52932,0,W
17610,52936,52936,0,E
17611,52937,52938,1,W
17613,52942,52942,0,E
17614,52942,52942,0,W
17618,52948,52948,0,E
17616,52947,52948,1,W
17619,52952,52952,0,W
17620,52954,52954,0,E
17623,52957,52958,1,W
17624,52960,52960,0,E
17625,52962,52962,0,W
17627,52966,52966,0,E
17628,52967,52968,1,W
17631,52972,52972,0,E
17632,52972,52972,0,W
17634,52978,52978,0,E
17633,52977,52978,1,W
17606,52930,52980,50,N
17603,52924,52980,56,S
17615,52943,52982,39,N
17608,52932,52982,50,S
17621,52956,52984,28,N
17612,52940,52984,44,S
17629,52969,52986,17,N
17617,52948,52986,38,S
17636,52982,52988,6,N
17622,52956,52988,32,S
17626,52964,52990,26,S
17630,52972,52992,20,S
17635,52980,52994,14,S
17643,52995,52996,1,N
17640,52988,52996,8,S
17644,52996,52998,2,S
17649,53004,53004,0,S
17651,53008,53008,0,N
17653,53012,53012,0,S
17657,53020,53020,0,S
17659,53021,53022,1,N
17638,52984,53026,42,E
17637,52982,53026,44,W
17641,52990,53026,36,E
17639,52987,53026,39,W
17645,52996,53028,32,E
17642,52992,53028,36,W
17647,53002,53028,26,E
17646,52997,53028,31,W
17652,53008,53030,22,E
17648,53002,53030,28,W
17655,53014,53030,16,E
17650,53007,53030,23,W
17658,53020,53032,12,E
17654,53012,53032,20,W
17661,53026,53032,6,E
17656,53017,53032,15,W
17664,53032,53034,2,E
17660,53022,53034,12,W
17662,53027,53034,7,W
17665,53032,53036,4,W
17669,53038,53038,0,E
17668,53037,53038,1,W
17670,53042,53042,0,W
17672,53044,53044,0,E
17674,53047,53048,1,W
17675,53050,53050,0,E
17677,53052,53052,0,W
17678,53056,53056,0,E
17679,53057,53058,1,W
17682,53062,53062,0,E
17683,53062,53062,0,W
17686,53068,53068,0,E
17684,53067,53068,1,W
17687,53072,53072,0,W
17689,53074,53074,0,E
17691,53077,53078,1,W
17692,53080,53080,0,E
17693,53082,53082,0,W
17666,53034,53086,52,N
17663,53028,53086,58,S
17673,53047,53088,41,N
17667,53036,53088,52,S
17680,53060,53090,30,N
17671,53044,53090,46,S
17688,53073,53092,19,N
17676,53052,53092,40,S
17695,53086,53094,8,N
17681,53060,53094,34,S
17685,53068,53096,28,S
17690,53076,53098,22,S
17703,53099,53100,1,N
17694,53084,53100,16,S
17698,53092,53102,10,S
17704,53100,53104,4,S
17708,53108,53108,0,S
17710,53112,53112,0,N
17712,53116,53116,0,S
17717,53124,53124,0,S
17718,53125,53126,1,N
17696,53086,53130,44,E
17697,53087,53130,43,W
17699,53092,53130,38,E
17700,53092,53130,38,W
17702,53098,53132,34,E
17701,53097,53132,35,W
17706,53104,53132,28,E
17705,53102,53132,30,W
17709,53110,53134,24,E
17707,53107,53134,27,W
17713,53116,53134,18,E
17711,53112,53134,22,W
17715,53122,53136,14,E
17714,53117,53136,19,W
17720,53128,53136,8,E
17716,53122,53136,14,W
17723,53134,53138,4,E
17719,53127,53138,11,W
17722,53132,53138,6,W
17727,53140,53140,0,E
17724,53137,53140,3,W
17728,53142,53142,0,W
17729,53146,53146,0,E
17730,53147,53148,1,W
17733,53152,53152,0,E
17734,53152,53152,0,W
17737,53158,53158,0,E
17736,53157,53158,1,W
17738,53162,53162,0,W
17741,53164,53164,0,E
17742,53167,53168,1,W
17743,53170,53170,0,E
17745,53172,53172,0,W
17746,53176,53176,0,E
17748,53177,53178,1,W
17750,53182,53182,0,E
17751,53182,53182,0,W
17754,53188,53188,0,E
17752,53187,53188,1,W
17725,53138,53190,52,N
17721,53132,53190,58,S
17732,53151,53192,41,N
17726,53140,53192,52,S
17739,53164,53194,30,N
17731,53148,53194,46,S
17747,53177,53196,19,N
17735,53156,53196,40,S
17755,53190,53198,8,N
17740,53164,53198,34,S
17744,53172,53200,28,S
17749,53180,53202,22,S
17762,53203,53204,1,N
17753,53188,53204,16,S
17758,53196,53206,10,S
17763,53204,53208,4,S
17766,53212,53212,0,S
17769,53216,53216,0,N
17772,53220,53220,0,S
17776,53228,53228,0,S
17777,53229,53230,1,N
17757,53194,53236,42,E
17756,53192,53236,44,W
17760,53200,53236,36,E
17759,53197,53236,39,W
17764,53206,53238,32,E
17761,53202,53238,36,W
17767,53212,53238,26,E
17765,53207,53238,31,W
17771,53218,53240,22,E
17768,53212,53240,28,W
17774,53224,53240,16,E
17770,53217,53240,23,W
17778,53230,53242,12,E
17773,53222,53242,20,W
17781,53236,53242,6,E
17775,53227,53242,15,W
17784,53242,53244,2,E
17779,53232,53244,12,W
17782,53237,53244,7,W
17785,53242,53246,4,W
17788,53248,53248,0,E
17787,53247,53248,1,W
17790,53252,53252,0,W
17791,53254,53254,0,E
17793,53257,53258,1,W
17795,53260,53260,0,E
17796,53262,53262,0,W
17797,53266,53266,0,E
17798,53267,53268,1,W
17801,53272,53272,0,E
17802,53272,53272,0,W
17805,53278,53278,0,E
17804,53277,53278,1,W
17807,53282,53282,0,W
17809,53284,53284,0,E
17810,53287,53288,1,W
17811,53290,53290,0,E
17813,53292,53292,0,W
17783,53242,53296,54,N
17780,53236,53296,60,S
17792,53255,53298,43,N
17786,53244,53298,54,S
17799,53268,53300,32,N
17789,53252,53300,48,S
17806,53281,53302,21,N
17794,53260,53302,42,S
17814,53294,53304,10,N
17800,53268,53304,36,S
17803,53276,53306,30,S
17820,53307,53308,1,N
17808,53284,53308,24,S
17812,53292,53310,18,S
17817,53300,53312,12,S
17822,53308,53314,6,S
17826,53316,53316,0,S
17828,53320,53320,0,N
17831,53324,53324,0,S
17834,53332,53332,0,S
17837,53333,53334,1,N
17815,53296,53340,44,E
17816,53297,53340,43,W
17818,53302,53340,38,E
17819,53302,53340,38,W
17823,53308,53342,34,E
17821,53307,53342,35,W
17825,53314,53342,28,E
17824,53312,53342,30,W
17829,53320,53344,24,E
17827,53317,53344,27,W
17832,53326,53344,18,E
17830,53322,53344,22,W
17835,53332,53346,14,E
17833,53327,53346,19,W
17839,53338,53346,8,E
17836,53332,53346,14,W
17842,53344,53348,4,E
17838,53337,53348,11,W
17841,53342,53348,6,W
17846,53350,53350,0,E
17844,53347,53350,3,W
17847,53352,53352,0,W
17849,53356,53356,0,E
17850,53357,53358,1,W
17852,53362,53362,0,E
17853,53362,53362,0,W
17856,53368,53368,0,E
17855,53367,53368,1,W
17859,53372,53372,0,W
17860,53374,53374,0,E
17861,53377,53378,1,W
17863,53380,53380,0,E
17864,53382,53382,0,W
17866,53386,53386,0,E
17867,53387,53388,1,W
17869,53392,53392,0,E
17870,53392,53392,0,W
17874,53398,53398,0,E
17872,53397,53398,1,W
17843,53346,53400,54,N
17840,53340,53400,60,S
17851,53359,53402,43,N
17845,53348,53402,54,S
17857,53372,53404,32,N
17848,53356,53404,48,S
17865,53385,53406,21,N
17854,53364,53406,42,S
17873,53398,53408,10,N
17858,53372,53408,36,S
17862,53380,53410,30,S
17880,53411,53412,1,N
17868,53388,53412,24,S
17871,53396,53414,18,S
17876,53404,53416,12,S
17881,53412,53418,6,S
17885,53420,53420,0,S
17888,53424,53424,0,N
17890,53428,53428,0,S
17894,53436,53436,0,S
17895,53437,53438,1,N
17899,53444,53444,0,S
17877,53404,53446,42,E
17875,53402,53446,44,W
17879,53410,53446,36,E
17878,53407,53446,39,W
17883,53416,53448,32,E
17882,53412,53448,36,W
17886,53422,53448,26,E
17884,53417,53448,31,W
17891,53428,53450,22,E
17887,53422,53450,28,W
17893,53434,53450,16,E
17889,53427,53450,23,W
17897,53440,53452,12,E
17892,53432,53452,20,W
17900,53446,53452,6,E
17896,53437,53452,15,W
17904,53452,53454,2,E
17898,53442,53454,12,W
17901,53447,53454,7,W
17905,53452,53456,4,W
17907,53458,53458,0,E
17906,53457,53458,1,W
17909,53462,53462,0,W
17911,53464,53464,0,E
17912,53467,53468,1,W
17914,53470,53470,0,E
17915,53472,53472,0,W
17918,53476,53476,0,E
17919,53477,53478,1,W
17920,53482,53482,0,E
17921,53482,53482,0,W
17924,53488,53488,0,E
17923,53487,53488,1,W
17927,53492,53492,0,W
17928,53494,53494,0,E
17929,53497,53498,1,W
17931,53500,53500,0,E
17933,53502,53502,0,W
17902,53450,53506,56,N
17903,53452,53506,54,S
17910,53463,53508,45,N
17908,53460,53508,48,S
17916,53476,53510,34,N
17913,53468,53510,42,S
17925,53489,53512,23,N
17917,53476,53512,36,S
17932,53502,53514,12,N
17922,53484,53514,30,S
17939,53515,53516,1,N
17926,53492,53516,24,S
17930,53500,53518,18,S
17936,53508,53520,12,S
17940,53516,53522,6,S
17944,53524,53524,0,S
17947,53528,53528,0,N
17949,53532,53532,0,S
17953,53540,53540,0,S
17954,53541,53542,1,N
17958,53548,53548,0,S
17934,53506,53550,44,E
17935,53507,53550,43,W
17937,53512,53550,38,E
17938,53512,53550,38,W
17942,53518,53552,34,E
17941,53517,53552,35,W
17945,53524,53552,28,E
17943,53522,53552,30,W
17948,53530,53554,24,E
17946,53527,53554,27,W
17951,53536,53554,18,E
17950,53532,53554,22,W
17955,53542,53556,14,E
17952,53537,53556,19,W
17959,53548,53556,8,E
17956,53542,53556,14,W
17962,53554,53558,4,E
17957,53547,53558,11,W
17960,53552,53558,6,W
17965,53560,53560,0,E
17964,53557,53560,3,W
17966,53562,53562,0,W
17968,53566,53566,0,E
17970,53567,53568,1,W
17972,53572,53572,0,E
17973,53572,53572,0,W
17975,53578,53578,0,E
17974,53577,53578,1,W
17978,53582,53582,0,W
17979,53584,53584,0,E
17980,53587,53588,1,W
17982,53590,53590,0,E
17983,53592,53592,0,W
17986,53596,53596,0,E
17987,53597,53598,1,W
17988,53602,53602,0,E
17989,53602,53602,0,W
17993,53608,53608,0,E
17992,53607,53608,1,W
17961,53554,53610,56,N
17963,53556,53610,54,S
17969,53567,53612,45,N
17967,53564,53612,48,S
17976,53580,53614,34,N
17971,53572,53614,42,S
17984,53593,53616,23,N
17977,53580,53616,36,S
17991,53606,53618,12,N
17981,53588,53618,30,S
17998,53619,53620,1,N
17985,53596,53620,24,S
17990,53604,53622,18,S
17994,53612,53624,12,S
17999,53620,53626,6,S
18004,53628,53628,0,S
18005,53632,53632,0,N
18008,53636,53636,0,S
18012,53644,53644,0,S
18014,53645,53646,1,N
18017,53652,53652,0,S
17996,53614,53656,42,E
17995,53612,53656,44,W
18000,53620,53656,36,E
17997,53617,53656,39,W
18002,53626,53658,32,E
18001,53622,53658,36,W
18006,53632,53658,26,E
18003,53627,53658,31,W
18010,53638,53660,22,E
18007,53632,53660,28,W
18013,53644,53660,16,E
18009,53637,53660,23,W
18016,53650,53662,12,E
18011,53642,53662,20,W
18019,53656,53662,6,E
18015,53647,53662,15,W
18023,53662,53664,2,E
18018,53652,53664,12,W
18020,53657,53664,7,W
18024,53662,53666,4,W
18027,53668,53668,0,E
18025,53667,53668,1,W
18029,53672,53672,0,W
18030,53674,53674,0,E
18032,53677,53678,1,W
18033,53680,53680,0,E
18034,53682,53682,0,W
18037,53686,53686,0,E
18038,53687,53688,1,W
18040,53692,53692,0,E
18041,53692,53692,0,W
18044,53698,53698,0,E
18043,53697,53698,1,W
18046,53702,53702,0,W
18047,53704,53704,0,E
18048,53707,53708,1,W
18051,53710,53710,0,E
18052,53712,53712,0,W
18021,53658,53716,58,N
18022,53660,53716,56,S
18028,53671,53718,47,N
18026,53668,53718,50,S
18035,53684,53720,36,N
18031,53676,53720,44,S
18042,53697,53722,25,N
18036,53684,53722,38,S
18050,53710,53724,14,N
18039,53692,53724,32,S
18058,53723,53726,3,N
18045,53700,53726,26,S
18049,53708,53728,20,S
18053,53716,53730,14,S
18059,53724,53732,8,S
18062,53732,53734,2,S
18065,53736,53736,0,N
18067,53740,53740,0,S
18072,53748,53748,0,S
18073,53749,53750,1,N
18076,53756,53756,0,S
18054,53716,53760,44,E
18055,53717,53760,43,W
18056,53722,53760,38,E
18057,53722,53760,38,W
18061,53728,53762,34,E
18060,53727,53762,35,W
18064,53734,53762,28,E
18063,53732,53762,30,W
18068,53740,53764,24,E
18066,53737,53764,27,W
18070,53746,53764,18,E
18069,53742,53764,22,W
18074,53752,53766,14,E
18071,53747,53766,19,W
18078,53758,53766,8,E
18075,53752,53766,14,W
18082,53764,53768,4,E
18077,53757,53768,11,W
18080,53762,53768,6,W
18084,53770,53770,0,E
18083,53767,53770,3,W
18086,53772,53772,0,W
18088,53776,53776,0,E
18089,53777,53778,1,W
18091,53782,53782,0,E
18092,53782,53782,0,W
18096,53788,53788,0,E
18093,53787,53788,1,W
18097,53792,53792,0,W
18098,53794,53794,0,E
18100,53797,53798,1,W
18101,53800,53800,0,E
18103,53802,53802,0,W
18105,53806,53806,0,E
18106,53807,53808,1,W
18108,53812,53812,0,E
18109,53812,53812,0,W
18112,53818,53818,0,E
18111,53817,53818,1,W
18079,53762,53820,58,N
18081,53764,53820,56,S
18087,53775,53822,47,N
18085,53772,53822,50,S
18094,53788,53824,36,N
18090,53780,53824,44,S
18102,53801,53826,25,N
18095,53788,53826,38,S
18110,53814,53828,14,N
18099,53796,53828,32,S
18116,53827,53830,3,N
18104,53804,53830,26,S
18107,53812,53832,20,S
18113,53820,53834,14,S
18118,53828,53836,8,S
18121,53836,53838,2,S
18124,53840,53840,0,N
18127,53844,53844,0,S
18130,53852,53852,0,S
18132,53853,53854,1,N
18135,53860,53860,0,S
18115,53824,53866,42,E
18114,53822,53866,44,W
18119,53830,53866,36,E
18117,53827,53866,39,W
18122,53836,53868,32,E
18120,53832,53868,36,W
18125,53842,53868,26,E
18123,53837,53868,31,W
18129,53848,53870,22,E
18126,53842,53870,28,W
18133,53854,53870,16,E
18128,53847,53870,23,W
18136,53860,53872,12,E
18131,53852,53872,20,W
18139,53866,53872,6,E
18134,53857,53872,15,W
18142,53872,53874,2,E
18137,53862,53874,12,W
18140,53867,53874,7,W
18143,53872,53876,4,W
18146,53878,53878,0,E
18145,53877,53878,1,W
18148,53882,53882,0,W
18150,53884,53884,0,E
18151,53887,53888,1,W
18152,53890,53890,0,E
18155,53892,53892,0,W
18156,53896,53896,0,E
18157,53897,53898,1,W
18159,53902,53902,0,E
18160,53902,53902,0,W
18164,53908,53908,0,E
18162,53907,53908,1,W
18165,53912,53912,0,W
18166,53914,53914,0,E
18168,53917,53918,1,W
18170,53920,53920,0,E
18171,53922,53922,0,W
18138,53866,53926,60,N
18141,53868,53926,58,S
18147,53879,53928,49,N
18144,53876,53928,52,S
18153,53892,53930,38,N
18149,53884,53930,46,S
18161,53905,53932,27,N
18154,53892,53932,40,S
18169,53918,53934,16,N
18158,53900,53934,34,S
18175,53931,53936,5,N
18163,53908,53936,28,S
18167,53916,53938,22,S
18172,53924,53940,16,S
18176,53932,53942,10,S
18183,53944,53944,0,N
18181,53940,53944,4,S
18186,53948,53948,0,S
18189,53956,53956,0,S
18191,53957,53958,1,N
18195,53964,53964,0,S
18173,53926,53970,44,E
18174,53927,53970,43,W
18177,53932,53970,38,E
18178,53932,53970,38,W
18180,53938,53972,34,E
18179,53937,53972,35,W
18184,53944,53972,28,E
18182,53942,53972,30,W
18187,53950,53974,24,E
18185,53947,53974,27,W
18190,53956,53974,18,E
18188,53952,53974,22,W
18193,53962,53976,14,E
18192,53957,53976,19,W
18197,53968,53976,8,E
18194,53962,53976,14,W
18201,53974,53978,4,E
18196,53967,53978,11,W
18200,53972,53978,6,W
18204,53980,53980,0,E
18202,53977,53980,3,W
18205,53982,53982,0,W
18207,53986,53986,0,E
18208,53987,53988,1,W
18210,53992,53992,0,E
18211,53992,53992,0,W
18215,53998,53998,0,E
18214,53997,53998,1,W
18216,54002,54002,0,W
18218,54004,54004,0,E
18219,54006,54006,0,W
18221,54009,54010,1,E
18222,54010,54010,0,W
18224,54014,54014,0,E
18225,54014,54014,0,W
18227,54018,54018,0,W
18228,54019,54020,1,E
18230,54022,54022,0,W
18231,54024,54024,0,E
18233,54026,54026,0,W
18198,53970,54030,60,N
18199,53972,54030,58,S
18206,53983,54032,49,N
18203,53980,54032,52,S
18212,53996,54034,38,N
18209,53988,54034,46,S
18220,54009,54036,27,N
18213,53996,54036,40,S
18229,54020,54038,18,N
18217,54004,54038,34,S
18236,54031,54040,9,N
18223,54011,54040,29,S
18243,54042,54042,0,N
18226,54018,54042,24,S
18232,54025,54044,19,S
18237,54032,54046,14,S
18241,54039,54048,9,S
18246,54046,54050,4,S
18250,54053,54054,1,N
18251,54053,54054,1,S
18256,54060,54060,0,S
18258,54064,54064,0,N
18261,54067,54068,1,S
18264,54074,54074,0,S
18234,54029,54076,47,E
18235,54030,54076,46,W
18238,54034,54076,42,E
18239,54034,54076,42,W
18242,54039,54078,39,E
18240,54038,54078,40,W
18245,54044,54078,34,E
18244,54042,54078,36,W
18248,54049,54080,31,E
18247,54046,54080,34,W
18252,54054,54080,26,E
18249,54050,54080,30,W
18255,54059,54082,23,E
18253,54054,54082,28,W
18259,54064,54082,18,E
18254,54058,54082,24,W
18262,54069,54084,15,E
18257,54062,54084,22,W
18265,54074,54084,10,E
18260,54066,54084,18,W
18269,54079,54086,7,E
18263,54070,54086,16,W
18272,54084,54086,2,E
18266,54074,54086,12,W
18268,54078,54088,10,W
18271,54082,54088,6,W
18276,54089,54090,1,E
18274,54086,54090,4,W
18277,54090,54090,0,W
18278,54094,54094,0,E
18279,54094,54094,0,W
18282,54098,54098,0,W
18283,54099,54100,1,E
18285,54102,54102,0,W
18286,54104,54104,0,E
18287,54106,54106,0,W
18290,54109,54110,1,E
18291,54110,54110,0,W
18292,54114,54114,0,E
18293,54114,54114,0,W
18295,54118,54118,0,W
18297,54119,54120,1,E
18298,54122,54122,0,W
18300,54124,54124,0,E
18301,54126,54126,0,W
18302,54129,54130,1,E
18305,54130,54130,0,W
18306,54134,54134,0,E
18307,54134,54134,0,W
18267,54075,54136,61,N
18270,54081,54136,55,S
18273,54086,54138,52,N
18275,54088,54138,50,S
18281,54097,54140,43,N
18280,54095,54140,45,S
18288,54108,54142,34,N
18284,54102,54142,40,S
18296,54119,54144,25,N
18289,54109,54144,35,S
18303,54130,54146,16,N
18294,54116,54146,30,S
18311,54141,54148,7,N
18299,54123,54148,25,S
18304,54130,54150,20,S
18319,54152,54152,0,N
18308,54137,54152,15,S
18313,54144,54154,10,S
18318,54151,54156,5,S
18322,54158,54158,0,S
18326,54163,54164,1,N
18328,54165,54166,1,S
18332,54172,54172,0,S
18333,54174,54174,0,N
18310,54139,54180,41,E
18309,54138,54180,42,W
18314,54144,54180,36,E
18312,54142,54180,38,W
18316,54149,54182,33,E
18315,54146,54182,36,W
18320,54154,54182,28,E
18317,54150,54182,32,W
18324,54159,54184,25,E
18321,54154,54184,30,W
18327,54164,54184,20,E
18323,54158,54184,26,W
18330,54169,54186,17,E
18325,54162,54186,24,W
18334,54174,54186,12,E
18329,54166,54186,20,W
18338,54179,54188,9,E
18331,54170,54188,18,W
18340,54184,54188,4,E
18335,54174,54188,14,W
18344,54189,54190,1,E
18336,54178,54190,12,W
18339,54182,54190,8,W
18343,54186,54192,6,W
18345,54190,54192,2,W
18347,54194,54194,0,E
18348,54194,54194,0,W
18350,54198,54198,0,W
18351,54199,54200,1,E
18353,54202,54202,0,W
18354,54204,54204,0,E
18355,54206,54206,0,W
18358,54209,54210,1,E
18359,54210,54210,0,W
18361,54214,54214,0,E
18362,54214,54214,0,W
18364,54218,54218,0,W
18365,54219,54220,1,E
18367,54222,54222,0,W
18368,54224,54224,0,E
18369,54226,54226,0,W
18372,54229,54230,1,E
18373,54230,54230,0,W
18374,54234,54234,0,E
18375,54234,54234,0,W
18377,54238,54238,0,W
18341,54185,54240,55,N
18337,54179,54240,61,S
18349,54196,54242,46,N
18342,54186,54242,56,S
18356,54207,54244,37,N
18346,54193,54244,51,S
18363,54218,54246,28,N
18352,54200,54246,46,S
18371,54229,54248,19,N
18357,54207,54248,41,S
18379,54240,54250,10,N
18360,54214,54250,36,S
18387,54251,54252,1,N
18366,54221,54252,31,S
18370,54228,54254,26,S
18376,54235,54256,21,S
18380,54242,54258,16,S
18384,54249,54260,11,S
18393,54262,54262,0,N
18390,54256,54262,6,S
18395,54263,54264,1,S
18399,54270,54270,0,S
18401,54273,54274,1,N
18404,54277,54278,1,S
18408,54284,54284,0,N
18409,54284,54284,0,S
18378,54239,54286,47,E
18381,54242,54286,44,W
18382,54244,54286,42,E
18383,54246,54286,40,W
18385,54249,54288,39,E
18386,54250,54288,38,W
18388,54254,54288,34,E
18389,54254,54288,34,W
18392,54259,54290,31,E
18391,54258,54290,32,W
18396,54264,54290,26,E
18394,54262,54290,28,W
18398,54269,54292,23,E
18397,54266,54292,26,W
18402,54274,54292,18,E
18400,54270,54292,22,W
18406,54279,54294,15,E
18403,54274,54294,20,W
18410,54284,54294,10,E
18405,54278,54294,16,W
18412,54289,54296,7,E
18407,54282,54296,14,W
18415,54294,54296,2,E
18411,54286,54296,10,W
18413,54290,54298,8,W
18416,54294,54298,4,W
18420,54299,54300,1,E
18419,54298,54300,2,W
18421,54302,54302,0,W
18422,54304,54304,0,E
18425,54306,54306,0,W
18426,54309,54310,1,E
18427,54310,54310,0,W
18429,54314,54314,0,E
18430,54314,54314,0,W
18432,54318,54318,0,W
18434,54319,54320,1,E
18435,54322,54322,0,W
18436,54324,54324,0,E
18438,54326,54326,0,W
18440,54329,54330,1,E
18441,54330,54330,0,W
18443,54334,54334,0,E
18444,54334,54334,0,W
18445,54338,54338,0,W
18447,54339,54340,1,E
18449,54342,54342,0,W
18450,54344,54344,0,E
18417,54295,54346,51,N
18414,54291,54346,55,S
18424,54306,54348,42,N
18418,54298,54348,50,S
18431,54317,54350,33,N
18423,54305,54350,45,S
18439,54328,54352,24,N
18428,54312,54352,40,S
18446,54339,54354,15,N
18433,54319,54354,35,S
18454,54350,54356,6,N
18437,54326,54356,30,S
18442,54333,54358,25,S
18448,54340,54360,20,S
18461,54361,54362,1,N
18452,54347,54362,15,S
18456,54354,54364,10,S
18462,54361,54366,5,S
18466,54368,54368,0,S
18469,54372,54372,0,N
18472,54375,54376,1,S
18475,54382,54382,0,S
18477,54383,54384,1,N
18453,54349,54390,41,E
18451,54346,54390,44,W
18457,54354,54390,36,E
18455,54350,54390,40,W
18460,54359,54392,33,E
18458,54354,54392,38,W
18464,54364,54392,28,E
18459,54358,54392,34,W
18467,54369,54394,25,E
18463,54362,54394,32,W
18470,54374,54394,20,E
18465,54366,54394,28,W
18474,54379,54396,17,E
18468,54370,54396,26,W
18478,54384,54396,12,E
18471,54374,54396,22,W
18481,54389,54398,9,E
18473,54378,54398,20,W
18484,54394,54398,4,E
18476,54382,54398,16,W
18488,54399,54400,1,E
18479,54386,54400,14,W
18482,54390,54400,10,W
18485,54394,54402,8,W
18487,54398,54402,4,W
18491,54404,54404,0,E
18489,54402,54404,2,W
18493,54406,54406,0,W
18494,54409,54410,1,E
18496,54410,54410,0,W
18497,54414,54414,0,E
18498,54414,54414,0,W
18501,54418,54418,0,W
18502,54419,54420,1,E
18503,54422,54422,0,W
18505,54424,54424,0,E
18506,54426,54426,0,W
18508,54429,54430,1,E
18509,54430,54430,0,W
18511,54434,54434,0,E
18512,54434,54434,0,W
18515,54438,54438,0,W
18516,54439,54440,1,E
18517,54442,54442,0,W
18518,54444,54444,0,E
18520,54446,54446,0,W
18483,54394,54450,56,N
18480,54389,54450,61,S
18492,54405,54452,47,N
18486,54396,54452,56,S
18499,54416,54454,38,N
18490,54403,54454,51,S
18507,54427,54456,29,N
18495,54410,54456,46,S
18513,54438,54458,20,N
18500,54417,54458,41,S
18521,54449,54460,11,N
18504,54424,54460,36,S
18530,54460,54462,2,N
18510,54431,54462,31,S
18514,54438,54464,26,S
18519,54445,54466,21,S
18524,54452,54468,16,S
18528,54459,54470,11,S
18537,54471,54472,1,N
18533,54466,54472,6,S
18538,54473,54474,1,S
18543,54480,54480,0,S
18544,54482,54482,0,N
18548,54487,54488,1,S
18551,54493,54494,1,N
18552,54494,54494,0,S
18522,54449,54496,47,E
18523,54450,54496,46,W
18525,54454,54496,42,E
18526,54454,54496,42,W
18529,54459,54498,39,E
18527,54458,54498,40,W
18532,54464,54498,34,E
18531,54462,54498,36,W
18535,54469,54500,31,E
18534,54466,54500,34,W
18539,54474,54500,26,E
18536,54470,54500,30,W
18542,54479,54502,23,E
18540,54474,54502,28,W
18546,54484,54502,18,E
18541,54478,54502,24,W
18549,54489,54504,15,E
18545,54482,54504,22,W
18553,54494,54504,10,E
18547,54486,54504,18,W
18556,54499,54506,7,E
18550,54490,54506,16,W
18560,54504,54506,2,E
18554,54494,54506,12,W
18555,54498,54508,10,W
18558,54502,54508,6,W
18563,54509,54510,1,E
18561,54506,54510,4,W
18564,54510,54510,0,W
18565,54514,54514,0,E
18566,54514,54514,0,W
18569,54518,54518,0,W
18570,54519,54520,1,E
18572,54522,54522,0,W
18573,54524,54524,0,E
18575,54526,54526,0,W
18577,54529,54530,1,E
18578,54530,54530,0,W
18579,54534,54534,0,E
18580,54534,54534,0,W
18583,54538,54538,0,W
18584,54539,54540,1,E
18585,54542,54542,0,W
18587,54544,54544,0,E
18588,54546,54546,0,W
18590,54549,54550,1,E
18592,54550,54550,0,W
18593,54554,54554,0,E
18594,54554,54554,0,W
18559,54504,54556,52,N
18557,54501,54556,55,S
18567,54515,54558,43,N
18562,54508,54558,50,S
18574,54526,54560,34,N
18568,54515,54560,45,S
18582,54537,54562,25,N
18571,54522,54562,40,S
18589,54548,54564,16,N
18576,54529,54564,35,S
18597,54559,54566,7,N
18581,54536,54566,30,S
18586,54543,54568,25,S
18604,54570,54570,0,N
18591,54550,54570,20,S
18595,54557,54572,15,S
18600,54564,54574,10,S
18606,54571,54576,5,S
18609,54578,54578,0,S
18612,54581,54582,1,N
18615,54585,54586,1,S
18619,54592,54592,0,N
18620,54592,54592,0,S
18598,54559,54600,41,E
18596,54558,54600,42,W
18601,54564,54600,36,E
18599,54562,54600,38,W
18603,54569,54602,33,E
18602,54566,54602,36,W
18607,54574,54602,28,E
18605,54570,54602,32,W
18611,54579,54604,25,E
18608,54574,54604,30,W
18614,54584,54604,20,E
18610,54578,54604,26,W
18617,54589,54606,17,E
18613,54582,54606,24,W
18621,54594,54606,12,E
18616,54586,54606,20,W
18625,54599,54608,9,E
18618,54590,54608,18,W
18628,54604,54608,4,E
18622,54594,54608,14,W
18631,54609,54610,1,E
18623,54598,54610,12,W
18626,54602,54610,8,W
18630,54606,54612,6,W
18632,54610,54612,2,W
18635,54614,54614,0,E
18636,54614,54614,0,W
18637,54618,54618,0,W
18638,54619,54620,1,E
18640,54622,54622,0,W
18641,54624,54624,0,E
18643,54626,54626,0,W
18645,54629,54630,1,E
18646,54630,54630,0,W
18648,54634,54634,0,E
18649,54634,54634,0,W
18651,54638,54638,0,W
18652,54639,54640,1,E
18654,54642,54642,0,W
18655,54644,54644,0,E
18656,54646,54646,0,W
18659,54649,54650,1,E
18660,54650,54650,0,W
18661,54654,54654,0,E
18662,54654,54654,0,W
18665,54658,54658,0,W
18627,54603,54660,57,N
18624,54599,54660,61,S
18634,54614,54662,48,N
18629,54606,54662,56,S
18642,54625,54664,39,N
18633,54613,54664,51,S
18650,54636,54666,30,N
18639,54620,54666,46,S
18657,54647,54668,21,N
18644,54627,54668,41,S
18664,54658,54670,12,N
18647,54634,54670,36,S
18671,54669,54672,3,N
18653,54641,54672,31,S
18658,54648,54674,26,S
18663,54655,54676,21,S
18667,54662,54678,16,S
18680,54680,54680,0,N
18672,54669,54680,11,S
18677,54676,54682,6,S
18682,54683,54684,1,S
18686,54690,54690,0,S
18688,54691,54692,1,N
18691,54697,54698,1,S
18694,54702,54702,0,N
18696,54704,54704,0,S
18666,54659,54706,47,E
18668,54662,54706,44,W
18669,54664,54706,42,E
18670,54666,54706,40,W
18673,54669,54708,39,E
18674,54670,54708,38,W
18675,54674,54708,34,E
18676,54674,54708,34,W
18679,54679,54710,31,E
18678,54678,54710,32,W
18683,54684,54710,26,E
18681,54682,54710,28,W
18685,54689,54712,23,E
18684,54686,54712,26,W
18689,54694,54712,18,E
18687,54690,54712,22,W
18693,54699,54714,15,E
18690,54694,54714,20,W
18697,54704,54714,10,E
18692,54698,54714,16,W
18699,54709,54716,7,E
18695,54702,54716,14,W
18703,54714,54716,2,E
18698,54706,54716,10,W
18700,54710,54718,8,W
18704,54714,54718,4,W
18707,54719,54720,1,E
18706,54718,54720,2,W
18708,54722,54722,0,W
18710,54724,54724,0,E
18712,54726,54726,0,W
18713,54729,54730,1,E
18714,54730,54730,0,W
18716,54734,54734,0,E
18717,54734,54734,0,W
18719,54738,54738,0,W
18721,54739,54740,1,E
18722,54742,54742,0,W
18723,54744,54744,0,E
18726,54746,54746,0,W
18727,54749,54750,1,E
18728,54750,54750,0,W
18730,54754,54754,0,E
18731,54754,54754,0,W
18733,54758,54758,0,W
18734,54759,54760,1,E
18736,54762,54762,0,W
18737,54764,54764,0,E
18702,54713,54766,53,N
18701,54711,54766,55,S
18709,54724,54768,44,N
18705,54718,54768,50,S
18718,54735,54770,35,N
18711,54725,54770,45,S
18724,54746,54772,26,N
18715,54732,54772,40,S
18732,54757,54774,17,N
18720,54739,54774,35,S
18740,54768,54776,8,N
18725,54746,54776,30,S
18729,54753,54778,25,S
18747,54779,54780,1,N
18735,54760,54780,20,S
18739,54767,54782,15,S
18743,54774,54784,10,S
18749,54781,54786,5,S
18753,54788,54788,0,S
18755,54790,54790,0,N
18759,54795,54796,1,S
18762,54801,54802,1,N
18763,54802,54802,0,S
18741,54769,54810,41,E
18738,54766,54810,44,W
18744,54774,54810,36,E
18742,54770,54810,40,W
18748,54779,54812,33,E
18745,54774,54812,38,W
18751,54784,54812,28,E
18746,54778,54812,34,W
18754,54789,54814,25,E
18750,54782,54814,32,W
18757,54794,54814,20,E
18752,54786,54814,28,W
18761,54799,54816,17,E
18756,54790,54816,26,W
18765,54804,54816,12,E
18758,54794,54816,22,W
18768,54809,54818,9,E
18760,54798,54818,20,W
18771,54814,54818,4,E
18764,54802,54818,16,W
18775,54819,54820,1,E
18766,54806,54820,14,W
18769,54810,54820,10,W
18772,54814,54822,8,W
18774,54818,54822,4,W
18779,54824,54824,0,E
18776,54822,54824,2,W
18780,54826,54826,0,W
18781,54829,54830,1,E
18783,54830,54830,0,W
18785,54834,54834,0,E
18786,54834,54834,0,W
18788,54838,54838,0,W
18789,54839,54840,1,E
18790,54842,54842,0,W
18792,54844,54844,0,E
18794,54846,54846,0,W
18795,54849,54850,1,E
18796,54850,54850,0,W
18798,54854,54854,0,E
18799,54854,54854,0,W
18802,54858,54858,0,W
18803,54859,54860,1,E
18804,54862,54862,0,W
18805,54864,54864,0,E
18807,54866,54866,0,W
18770,54812,54870,58,N
18767,54809,54870,61,S
18777,54823,54872,49,N
18773,54816,54872,56,S
18784,54834,54874,40,N
18778,54823,54874,51,S
18793,54845,54876,31,N
18782,54830,54876,46,S
18800,54856,54878,22,N
18787,54837,54878,41,S
18808,54867,54880,13,N
18791,54844,54880,36,S
18814,54878,54882,4,N
18797,54851,54882,31,S
18801,54858,54884,26,S
18806,54865,54886,21,S
18811,54872,54888,16,S
18822,54889,54890,1,N
18816,54879,54890,11,S
18820,54886,54892,6,S
18825,54893,54894,1,S
18830,54900,54900,0,N
18831,54900,54900,0,S
18835,54907,54908,1,S
18838,54911,54912,1,N
18839,54914,54914,0,S
18809,54869,54916,47,E
18810,54870,54916,46,W
18812,54874,54916,42,E
18813,54874,54916,42,W
18817,54879,54918,39,E
18815,54878,54918,40,W
18819,54884,54918,34,E
18818,54882,54918,36,W
18823,54889,54920,31,E
18821,54886,54920,34,W
18826,54894,54920,26,E
18824,54890,54920,30,W
18829,54899,54922,23,E
18827,54894,54922,28,W
18833,54904,54922,18,E
18828,54898,54922,24,W
18836,54909,54924,15,E
18832,54902,54924,22,W
18840,54914,54924,10,E
18834,54906,54924,18,W
18843,54919,54926,7,E
18837,54910,54926,16,W
18847,54924,54926,2,E
18841,54914,54926,12,W
18842,54918,54928,10,W
18846,54922,54928,6,W
18850,54929,54930,1,E
18848,54926,54930,4,W
18851,54930,54930,0,W
18853,54934,54934,0,E
18854,54934,54934,0,W
18856,54938,54938,0,W
18857,54939,54940,1,E
18859,54942,54942,0,W
18861,54944,54944,0,E
18862,54946,54946,0,W
18864,54949,54950,1,E
18865,54950,54950,0,W
18866,54954,54954,0,E
18867,54954,54954,0,W
18870,54958,54958,0,W
18871,54959,54960,1,E
18872,54962,54962,0,W
18874,54964,54964,0,E
18876,54966,54966,0,W
18877,54969,54970,1,E
18879,54970,54970,0,W
18880,54974,54974,0,E
18881,54974,54974,0,W
18845,54922,54976,54,N
18844,54921,54976,55,S
18852,54933,54978,45,N
18849,54928,54978,50,S
18860,54944,54980,36,N
18855,54935,54980,45,S
18868,54955,54982,27,N
18858,54942,54982,40,S
18875,54966,54984,18,N
18863,54949,54984,35,S
18882,54977,54986,9,N
18869,54956,54986,30,S
18890,54988,54988,0,N
18873,54963,54988,25,S
18878,54970,54990,20,S
18883,54977,54992,15,S
18887,54984,54994,10,S
18893,54991,54996,5,S
18896,54998,54998,0,S
18898,54999,55000,1,N
18902,55005,55006,1,S
18905,55010,55010,0,N
18907,55012,55012,0,S
18885,54979,55020,41,E
18884,54978,55020,42,W
18888,54984,55020,36,E
18886,54982,55020,38,W
18891,54989,55022,33,E
18889,54986,55022,36,W
18894,54994,55022,28,E
18892,54990,55022,32,W
18899,54999,55024,25,E
18895,54994,55024,30,W
18901,55004,55024,20,E
18897,54998,55024,26,W
18904,55009,55026,17,E
18900,55002,55026,24,W
18908,55014,55026,12,E
18903,55006,55026,20,W
18912,55019,55028,9,E
18906,55010,55028,18,W
18915,55024,55028,4,E
18909,55014,55028,14,W
18918,55029,55030,1,E
18910,55018,55030,12,W
18914,55022,55030,8,W
18917,55026,55032,6,W
18919,55030,55032,2,W
18922,55034,55034,0,E
18923,55034,55034,0,W
18924,55038,55038,0,W
18925,55039,55040,1,E
18927,55042,55042,0,W
18929,55044,55044,0,E
18930,55046,55046,0,W
18932,55049,55050,1,E
18933,55050,55050,0,W
18936,55054,55054,0,E
18937,55054,55054,0,W
18938,55058,55058,0,W
18939,55059,55060,1,E
18941,55062,55062,0,W
18942,55064,55064,0,E
18944,55066,55066,0,W
18946,55069,55070,1,E
18947,55070,55070,0,W
18948,55074,55074,0,E
18949,55074,55074,0,W
18952,55078,55078,0,W
18913,55021,55080,59,N
18911,55019,55080,61,S
18920,55032,55082,50,N
18916,55026,55082,56,S
18928,55043,55084,41,N
18921,55033,55084,51,S
18934,55054,55086,32,N
18926,55040,55086,46,S
18943,55065,55088,23,N
18931,55047,55088,41,S
18951,55076,55090,14,N
18935,55054,55090,36,S
18958,55087,55092,5,N
18940,55061,55092,31,S
18945,55068,55094,26,S
18950,55075,55096,21,S
18965,55098,55098,0,N
18954,55082,55098,16,S
18959,55089,55100,11,S
18964,55096,55102,6,S
18969,55103,55104,1,S
18972,55109,55110,1,N
18974,55110,55110,0,S
18978,55117,55118,1,S
18981,55120,55120,0,N
18983,55124,55124,0,S
18953,55079,55126,47,E
18955,55082,55126,44,W
18956,55084,55126,42,E
18957,55086,55126,40,W
18960,55089,55128,39,E
18961,55090,55128,38,W
18962,55094,55128,34,E
18963,55094,55128,34,W
18967,55099,55130,31,E
18966,55098,55130,32,W
18970,55104,55130,26,E
18968,55102,55130,28,W
18973,55109,55132,23,E
18971,55106,55132,26,W
18976,55114,55132,18,E
18975,55110,55132,22,W
18980,55119,55134,15,E
18977,55114,55134,20,W
18984,55124,55134,10,E
18979,55118,55134,16,W
18986,55129,55136,7,E
18982,55122,55136,14,W
18990,55134,55136,2,E
18985,55126,55136,10,W
18987,55130,55138,8,W
18991,55134,55138,4,W
18994,55139,55140,1,E
18993,55138,55140,2,W
18996,55142,55142,0,W
18997,55144,55144,0,E
18999,55146,55146,0,W
19000,55149,55150,1,E
19001,55150,55150,0,W
19004,55154,55154,0,E
19005,55154,55154,0,W
19006,55158,55158,0,W
19008,55159,55160,1,E
19009,55162,55162,0,W
19011,55164,55164,0,E
19013,55166,55166,0,W
19014,55169,55170,1,E
19015,55170,55170,0,W
19017,55174,55174,0,E
19018,55174,55174,0,W
19020,55178,55178,0,W
19021,55179,55180,1,E
19023,55182,55182,0,W
19024,55184,55184,0,E
18988,55131,55186,55,N
18989,55131,55186,55,S
18995,55142,55188,46,N
18992,55138,55188,50,S
19003,55153,55190,37,N
18998,55145,55190,45,S
19010,55164,55192,28,N
19002,55152,55192,40,S
19019,55175,55194,19,N
19007,55159,55194,35,S
19025,55186,55196,10,N
19012,55166,55196,30,S
19033,55197,55198,1,N
19016,55173,55198,25,S
19022,55180,55200,20,S
19027,55187,55202,15,S
19030,55194,55204,10,S
19036,55201,55206,5,S
19040,55208,55208,0,N
19041,55208,55208,0,S
19046,55215,55216,1,S
19048,55219,55220,1,N
19050,55222,55222,0,S
19028,55189,55230,41,E
19026,55186,55230,44,W
19031,55194,55230,36,E
19029,55190,55230,40,W
19035,55199,55232,33,E
19032,55194,55232,38,W
19038,55204,55232,28,E
19034,55198,55232,34,W
19042,55209,55234,25,E
19037,55202,55234,32,W
19044,55214,55234,20,E
19039,55206,55234,28,W
19049,55219,55236,17,E
19043,55210,55236,26,W
19052,55224,55236,12,E
19045,55214,55236,22,W
19055,55229,55238,9,E
19047,55218,55238,20,W
19058,55234,55238,4,E
19051,55222,55238,16,W
19062,55239,55240,1,E
19053,55226,55240,14,W
19057,55230,55240,10,W
19059,55234,55242,8,W
19061,55238,55242,4,W
19066,55244,55244,0,E
19064,55242,55244,2,W
19067,55246,55246,0,W
19068,55249,55250,1,E
19070,55250,55250,0,W
19072,55254,55254,0,E
19073,55254,55254,0,W
19075,55258,55258,0,W
19076,55259,55260,1,E
19077,55262,55262,0,W
19080,55264,55264,0,E
19081,55266,55266,0,W
19082,55269,55270,1,E
19083,55270,55270,0,W
19086,55274,55274,0,E
19087,55274,55274,0,W
19089,55278,55278,0,W
19090,55279,55280,1,E
19091,55282,55282,0,W
19092,55284,55284,0,E
19095,55286,55286,0,W
19056,55230,55290,60,N
19054,55229,55290,61,S
19063,55241,55292,51,N
19060,55236,55292,56,S
19071,55252,55294,42,N
19065,55243,55294,51,S
19078,55263,55296,33,N
19069,55250,55296,46,S
19085,55274,55298,24,N
19074,55257,55298,41,S
19093,55285,55300,15,N
19079,55264,55300,36,S
19101,55296,55302,6,N
19084,55271,55302,31,S
19088,55278,55304,26,S
19094,55285,55306,21,S
19109,55307,55308,1,N
19098,55292,55308,16,S
19103,55299,55310,11,S
19107,55306,55312,6,S
19112,55313,55314,1,S
19115,55318,55318,0,N
19118,55320,55320,0,S
19122,55327,55328,1,S
19123,55329,55330,1,N
19126,55334,55334,0,S
19096,55289,55336,47,E
19097,55290,55336,46,W
19099,55294,55336,42,E
19100,55294,55336,42,W
19104,55299,55338,39,E
19102,55298,55338,40,W
19106,55304,55338,34,E
19105,55302,55338,36,W
19110,55309,55340,31,E
19108,55306,55340,34,W
19113,55314,55340,26,E
19111,55310,55340,30,W
19117,55319,55342,23,E
19114,55314,55342,28,W
19120,55324,55342,18,E
19116,55318,55342,24,W
19124,55329,55344,15,E
19119,55322,55344,22,W
19127,55334,55344,10,E
19121,55326,55344,18,W
19130,55339,55346,7,E
19125,55330,55346,16,W
19134,55344,55346,2,E
19128,55334,55346,12,W
19129,55338,55348,10,W
19133,55342,55348,6,W
19137,55349,55350,1,E
19135,55346,55350,4,W
19138,55350,55350,0,W
19140,55354,55354,0,E
19141,55354,55354,0,W
19143,55358,55358,0,W
19144,55359,55360,1,E
19147,55362,55362,0,W
19148,55364,55364,0,E
19149,55366,55366,0,W
19151,55369,55370,1,E
19152,55370,55370,0,W
19154,55374,55374,0,E
19155,55374,55374,0,W
19157,55378,55378,0,W
19158,55379,55380,1,E
19159,55382,55382,0,W
19162,55384,55384,0,E
19163,55386,55386,0,W
19164,55389,55390,1,E
19166,55390,55390,0,W
19167,55394,55394,0,E
19168,55394,55394,0,W
19131,55340,55396,56,N
19132,55341,55396,55,S
19139,55351,55398,47,N
19136,55348,55398,50,S
19145,55362,55400,38,N
19142,55355,55400,45,S
19153,55373,55402,29,N
19146,55362,55402,40,S
19161,55384,55404,20,N
19150,55369,55404,35,S
19169,55395,55406,11,N
19156,55376,55406,30,S
19176,55406,55408,2,N
19160,55383,55408,25,S
19165,55390,55410,20,S
19170,55397,55412,15,S
19174,55404,55414,10,S
19180,55411,55416,5,S
19183,55417,55418,1,N
19184,55418,55418,0,S
19189,55425,55426,1,S
19191,55428,55428,0,N
19194,55432,55432,0,S
19172,55399,55440,41,E
19171,55398,55440,42,W
19175,55404,55440,36,E
19173,55402,55440,38,W
19178,55409,55442,33,E
19177,55406,55442,36,W
19181,55414,55442,28,E
19179,55410,55442,32,W
19186,55419,55444,25,E
19182,55414,55444,30,W
19188,55424,55444,20,E
19185,55418,55444,26,W
19192,55429,55446,17,E
19187,55422,55446,24,W
19195,55434,55446,12,E
19190,55426,55446,20,W
19200,55439,55448,9,E
19193,55430,55448,18,W
19202,55444,55448,4,E
19196,55434,55448,14,W
19205,55449,55450,1,E
19197,55438,55450,12,W
19201,55442,55450,8,W
19204,55446,55452,6,W
19207,55450,55452,2,W
19209,55454,55454,0,E
19210,55454,55454,0,W
19211,55458,55458,0,W
19212,55459,55460,1,E
19215,55462,55462,0,W
19216,55464,55464,0,E
19217,55466,55466,0,W
19219,55469,55470,1,E
19220,55470,55470,0,W
19223,55474,55474,0,E
19224,55474,55474,0,W
19225,55478,55478,0,W
19226,55479,55480,1,E
19228,55482,55482,0,W
19230,55484,55484,0,E
19231,55486,55486,0,W
19233,55489,55490,1,E
19234,55490,55490,0,W
19236,55494,55494,0,E
19237,55494,55494,0,W
19239,55498,55498,0,W
19198,55439,55500,61,N
19199,55439,55500,61,S
19206,55450,55502,52,N
19203,55446,55502,56,S
19214,55461,55504,43,N
19208,55453,55504,51,S
19221,55472,55506,34,N
19213,55460,55506,46,S
19229,55483,55508,25,N
19218,55467,55508,41,S
19235,55494,55510,16,N
19222,55474,55510,36,S
19244,55505,55512,7,N
19227,55481,55512,31,S
19232,55488,55514,26,S
19251,55516,55516,0,N
19238,55495,55516,21,S
19241,55502,55518,16,S
19246,55509,55520,11,S
19252,55516,55522,6,S
19256,55523,55524,1,S
19259,55527,55528,1,N
19261,55530,55530,0,S
19266,55538,55538,0,N
19265,55537,55538,1,S
19270,55544,55544,0,S
19240,55499,55546,47,E
19242,55502,55546,44,W
19243,55504,55546,42,E
19245,55506,55546,40,W
19247,55509,55548,39,E
19248,55510,55548,38,W
19249,55514,55548,34,E
19250,55514,55548,34,W
19254,55519,55550,31,E
19253,55518,55550,32,W
19257,55524,55550,26,E
19255,55522,55550,28,W
19260,55529,55552,23,E
19258,55526,55552,26,W
19263,55534,55552,18,E
19262,55530,55552,22,W
19268,55539,55554,15,E
19264,55534,55554,20,W
19271,55544,55554,10,E
19267,55538,55554,16,W
19274,55549,55556,7,E
19269,55542,55556,14,W
19277,55554,55556,2,E
19272,55546,55556,10,W
19275,55550,55558,8,W
19278,55554,55558,4,W
19281,55559,55560,1,E
19280,55558,55560,2,W
19283,55562,55562,0,W
19284,55564,55564,0,E
19286,55566,55566,0,W
19287,55569,55570,1,E
19288,55570,55570,0,W
19291,55574,55574,0,E
19292,55574,55574,0,W
19293,55578,55578,0,W
19295,55579,55580,1,E
19297,55582,55582,0,W
19298,55584,55584,0,E
19300,55586,55586,0,W
19301,55589,55590,1,E
19302,55590,55590,0,W
19305,55594,55594,0,E
19306,55594,55594,0,W
19307,55598,55598,0,W
19308,55599,55600,1,E
19310,55602,55602,0,W
19312,55604,55604,0,E
19273,55549,55606,57,N
19276,55551,55606,55,S
19282,55560,55608,48,N
19279,55558,55608,50,S
19289,55571,55610,39,N
19285,55565,55610,45,S
19296,55582,55612,30,N
19290,55572,55612,40,S
19303,55593,55614,21,N
19294,55579,55614,35,S
19311,55604,55616,12,N
19299,55586,55616,30,S
19320,55615,55618,3,N
19304,55593,55618,25,S
19309,55600,55620,20,S
19314,55607,55622,15,S
19317,55614,55624,10,S
19326,55626,55626,0,N
19323,55621,55626,5,S
19328,55628,55628,0,S
19333,55635,55636,1,S
19334,55637,55638,1,N
19337,55642,55642,0,S
19341,55648,55648,0,N
19315,55609,55650,41,E
19313,55606,55650,44,W
19318,55614,55650,36,E
19316,55610,55650,40,W
19322,55619,55652,33,E
19319,55614,55652,38,W
19325,55624,55652,28,E
19321,55618,55652,34,W
19329,55629,55654,25,E
19324,55622,55654,32,W
19331,55634,55654,20,E
19327,55626,55654,28,W
19336,55639,55656,17,E
19330,55630,55656,26,W
19339,55644,55656,12,E
19332,55634,55656,22,W
19343,55649,55658,9,E
19335,55638,55658,20,W
19345,55654,55658,4,E
19338,55642,55658,16,W
19350,55659,55660,1,E
19340,55646,55660,14,W
19344,55650,55660,10,W
19346,55654,55662,8,W
19348,55658,55662,4,W
19353,55664,55664,0,E
19351,55662,55664,2,W
19354,55666,55666,0,W
19355,55669,55670,1,E
19358,55670,55670,0,W
19359,55674,55674,0,E
19360,55674,55674,0,W
19362,55678,55678,0,W
19363,55679,55680,1,E
19365,55682,55682,0,W
19367,55684,55684,0,E
19368,55686,55686,0,W
19369,55689,55690,1,E
19370,55690,55690,0,W
19373,55694,55694,0,E
19374,55694,55694,0,W
19376,55698,55698,0,W
19377,55699,55700,1,E
19378,55702,55702,0,W
19380,55704,55704,0,E
19382,55706,55706,0,W
19349,55659,55710,51,N
19342,55649,55710,61,S
19356,55670,55712,42,N
19347,55656,55712,56,S
19364,55681,55714,33,N
19352,55663,55714,51,S
19372,55692,55716,24,N
19357,55670,55716,46,S
19379,55703,55718,15,N
19361,55677,55718,41,S
19386,55714,55720,6,N
19366,55684,55720,36,S
19371,55691,55722,31,S
19375,55698,55724,26,S
19394,55725,55726,1,N
19381,55705,55726,21,S
19385,55712,55728,16,S
19390,55719,55730,11,S
19395,55726,55732,6,S
19399,55733,55734,1,S
19402,55736,55736,0,N
19405,55740,55740,0,S
19409,55747,55748,1,N
19410,55747,55748,1,S
19413,55754,55754,0,S
19383,55709,55756,47,E
19384,55710,55756,46,W
19387,55714,55756,42,E
19388,55714,55756,42,W
19391,55719,55758,39,E
19389,55718,55758,40,W
19393,55724,55758,34,E
19392,55722,55758,36,W
19397,55729,55760,31,E
19396,55726,55760,34,W
19400,55734,55760,26,E
19398,55730,55760,30,W
19404,55739,55762,23,E
19401,55734,55762,28,W
19407,55744,55762,18,E
19403,55738,55762,24,W
19411,55749,55764,15,E
19406,55742,55764,22,W
19414,55754,55764,10,E
19408,55746,55764,18,W
19418,55759,55766,7,E
19412,55750,55766,16,W
19421,55764,55766,2,E
19415,55754,55766,12,W
19417,55758,55768,10,W
19420,55762,55768,6,W
19425,55769,55770,1,E
19422,55766,55770,4,W
19426,55770,55770,0,W
19427,55774,55774,0,E
19428,55774,55774,0,W
19430,55778,55778,0,W
19431,55779,55780,1,E
19434,55782,55782,0,W
19435,55784,55784,0,E
19436,55786,55786,0,W
19438,55789,55790,1,E
19439,55790,55790,0,W
19441,55794,55794,0,E
19442,55794,55794,0,W
19444,55798,55798,0,W
19445,55799,55800,1,E
19447,55802,55802,0,W
19449,55804,55804,0,E
19450,55806,55806,0,W
19451,55809,55810,1,E
19453,55810,55810,0,W
19455,55814,55814,0,E
19456,55814,55814,0,W
19416,55758,55816,58,N
19419,55761,55816,55,S
19424,55769,55818,49,N
19423,55768,55818,50,S
19432,55780,55820,40,N
19429,55775,55820,45,S
19440,55791,55822,31,N
19433,55782,55822,40,S
19446,55802,55824,22,N
19437,55789,55824,35,S
19454,55813,55826,13,N
19443,55796,55826,30,S
19461,55824,55828,4,N
19448,55803,55828,25,S
19452,55810,55830,20,S
19457,55817,55832,15,S
19462,55824,55834,10,S
19470,55835,55836,1,N
19467,55831,55836,5,S
19471,55838,55838,0,S
19477,55846,55846,0,N
19476,55845,55846,1,S
19481,55852,55852,0,S
19484,55857,55858,1,N
19459,55819,55860,41,E
19458,55818,55860,42,W
19463,55824,55860,36,E
19460,55822,55860,38,W
19465,55829,55862,33,E
19464,55826,55862,36,W
19468,55834,55862,28,E
19466,55830,55862,32,W
19473,55839,55864,25,E
19469,55834,55864,30,W
19475,55844,55864,20,E
19472,55838,55864,26,W
19479,55849,55866,17,E
19474,55842,55866,24,W
19482,55854,55866,12,E
19478,55846,55866,20,W
19487,55859,55868,9,E
19480,55850,55868,18,W
19489,55864,55868,4,E
19483,55854,55868,14,W
19493,55869,55870,1,E
19485,55858,55870,12,W
19488,55862,55870,8,W
19491,55866,55872,6,W
19494,55870,55872,2,W
19496,55874,55874,0,E
19497,55874,55874,0,W
19498,55878,55878,0,W
19500,55879,55880,1,E
19502,55882,55882,0,W
19503,55884,55884,0,E
19504,55886,55886,0,W
19506,55889,55890,1,E
19508,55890,55890,0,W
19510,55894,55894,0,E
19511,55894,55894,0,W
19512,55898,55898,0,W
19513,55899,55900,1,E
19516,55902,55902,0,W
19517,55904,55904,0,E
19518,55906,55906,0,W
19520,55909,55910,1,E
19521,55910,55910,0,W
19523,55914,55914,0,E
19524,55914,55914,0,W
19526,55918,55918,0,W
19492,55868,55920,52,N
19486,55859,55920,61,S
19499,55879,55922,43,N
19490,55866,55922,56,S
19507,55890,55924,34,N
19495,55873,55924,51,S
19514,55901,55926,25,N
19501,55880,55926,46,S
19522,55912,55928,16,N
19505,55887,55928,41,S
19530,55923,55930,7,N
19509,55894,55930,36,S
19515,55901,55932,31,S
19536,55934,55934,0,N
19519,55908,55934,26,S
19525,55915,55936,21,S
19528,55922,55938,16,S
19533,55929,55940,11,S
19539,55936,55942,6,S
19543,55943,55944,1,S
19545,55945,55946,1,N
19548,55950,55950,0,S
19552,55956,55956,0,N
19553,55957,55958,1,S
19557,55964,55964,0,S
19527,55919,55966,47,E
19529,55922,55966,44,W
19531,55924,55966,42,E
19532,55926,55966,40,W
19534,55929,55968,39,E
19535,55930,55968,38,W
19537,55934,55968,34,E
19538,55934,55968,34,W
19541,55939,55970,31,E
19540,55938,55970,32,W
19544,55944,55970,26,E
19542,55942,55970,28,W
19547,55949,55972,23,E
19546,55946,55972,26,W
19550,55954,55972,18,E
19549,55950,55972,22,W
19555,55959,55974,15,E
19551,55954,55974,20,W
19558,55964,55974,10,E
19554,55958,55974,16,W
19561,55969,55976,7,E
19556,55962,55976,14,W
19564,55974,55976,2,E
19559,55966,55976,10,W
19562,55970,55978,8,W
19565,55974,55978,4,W
19569,55979,55980,1,E
19568,55978,55980,2,W
19570,55982,55982,0,W
19571,55984,55984,0,E
19573,55986,55986,0,W
19575,55989,55990,1,E
19576,55990,55990,0,W
19578,55994,55994,0,E
19579,55994,55994,0,W
19580,55998,55998,0,W
19582,55999,56000,1,E
19584,56002,56002,0,W
19585,56004,56004,0,E
19587,56006,56006,0,W
19588,56009,56010,1,E
19589,56010,56010,0,W
19592,56014,56014,0,E
19593,56014,56014,0,W
19594,56018,56018,0,W
19595,56019,56020,1,E
19598,56022,56022,0,W
19599,56024,56024,0,E
19560,55967,56026,59,N
19563,55971,56026,55,S
19566,55978,56028,50,N
19567,55978,56028,50,S
19574,55989,56030,41,N
19572,55985,56030,45,S
19583,56000,56032,32,N
19577,55992,56032,40,S
19590,56011,56034,23,N
19581,55999,56034,35,S
19597,56022,56036,14,N
19586,56006,56036,30,S
19604,56033,56038,5,N
19591,56013,56038,25,S
19596,56020,56040,20,S
19601,56027,56042,15,S
19612,56044,56044,0,N
19605,56034,56044,10,S
19610,56041,56046,5,S
19615,56048,56048,0,S
19620,56055,56056,1,N
19621,56055,56056,1,S
19624,56062,56062,0,S
19627,56066,56066,0,N
19602,56029,56070,41,E
19600,56026,56070,44,W
19606,56034,56070,36,E
19603,56030,56070,40,W
19609,56039,56072,33,E
19607,56034,56072,38,W
19613,56044,56072,28,E
19608,56038,56072,34,W
19616,56049,56074,25,E
19611,56042,56074,32,W
19618,56054,56074,20,E
19614,56046,56074,28,W
19623,56059,56076,17,E
19617,56050,56076,26,W
19626,56064,56076,12,E
19619,56054,56076,22,W
19630,56069,56078,9,E
19622,56058,56078,20,W
19632,56074,56078,4,E
19625,56062,56078,16,W
19637,56079,56080,1,E
19628,56066,56080,14,W
19631,56070,56080,10,W
19633,56074,56082,8,W
19636,56078,56082,4,W
19640,56084,56084,0,E
19638,56082,56084,2,W
19641,56086,56086,0,W
19643,56089,56090,1,E
19645,56090,56090,0,W
19646,56094,56094,0,E
19647,56094,56094,0,W
19649,56098,56098,0,W
19651,56099,56100,1,E
19652,56102,56102,0,W
19654,56104,56104,0,E
19655,56106,56106,0,W
19656,56109,56110,1,E
19658,56110,56110,0,W
19660,56114,56114,0,E
19661,56114,56114,0,W
19663,56118,56118,0,W
19664,56119,56120,1,E
19666,56122,56122,0,W
19667,56124,56124,0,E
19669,56126,56126,0,W
19635,56077,56130,53,N
19629,56069,56130,61,S
19642,56088,56132,44,N
19634,56076,56132,56,S
19650,56099,56134,35,N
19639,56083,56134,51,S
19657,56110,56136,26,N
19644,56090,56136,46,S
19665,56121,56138,17,N
19648,56097,56138,41,S
19672,56132,56140,8,N
19653,56104,56140,36,S
19659,56111,56142,31,S
19680,56143,56144,1,N
19662,56118,56144,26,S
19668,56125,56146,21,S
19673,56132,56148,16,S
19677,56139,56150,11,S
19682,56146,56152,6,S
19687,56154,56154,0,N
19686,56153,56154,1,S
19692,56160,56160,0,S
19695,56165,56166,1,N
19697,56167,56168,1,S
19700,56174,56174,0,S
19670,56129,56176,47,E
19671,56130,56176,46,W
19674,56134,56176,42,E
19675,56134,56176,42,W
19678,56139,56178,39,E
19676,56138,56178,40,W
19681,56144,56178,34,E
19679,56142,56178,36,W
19684,56149,56180,31,E
19683,56146,56180,34,W
19688,56154,56180,26,E
19685,56150,56180,30,W
19691,56159,56182,23,E
19689,56154,56182,28,W
19694,56164,56182,18,E
19690,56158,56182,24,W
19698,56169,56184,15,E
19693,56162,56184,22,W
19701,56174,56184,10,E
19696,56166,56184,18,W
19705,56179,56186,7,E
19699,56170,56186,16,W
19708,56184,56186,2,E
19702,56174,56186,12,W
19704,56178,56188,10,W
19707,56182,56188,6,W
19712,56189,56190,1,E
19709,56186,56190,4,W
19713,56190,56190,0,W
19714,56194,56194,0,E
19715,56194,56194,0,W
19718,56198,56198,0,W
19719,56199,56200,1,E
19721,56202,56202,0,W
19722,56204,56204,0,E
19723,56206,56206,0,W
19726,56209,56210,1,E
19727,56210,56210,0,W
19728,56214,56214,0,E
19729,56214,56214,0,W
19731,56218,56218,0,W
19732,56219,56220,1,E
19734,56222,56222,0,W
19736,56224,56224,0,E
19737,56226,56226,0,W
19738,56229,56230,1,E
19740,56230,56230,0,W
19742,56234,56234,0,E
19743,56234,56234,0,W
19703,56176,56236,60,N
19706,56181,56236,55,S
19710,56187,56238,51,N
19711,56188,56238,50,S
19717,56198,56240,42,N
19716,56195,56240,45,S
19724,56209,56242,33,N
19720,56202,56242,40,S
19733,56220,56244,24,N
19725,56209,56244,35,S
19741,56231,56246,15,N
19730,56216,56246,30,S
19747,56242,56248,6,N
19735,56223,56248,25,S
19739,56230,56250,20,S
19744,56237,56252,15,S
19755,56253,56254,1,N
19749,56244,56254,10,S
19754,56251,56256,5,S
19758,56258,56258,0,S
19762,56264,56264,0,N
19764,56265,56266,1,S
19768,56272,56272,0,S
19771,56275,56276,1,N
19746,56239,56280,41,E
19745,56238,56280,42,W
19750,56244,56280,36,E
19748,56242,56280,38,W
19752,56249,56282,33,E
19751,56246,56282,36,W
19756,56254,56282,28,E
19753,56250,56282,32,W
19760,56259,56284,25,E
19757,56254,56284,30,W
19763,56264,56284,20,E
19759,56258,56284,26,W
19766,56269,56286,17,E
19761,56262,56286,24,W
19769,56274,56286,12,E
19765,56266,56286,20,W
19774,56279,56288,9,E
19767,56270,56288,18,W
19776,56284,56288,4,E
19770,56274,56288,14,W
19780,56289,56290,1,E
19772,56278,56290,12,W
19775,56282,56290,8,W
19779,56286,56292,6,W
19781,56290,56292,2,W
19783,56294,56294,0,E
19784,56294,56294,0,W
19786,56298,56298,0,W
19787,56299,56300,1,E
19789,56302,56302,0,W
19790,56304,56304,0,E
19791,56306,56306,0,W
19794,56309,56310,1,E
19795,56310,56310,0,W
19797,56314,56314,0,E
19798,56314,56314,0,W
19799,56318,56318,0,W
19801,56319,56320,1,E
19803,56322,56322,0,W
19804,56324,56324,0,E
19805,56326,56326,0,W
19807,56329,56330,1,E
19809,56330,56330,0,W
19810,56334,56334,0,E
19811,56334,56334,0,W
19813,56338,56338,0,W
19777,56286,56340,54,N
19773,56279,56340,61,S
19785,56297,56342,45,N
19778,56286,56342,56,S
19793,56308,56344,36,N
19782,56293,56344,51,S
19800,56319,56346,27,N
19788,56300,56346,46,S
19808,56330,56348,18,N
19792,56307,56348,41,S
19815,56341,56350,9,N
19796,56314,56350,36,S
19823,56352,56352,0,N
19802,56321,56352,31,S
19806,56328,56354,26,S
19812,56335,56356,21,S
19816,56342,56358,16,S
19820,56349,56360,11,S
19826,56356,56362,6,S
19830,56363,56364,1,N
19831,56363,56364,1,S
19835,56370,56370,0,S
19837,56374,56374,0,N
19840,56377,56378,1,S
19844,56384,56384,0,S
19814,56339,56386,47,E
19817,56342,56386,44,W
19818,56344,56386,42,E
19819,56346,56386,40,W
19821,56349,56388,39,E
19822,56350,56388,38,W
19824,56354,56388,34,E
19825,56354,56388,34,W
19828,56359,56390,31,E
19827,56358,56390,32,W
19832,56364,56390,26,E
19829,56362,56390,28,W
19834,56369,56392,23,E
19833,56366,56392,26,W
19838,56374,56392,18,E
19836,56370,56392,22,W
19842,56379,56394,15,E
19839,56374,56394,20,W
19845,56384,56394,10,E
19841,56378,56394,16,W
19848,56389,56396,7,E
19843,56382,56396,14,W
19851,56394,56396,2,E
19847,56386,56396,10,W
19849,56390,56398,8,W
19852,56394,56398,4,W
19856,56399,56400,1,E
19855,56398,56400,2,W
19857,56402,56402,0,W
19858,56404,56404,0,E
19860,56406,56406,0,W
19862,56409,56410,1,E
19863,56410,56410,0,W
19865,56414,56414,0,E
19866,56414,56414,0,W
19868,56418,56418,0,W
19870,56419,56420,1,E
19871,56422,56422,0,W
19872,56424,56424,0,E
19874,56426,56426,0,W
19876,56429,56430,1,E
19877,56430,56430,0,W
19879,56434,56434,0,E
19880,56434,56434,0,W
19881,56438,56438,0,W
19882,56439,56440,1,E
19885,56442,56442,0,W
19886,56444,56444,0,E
19846,56385,56446,61,N
19850,56391,56446,55,S
19853,56396,56448,52,N
19854,56398,56448,50,S
19861,56407,56450,43,N
19859,56405,56450,45,S
19867,56418,56452,34,N
19864,56412,56452,40,S
19875,56429,56454,25,N
19869,56419,56454,35,S
19883,56440,56456,16,N
19873,56426,56456,30,S
19891,56451,56458,7,N
19878,56433,56458,25,S
19884,56440,56460,20,S
19898,56462,56462,0,N
19888,56447,56462,15,S
19892,56454,56464,10,S
19897,56461,56466,5,S
19902,56468,56468,0,S
19905,56473,56474,1,N
19908,56475,56476,1,S
19911,56482,56482,0,S
19913,56484,56484,0,N
19889,56449,56490,41,E
19887,56446,56490,44,W
19893,56454,56490,36,E
19890,56450,56490,40,W
19896,56459,56492,33,E
19894,56454,56492,38,W
19900,56464,56492,28,E
19895,56458,56492,34,W
19903,56469,56494,25,E
19899,56462,56494,32,W
19906,56474,56494,20,E
19901,56466,56494,28,W
19910,56479,56496,17,E
19904,56470,56496,26,W
19914,56484,56496,12,E
19907,56474,56496,22,W
19917,56489,56498,9,E
19909,56478,56498,20,W
19919,56494,56498,4,E
19912,56482,56498,16,W
19924,56499,56500,1,E
19915,56486,56500,14,W
19918,56490,56500,10,W
19920,56494,56502,8,W
19923,56498,56502,4,W
19927,56504,56504,0,E
19925,56502,56504,2,W
19929,56506,56506,0,W
19930,56509,56510,1,E
19932,56510,56510,0,W
19933,56514,56514,0,E
19934,56514,56514,0,W
19937,56518,56518,0,W
19938,56519,56520,1,E
19939,56522,56522,0,W
19941,56524,56524,0,E
19942,56526,56526,0,W
19944,56529,56530,1,E
19945,56530,56530,0,W
19947,56534,56534,0,E
19948,56534,56534,0,W
19950,56538,56538,0,W
19952,56539,56540,1,E
19953,56542,56542,0,W
19954,56544,56544,0,E
19956,56546,56546,0,W
19921,56495,56550,55,N
19916,56489,56550,61,S
19928,56506,56552,46,N
19922,56496,56552,56,S
19935,56517,56554,37,N
19926,56503,56554,51,S
19943,56528,56556,28,N
19931,56510,56556,46,S
19951,56539,56558,19,N
19936,56517,56558,41,S
19958,56550,56560,10,N
19940,56524,56560,36,S
19966,56561,56562,1,N
19946,56531,56562,31,S
19949,56538,56564,26,S
19955,56545,56566,21,S
19960,56552,56568,16,S
19964,56559,56570,11,S
19973,56572,56572,0,N
19969,56566,56572,6,S
19974,56573,56574,1,S
19979,56580,56580,0,S
19981,56583,56584,1,N
19984,56587,56588,1,S
19987,56594,56594,0,N
19988,56594,56594,0,S
19957,56549,56596,47,E
19959,56550,56596,46,W
19961,56554,56596,42,E
19962,56554,56596,42,W
19965,56559,56598,39,E
19963,56558,56598,40,W
19968,56564,56598,34,E
19967,56562,56598,36,W
19971,56569,56600,31,E
19970,56566,56600,34,W
19975,56574,56600,26,E
19972,56570,56600,30,W
19978,56579,56602,23,E
19976,56574,56602,28,W
19982,56584,56602,18,E
19977,56578,56602,24,W
19985,56589,56604,15,E
19980,56582,56604,22,W
19989,56594,56604,10,E
19983,56586,56604,18,W
19992,56599,56606,7,E
19986,56590,56606,16,W
19995,56604,56606,2,E
19990,56594,56606,12,W
19991,56598,56608,10,W
19994,56602,56608,6,W
19999,56609,56610,1,E
19997,56606,56610,4,W
20000,56610,56610,0,W
20001,56614,56614,0,E
20002,56614,56614,0,W
20005,56618,56618,0,W
20006,56619,56620,1,E
20008,56622,56622,0,W
20009,56624,56624,0,E
20010,56626,56626,0,W
20013,56629,56630,1,E
20014,56630,56630,0,W
20015,56634,56634,0,E
20016,56634,56634,0,W
20019,56638,56638,0,W
20020,56639,56640,1,E
20021,56642,56642,0,W
20023,56644,56644,0,E
20024,56646,56646,0,W
20026,56649,56650,1,E
20028,56650,56650,0,W
20029,56654,56654,0,E
20030,56654,56654,0,W
19996,56605,56656,51,N
19993,56601,56656,55,S
20004,56616,56658,42,N
19998,56608,56658,50,S
20011,56627,56660,33,N
20003,56615,56660,45,S
20018,56638,56662,24,N
20007,56622,56662,40,S
20025,56649,56664,15,N
20012,56629,56664,35,S
20034,56660,56666,6,N
20017,56636,56666,30,S
20022,56643,56668,25,S
20027,56650,56670,20,S
20041,56671,56672,1,N
20031,56657,56672,15,S
20036,56664,56674,10,S
20042,56671,56676,5,S
20045,56678,56678,0,S
20048,56682,56682,0,N
20051,56685,56686,1,S
20055,56692,56692,0,S
20056,56693,56694,1,N
20033,56659,56700,41,E
20032,56658,56700,42,W
20037,56664,56700,36,E
20035,56662,56700,38,W
20039,56669,56702,33,E
20038,56666,56702,36,W
20043,56674,56702,28,E
20040,56670,56702,32,W
20047,56679,56704,25,E
20044,56674,56704,30,W
20050,56684,56704,20,E
20046,56678,56704,26,W
20053,56689,56706,17,E
20049,56682,56706,24,W
20057,56694,56706,12,E
20052,56686,56706,20,W
20061,56699,56708,9,E
20054,56690,56708,18,W
20064,56704,56708,4,E
20058,56694,56708,14,W
20067,56709,56710,1,E
20059,56698,56710,12,W
20062,56702,56710,8,W
20066,56706,56712,6,W
20068,56710,56712,2,W
20070,56714,56714,0,E
20071,56714,56714,0,W
20073,56718,56718,0,W
20074,56719,56720,1,E
20076,56722,56722,0,W
20077,56724,56724,0,E
20079,56726,56726,0,W
20081,56729,56730,1,E
20082,56730,56730,0,W
20084,56734,56734,0,E
20085,56734,56734,0,W
20087,56738,56738,0,W
20088,56739,56740,1,E
20090,56742,56742,0,W
20091,56744,56744,0,E
20092,56746,56746,0,W
20095,56749,56750,1,E
20096,56750,56750,0,W
20097,56754,56754,0,E
20098,56754,56754,0,W
20100,56758,56758,0,W
20063,56704,56760,56,N
20060,56699,56760,61,S
20072,56715,56762,47,N
20065,56706,56762,56,S
20078,56726,56764,38,N
20069,56713,56764,51,S
20086,56737,56766,29,N
20075,56720,56766,46,S
20093,56748,56768,20,N
20080,56727,56768,41,S
20101,56759,56770,11,N
20083,56734,56770,36,S
20109,56770,56772,2,N
20089,56741,56772,31,S
20094,56748,56774,26,S
20099,56755,56776,21,S
20103,56762,56778,16,S
20107,56769,56780,11,S
20116,56781,56782,1,N
20113,56776,56782,6,S
20118,56783,56784,1,S
20122,56790,56790,0,S
20124,56792,56792,0,N
20127,56797,56798,1,S
20131,56803,56804,1,N
20132,56804,56804,0,S
20102,56759,56806,47,E
20104,56762,56806,44,W
20105,56764,56806,42,E
20106,56766,56806,40,W
20108,56769,56808,39,E
20110,56770,56808,38,W
20111,56774,56808,34,E
20112,56774,56808,34,W
20115,56779,56810,31,E
20114,56778,56810,32,W
20119,56784,56810,26,E
20117,56782,56810,28,W
20121,56789,56812,23,E
20120,56786,56812,26,W
20125,56794,56812,18,E
20123,56790,56812,22,W
20129,56799,56814,15,E
20126,56794,56814,20,W
20133,56804,56814,10,E
20128,56798,56814,16,W
20135,56809,56816,7,E
20130,56802,56816,14,W
20139,56814,56816,2,E
20134,56806,56816,10,W
20136,56810,56818,8,W
20140,56814,56818,4,W
20143,56819,56820,1,E
20142,56818,56820,2,W
20144,56822,56822,0,W
20145,56824,56824,0,E
20148,56826,56826,0,W
20149,56829,56830,1,E
20150,56830,56830,0,W
20152,56834,56834,0,E
20153,56834,56834,0,W
20155,56838,56838,0,W
20157,56839,56840,1,E
20158,56842,56842,0,W
20159,56844,56844,0,E
20161,56846,56846,0,W
20163,56849,56850,1,E
20164,56850,56850,0,W
20166,56854,56854,0,E
20167,56854,56854,0,W
20169,56858,56858,0,W
20170,56859,56860,1,E
20172,56862,56862,0,W
20173,56864,56864,0,E
20138,56814,56866,52,N
20137,56811,56866,55,S
20146,56825,56868,43,N
20141,56818,56868,50,S
20154,56836,56870,34,N
20147,56825,56870,45,S
20162,56847,56872,25,N
20151,56832,56872,40,S
20168,56858,56874,16,N
20156,56839,56874,35,S
20176,56869,56876,7,N
20160,56846,56876,30,S
20165,56853,56878,25,S
20184,56880,56880,0,N
20171,56860,56880,20,S
20175,56867,56882,15,S
20179,56874,56884,10,S
20185,56881,56886,5,S
20189,56888,56888,0,S
20192,56891,56892,1,N
20195,56895,56896,1,S
20198,56902,56902,0,N
20199,56902,56902,0,S
20177,56869,56910,41,E
20174,56866,56910,44,W
20180,56874,56910,36,E
20178,56870,56910,40,W
20183,56879,56912,33,E
20181,56874,56912,38,W
20187,56884,56912,28,E
20182,56878,56912,34,W
20190,56889,56914,25,E
20186,56882,56914,32,W
20193,56894,56914,20,E
20188,56886,56914,28,W
20197,56899,56916,17,E
20191,56890,56916,26,W
20201,56904,56916,12,E
20194,56894,56916,22,W
20204,56909,56918,9,E
20196,56898,56918,20,W
20207,56914,56918,4,E
20200,56902,56918,16,W
20211,56919,56920,1,E
20202,56906,56920,14,W
20205,56910,56920,10,W
20208,56914,56922,8,W
20210,56918,56922,4,W
20215,56924,56924,0,E
20212,56922,56924,2,W
20216,56926,56926,0,W
20217,56929,56930,1,E
20219,56930,56930,0,W
20220,56934,56934,0,E
20221,56934,56934,0,W
20224,56938,56938,0,W
20225,56939,56940,1,E
20226,56942,56942,0,W
20228,56944,56944,0,E
20230,56946,56946,0,W
20231,56949,56950,1,E
20232,56950,56950,0,W
20234,56954,56954,0,E
20235,56954,56954,0,W
20238,56958,56958,0,W
20239,56959,56960,1,E
20240,56962,56962,0,W
20241,56964,56964,0,E
20243,56966,56966,0,W
20206,56913,56970,57,N
20203,56909,56970,61,S
20214,56924,56972,48,N
20209,56916,56972,56,S
20222,56935,56974,39,N
20213,56923,56974,51,S
20229,56946,56976,30,N
20218,56930,56976,46,S
20236,56957,56978,21,N
20223,56937,56978,41,S
20244,56968,56980,12,N
20227,56944,56980,36,S
20251,56979,56982,3,N
20233,56951,56982,31,S
20237,56958,56984,26,S
20242,56965,56986,21,S
20247,56972,56988,16,S
20259,56990,56990,0,N
20252,56979,56990,11,S
20256,56986,56992,6,S
20261,56993,56994,1,S
20266,57000,57000,0,S
20267,57001,57002,1,N
20271,57007,57008,1,S
20274,57012,57012,0,N
20275,57014,57014,0,S
20245,56969,57016,47,E
20246,56970,57016,46,W
20248,56974,57016,42,E
20249,56974,57016,42,W
20253,56979,57018,39,E
20250,56978,57018,40,W
20255,56984,57018,34,E
20254,56982,57018,36,W
20258,56989,57020,31,E
20257,56986,57020,34,W
20262,56994,57020,26,E
20260,56990,57020,30,W
20265,56999,57022,23,E
20263,56994,57022,28,W
20269,57004,57022,18,E
20264,56998,57022,24,W
20272,57009,57024,15,E
20268,57002,57024,22,W
20276,57014,57024,10,E
20270,57006,57024,18,W
20279,57019,57026,7,E
20273,57010,57026,16,W
20283,57024,57026,2,E
20277,57014,57026,12,W
20278,57018,57028,10,W
20281,57022,57028,6,W
20286,57029,57030,1,E
20284,57026,57030,4,W
20287,57030,57030,0,W
20289,57034,57034,0,E
20290,57034,57034,0,W
20292,57038,57038,0,W
20293,57039,57040,1,E
20295,57042,57042,0,W
20296,57044,57044,0,E
20298,57046,57046,0,W
20300,57049,57050,1,E
20301,57050,57050,0,W
20302,57054,57054,0,E
20303,57054,57054,0,W
20306,57058,57058,0,W
20307,57059,57060,1,E
20308,57062,57062,0,W
20310,57064,57064,0,E
20311,57066,57066,0,W
20313,57069,57070,1,E
20315,57070,57070,0,W
20316,57074,57074,0,E
20317,57074,57074,0,W
20282,57023,57076,53,N
20280,57021,57076,55,S
20288,57034,57078,44,N
20285,57028,57078,50,S
20297,57045,57080,35,N
20291,57035,57080,45,S
20304,57056,57082,26,N
20294,57042,57082,40,S
20312,57067,57084,17,N
20299,57049,57084,35,S
20319,57078,57086,8,N
20305,57056,57086,30,S
20309,57063,57088,25,S
20326,57089,57090,1,N
20314,57070,57090,20,S
20318,57077,57092,15,S
20323,57084,57094,10,S
20329,57091,57096,5,S
20332,57098,57098,0,S
20335,57100,57100,0,N
20338,57105,57106,1,S
20342,57111,57112,1,N
20343,57112,57112,0,S
20321,57079,57120,41,E
20320,57078,57120,42,W
20324,57084,57120,36,E
20322,57082,57120,38,W
20327,57089,57122,33,E
20325,57086,57122,36,W
20330,57094,57122,28,E
20328,57090,57122,32,W
20334,57099,57124,25,E
20331,57094,57124,30,W
20337,57104,57124,20,E
20333,57098,57124,26,W
20340,57109,57126,17,E
20336,57102,57126,24,W
20344,57114,57126,12,E
20339,57106,57126,20,W
20348,57119,57128,9,E
20341,57110,57128,18,W
20351,57124,57128,4,E
20345,57114,57128,14,W
20354,57129,57130,1,E
20346,57118,57130,12,W
20350,57122,57130,8,W
20353,57126,57132,6,W
20355,57130,57132,2,W
20358,57134,57134,0,E
20359,57134,57134,0,W
20360,57138,57138,0,W
20361,57139,57140,1,E
20363,57142,57142,0,W
20365,57144,57144,0,E
20366,57146,57146,0,W
20368,57149,57150,1,E
20369,57150,57150,0,W
20371,57154,57154,0,E
20372,57154,57154,0,W
20374,57158,57158,0,W
20375,57159,57160,1,E
20377,57162,57162,0,W
20378,57164,57164,0,E
20380,57166,57166,0,W
20382,57169,57170,1,E
20383,57170,57170,0,W
20384,57174,57174,0,E
20385,57174,57174,0,W
20388,57178,57178,0,W
20349,57122,57180,58,N
20347,57119,57180,61,S
20356,57133,57182,49,N
20352,57126,57182,56,S
20364,57144,57184,40,N
20357,57133,57184,51,S
20373,57155,57186,31,N
20362,57140,57186,46,S
20379,57166,57188,22,N
20367,57147,57188,41,S
20387,57177,57190,13,N
20370,57154,57190,36,S
20394,57188,57192,4,N
20376,57161,57192,31,S
20381,57168,57194,26,S
20386,57175,57196,21,S
20390,57182,57198,16,S
20402,57199,57200,1,N
20395,57189,57200,11,S
20400,57196,57202,6,S
20405,57203,57204,1,S
20409,57210,57210,0,N
20410,57210,57210,0,S
20414,57217,57218,1,S
20417,57221,57222,1,N
20419,57224,57224,0,S
20389,57179,57226,47,E
20391,57182,57226,44,W
20392,57184,57226,42,E
20393,57186,57226,40,W
20396,57189,57228,39,E
20397,57190,57228,38,W
20398,57194,57228,34,E
20399,57194,57228,34,W
20403,57199,57230,31,E
20401,57198,57230,32,W
20406,57204,57230,26,E
20404,57202,57230,28,W
20408,57209,57232,23,E
20407,57206,57232,26,W
20412,57214,57232,18,E
20411,57210,57232,22,W
20416,57219,57234,15,E
20413,57214,57234,20,W
20420,57224,57234,10,E
20415,57218,57234,16,W
20422,57229,57236,7,E
20418,57222,57236,14,W
20426,57234,57236,2,E
20421,57226,57236,10,W
20423,57230,57238,8,W
20427,57234,57238,4,W
20430,57239,57240,1,E
20429,57238,57240,2,W
20431,57242,57242,0,W
20433,57244,57244,0,E
20435,57246,57246,0,W
20436,57249,57250,1,E
20437,57250,57250,0,W
20440,57254,57254,0,E
20441,57254,57254,0,W
20442,57258,57258,0,W
20444,57259,57260,1,E
20445,57262,57262,0,W
20446,57264,57264,0,E
20449,57266,57266,0,W
20450,57269,57270,1,E
20451,57270,57270,0,W
20453,57274,57274,0,E
20454,57274,57274,0,W
20456,57278,57278,0,W
20457,57279,57280,1,E
20459,57282,57282,0,W
20460,57284,57284,0,E
20425,57232,57286,54,N
20424,57231,57286,55,S
20432,57243,57288,45,N
20428,57238,57288,50,S
20439,57254,57290,36,N
20434,57245,57290,45,S
20447,57265,57292,27,N
20438,57252,57292,40,S
20455,57276,57294,18,N
20443,57259,57294,35,S
20462,57287,57296,9,N
20448,57266,57296,30,S
20469,57298,57298,0,N
20452,57273,57298,25,S
20458,57280,57300,20,S
20463,57287,57302,15,S
20466,57294,57304,10,S
20472,57301,57306,5,S
20476,57308,57308,0,S
20477,57309,57310,1,N
20482,57315,57316,1,S
20485,57320,57320,0,N
20486,57322,57322,0,S
20464,57289,57330,41,E
20461,57286,57330,44,W
20467,57294,57330,36,E
20465,57290,57330,40,W
20471,57299,57332,33,E
20468,57294,57332,38,W
20474,57304,57332,28,E
20470,57298,57332,34,W
20478,57309,57334,25,E
20473,57302,57334,32,W
20480,57314,57334,20,E
20475,57306,57334,28,W
20484,57319,57336,17,E
20479,57310,57336,26,W
20488,57324,57336,12,E
20481,57314,57336,22,W
20491,57329,57338,9,E
20483,57318,57338,20,W
20494,57334,57338,4,E
20487,57322,57338,16,W
20498,57339,57340,1,E
20489,57326,57340,14,W
20492,57330,57340,10,W
20495,57334,57342,8,W
20497,57338,57342,4,W
20502,57344,57344,0,E
20500,57342,57344,2,W
20503,57346,57346,0,W
20504,57349,57350,1,E
20506,57350,57350,0,W
20508,57354,57354,0,E
20509,57354,57354,0,W
20511,57358,57358,0,W
20512,57359,57360,1,E
20513,57362,57362,0,W
20516,57364,57364,0,E
20517,57366,57366,0,W
20518,57369,57370,1,E
20519,57370,57370,0,W
20521,57374,57374,0,E
20522,57374,57374,0,W
20525,57378,57378,0,W
20526,57379,57380,1,E
20527,57382,57382,0,W
20528,57384,57384,0,E
20531,57386,57386,0,W
20493,57331,57390,59,N
20490,57329,57390,61,S
20499,57342,57392,50,N
20496,57336,57392,56,S
20507,57353,57394,41,N
20501,57343,57394,51,S
20514,57364,57396,32,N
20505,57350,57396,46,S
20523,57375,57398,23,N
20510,57357,57398,41,S
20530,57386,57400,14,N
20515,57364,57400,36,S
20537,57397,57402,5,N
20520,57371,57402,31,S
20524,57378,57404,26,S
20529,57385,57406,21,S
20545,57408,57408,0,N
20534,57392,57408,16,S
20539,57399,57410,11,S
20543,57406,57412,6,S
20548,57413,57414,1,S
20552,57419,57420,1,N
20554,57420,57420,0,S
20558,57427,57428,1,S
20560,57430,57430,0,N
20562,57434,57434,0,S
20532,57389,57436,47,E
20533,57390,57436,46,W
20535,57394,57436,42,E
20536,57394,57436,42,W
20540,57399,57438,39,E
20538,57398,57438,40,W
20542,57404,57438,34,E
20541,57402,57438,36,W
20546,57409,57440,31,E
20544,57406,57440,34,W
20549,57414,57440,26,E
20547,57410,57440,30,W
20553,57419,57442,23,E
20550,57414,57442,28,W
20556,57424,57442,18,E
20551,57418,57442,24,W
20559,57429,57444,15,E
20555,57422,57444,22,W
20563,57434,57444,10,E
20557,57426,57444,18,W
20566,57439,57446,7,E
20561,57430,57446,16,W
20570,57444,57446,2,E
20564,57434,57446,12,W
20565,57438,57448,10,W
20569,57442,57448,6,W
20573,57449,57450,1,E
20571,57446,57450,4,W
20574,57450,57450,0,W
20576,57454,57454,0,E
20577,57454,57454,0,W
20579,57458,57458,0,W
20580,57459,57460,1,E
20582,57462,57462,0,W
20584,57464,57464,0,E
20585,57466,57466,0,W
20587,57469,57470,1,E
20588,57470,57470,0,W
20590,57474,57474,0,E
20591,57474,57474,0,W
20593,57478,57478,0,W
20594,57479,57480,1,E
20595,57482,57482,0,W
20597,57484,57484,0,E
20599,57486,57486,0,W
20600,57489,57490,1,E
20602,57490,57490,0,W
20603,57494,57494,0,E
20604,57494,57494,0,W
20567,57441,57496,55,N
20568,57441,57496,55,S
20575,57452,57498,46,N
20572,57448,57498,50,S
20583,57463,57500,37,N
20578,57455,57500,45,S
20589,57474,57502,28,N
20581,57462,57502,40,S
20598,57485,57504,19,N
20586,57469,57504,35,S
20605,57496,57506,10,N
20592,57476,57506,30,S
20613,57507,57508,1,N
20596,57483,57508,25,S
20601,57490,57510,20,S
20606,57497,57512,15,S
20610,57504,57514,10,S
20616,57511,57516,5,S
20619,57518,57518,0,N
20620,57518,57518,0,S
20625,57525,57526,1,S
20627,57529,57530,1,N
20630,57532,57532,0,S
20608,57499,57540,41,E
20607,57498,57540,42,W
20611,57504,57540,36,E
20609,57502,57540,38,W
20614,57509,57542,33,E
20612,57506,57542,36,W
20617,57514,57542,28,E
20615,57510,57542,32,W
20622,57519,57544,25,E
20618,57514,57544,30,W
20624,57524,57544,20,E
20621,57518,57544,26,W
20628,57529,57546,17,E
20623,57522,57546,24,W
20631,57534,57546,12,E
20626,57526,57546,20,W
20635,57539,57548,9,E
20629,57530,57548,18,W
20638,57544,57548,4,E
20632,57534,57548,14,W
20641,57549,57550,1,E
20633,57538,57550,12,W
20637,57542,57550,8,W
20640,57546,57552,6,W
20642,57550,57552,2,W
20645,57554,57554,0,E
20646,57554,57554,0,W
20647,57558,57558,0,W
20648,57559,57560,1,E
20651,57562,57562,0,W
20652,57564,57564,0,E
20653,57566,57566,0,W
20655,57569,57570,1,E
20656,57570,57570,0,W
20659,57574,57574,0,E
20660,57574,57574,0,W
20661,57578,57578,0,W
20662,57579,57580,1,E
20664,57582,57582,0,W
20666,57584,57584,0,E
20667,57586,57586,0,W
20669,57589,57590,1,E
20670,57590,57590,0,W
20671,57594,57594,0,E
20672,57594,57594,0,W
20675,57598,57598,0,W
20636,57540,57600,60,N
20634,57539,57600,61,S
20643,57551,57602,51,N
20639,57546,57602,56,S
20650,57562,57604,42,N
20644,57553,57604,51,S
20657,57573,57606,33,N
20649,57560,57606,46,S
20665,57584,57608,24,N
20654,57567,57608,41,S
20673,57595,57610,15,N
20658,57574,57610,36,S
20680,57606,57612,6,N
20663,57581,57612,31,S
20668,57588,57614,26,S
20687,57616,57616,0,N
20674,57595,57616,21,S
20677,57602,57618,16,S
20682,57609,57620,11,S
20688,57616,57622,6,S
20692,57623,57624,1,S
20694,57626,57626,0,N
20697,57630,57630,0,S
20701,57636,57636,0,N
20702,57637,57638,1,S
20706,57644,57644,0,S
20676,57599,57646,47,E
20678,57602,57646,44,W
20679,57604,57646,42,E
20681,57606,57646,40,W
20683,57609,57648,39,E
20684,57610,57648,38,W
20685,57614,57648,34,E
20686,57614,57648,34,W
20690,57619,57650,31,E
20689,57618,57650,32,W
20693,57624,57650,26,E
20691,57622,57650,28,W
20696,57629,57652,23,E
20695,57626,57652,26,W
20699,57634,57652,18,E
20698,57630,57652,22,W
20704,57639,57654,15,E
20700,57634,57654,20,W
20707,57644,57654,10,E
20703,57638,57654,16,W
20710,57649,57656,7,E
20705,57642,57656,14,W
20713,57654,57656,2,E
20709,57646,57656,10,W
20711,57650,57658,8,W
20714,57654,57658,4,W
20718,57659,57660,1,E
20717,57658,57660,2,W
20719,57662,57662,0,W
20720,57664,57664,0,E
20723,57666,57666,0,W
20724,57669,57670,1,E
20725,57670,57670,0,W
20727,57674,57674,0,E
20728,57674,57674,0,W
20730,57678,57678,0,W
20732,57679,57680,1,E
20733,57682,57682,0,W
20734,57684,57684,0,E
20737,57686,57686,0,W
20738,57689,57690,1,E
20739,57690,57690,0,W
20741,57694,57694,0,E
20742,57694,57694,0,W
20744,57698,57698,0,W
20745,57699,57700,1,E
20747,57702,57702,0,W
20748,57704,57704,0,E
20708,57646,57706,60,N
20712,57651,57706,55,S
20715,57656,57708,52,N
20716,57658,57708,50,S
20722,57666,57710,44,N
20721,57665,57710,45,S
20729,57676,57712,36,N
20726,57672,57712,40,S
20735,57686,57714,28,N
20731,57679,57714,35,S
20743,57696,57716,20,N
20736,57686,57716,30,S
20749,57706,57718,12,N
20740,57693,57718,25,S
20757,57716,57720,4,N
20746,57700,57720,20,S
20751,57707,57722,15,S
20754,57714,57724,10,S
20763,57726,57726,0,N
20760,57721,57726,5,S
20765,57728,57728,0,S
20771,57736,57736,0,N
20770,57735,57736,1,S
20774,57742,57742,0,S
20777,57746,57746,0,N
20752,57709,57750,41,E
20750,57706,57750,44,W
20755,57714,57750,36,E
20753,57710,57750,40,W
20759,57719,57752,33,E
20756,57714,57752,38,W
20762,57724,57752,28,E
20758,57718,57752,34,W
20766,57729,57754,25,E
20761,57722,57754,32,W
20768,57734,57754,20,E
20764,57726,57754,28,W
20773,57739,57756,17,E
20767,57730,57756,26,W
20776,57744,57756,12,E
20769,57734,57756,22,W
20780,57749,57758,9,E
20772,57738,57758,20,W
20782,57754,57758,4,E
20775,57742,57758,16,W
20787,57759,57760,1,E
20778,57746,57760,14,W
20781,57750,57760,10,W
20783,57754,57762,8,W
20786,57758,57762,4,W
20790,57764,57764,0,E
20788,57762,57764,2,W
20792,57766,57766,0,W
20793,57769,57770,1,E
20795,57770,57770,0,W
20796,57774,57774,0,E
20797,57774,57774,0,W
20800,57778,57778,0,W
20801,57779,57780,1,E
20802,57782,57782,0,W
20804,57784,57784,0,E
20806,57786,57786,0,W
20807,57789,57790,1,E
20808,57790,57790,0,W
20810,57794,57794,0,E
20811,57794,57794,0,W
20814,57798,57798,0,W
20815,57799,57800,1,E
20816,57802,57802,0,W
20817,57804,57804,0,E
20820,57806,57806,0,W
20784,57756,57810,54,N
20779,57749,57810,61,S
20791,57766,57812,46,N
20785,57756,57812,56,S
20798,57776,57814,38,N
20789,57763,57814,51,S
20805,57786,57816,30,N
20794,57770,57816,46,S
20812,57796,57818,22,N
20799,57777,57818,41,S
20819,57806,57820,14,N
20803,57784,57820,36,S
20826,57816,57822,6,N
20809,57791,57822,31,S
20813,57798,57824,26,S
20832,57826,57826,0,N
20818,57805,57826,21,S
20823,57812,57828,16,S
20828,57819,57830,11,S
20833,57826,57832,6,S
20837,57833,57834,1,S
20840,57836,57836,0,N
20843,57840,57840,0,S
20846,57846,57846,0,N
20848,57847,57848,1,S
20851,57854,57854,0,S
20821,57809,57856,47,E
20822,57810,57856,46,W
20824,57814,57856,42,E
20825,57814,57856,42,W
20829,57819,57858,39,E
20827,57818,57858,40,W
20831,57824,57858,34,E
20830,57822,57858,36,W
20835,57829,57860,31,E
20834,57826,57860,34,W
20838,57834,57860,26,E
20836,57830,57860,30,W
20842,57839,57862,23,E
20839,57834,57862,28,W
20845,57844,57862,18,E
20841,57838,57862,24,W
20849,57849,57864,15,E
20844,57842,57864,22,W
20852,57854,57864,10,E
20847,57846,57864,18,W
20856,57859,57866,7,E
20850,57850,57866,16,W
20859,57864,57866,2,E
20853,57854,57866,12,W
20855,57858,57868,10,W
20858,57862,57868,6,W
20863,57869,57870,1,E
20861,57866,57870,4,W
20864,57870,57870,0,W
20865,57874,57874,0,E
20866,57874,57874,0,W
20869,57878,57878,0,W
20870,57879,57880,1,E
20872,57882,57882,0,W
20873,57884,57884,0,E
20875,57886,57886,0,W
20877,57889,57890,1,E
20878,57890,57890,0,W
20879,57894,57894,0,E
20880,57894,57894,0,W
20883,57898,57898,0,W
20884,57899,57900,1,E
20885,57902,57902,0,W
20887,57904,57904,0,E
20889,57906,57906,0,W
20890,57909,57910,1,E
20892,57910,57910,0,W
20893,57914,57914,0,E
20894,57914,57914,0,W
20854,57856,57916,60,N
20857,57861,57916,55,S
20860,57866,57918,52,N
20862,57868,57918,50,S
20868,57876,57920,44,N
20867,57875,57920,45,S
20874,57886,57922,36,N
20871,57882,57922,40,S
20881,57896,57924,28,N
20876,57889,57924,35,S
20888,57906,57926,20,N
20882,57896,57926,30,S
20895,57916,57928,12,N
20886,57903,57928,25,S
20902,57926,57930,4,N
20891,57910,57930,20,S
20896,57917,57932,15,S
20900,57924,57934,10,S
20909,57936,57936,0,N
20906,57931,57936,5,S
20910,57938,57938,0,S
20916,57946,57946,0,N
20915,57945,57946,1,S
20920,57952,57952,0,S
20923,57956,57956,0,N
20898,57919,57960,41,E
20897,57918,57960,42,W
20901,57924,57960,36,E
20899,57922,57960,38,W
20904,57929,57962,33,E
20903,57926,57962,36,W
20907,57934,57962,28,E
20905,57930,57962,32,W
20912,57939,57964,25,E
20908,57934,57964,30,W
20914,57944,57964,20,E
20911,57938,57964,26,W
20918,57949,57966,17,E
20913,57942,57966,24,W
20921,57954,57966,12,E
20917,57946,57966,20,W
20926,57959,57968,9,E
20919,57950,57968,18,W
20928,57964,57968,4,E
20922,57954,57968,14,W
20932,57969,57970,1,E
20924,57958,57970,12,W
20927,57962,57970,8,W
20931,57966,57972,6,W
20933,57970,57972,2,W
20935,57974,57974,0,E
20936,57974,57974,0,W
20938,57978,57978,0,W
20939,57979,57980,1,E
20941,57982,57982,0,W
20942,57984,57984,0,E
20944,57986,57986,0,W
20946,57989,57990,1,E
20947,57990,57990,0,W
20949,57994,57994,0,E
20950,57994,57994,0,W
20952,57998,57998,0,W
20953,57999,58000,1,E
20955,58002,58002,0,W
20956,58004,58004,0,E
20958,58006,58006,0,W
20960,58009,58010,1,E
20961,58010,58010,0,W
20962,58014,58014,0,E
20963,58014,58014,0,W
20966,58018,58018,0,W
20929,57966,58020,54,N
20925,57959,58020,61,S
20937,57976,58022,46,N
20930,57966,58022,56,S
20943,57986,58024,38,N
20934,57973,58024,51,S
20951,57996,58026,30,N
20940,57980,58026,46,S
20957,58006,58028,22,N
20945,57987,58028,41,S
20965,58016,58030,14,N
20948,57994,58030,36,S
20971,58026,58032,6,N
20954,58001,58032,31,S
20959,58008,58034,26,S
20978,58036,58036,0,N
20964,58015,58036,21,S
20968,58022,58038,16,S
20973,58029,58040,11,S
20979,58036,58042,6,S
20983,58043,58044,1,S
20985,58046,58046,0,N
20988,58050,58050,0,S
20992,58056,58056,0,N
20993,58057,58058,1,S
20997,58064,58064,0,S
20967,58019,58066,47,E
20969,58022,58066,44,W
20970,58024,58066,42,E
20972,58026,58066,40,W
20974,58029,58068,39,E
20975,58030,58068,38,W
20976,58034,58068,34,E
20977,58034,58068,34,W
20981,58039,58070,31,E
20980,58038,58070,32,W
20984,58044,58070,26,E
20982,58042,58070,28,W
20987,58049,58072,23,E
20986,58046,58072,26,W
20990,58054,58072,18,E
20989,58050,58072,22,W
20995,58059,58074,15,E
20991,58054,58074,20,W
20998,58064,58074,10,E
20994,58058,58074,16,W
21001,58069,58076,7,E
20996,58062,58076,14,W
21004,58074,58076,2,E
21000,58066,58076,10,W
21002,58070,58078,8,W
21005,58074,58078,4,W
21009,58079,58080,1,E
21008,58078,58080,2,W
21010,58082,58082,0,W
21011,58084,58084,0,E
21014,58086,58086,0,W
21015,58089,58090,1,E
21016,58090,58090,0,W
21018,58094,58094,0,E
21019,58094,58094,0,W
21021,58098,58098,0,W
21023,58099,58100,1,E
21024,58102,58102,0,W
21025,58104,58104,0,E
21028,58106,58106,0,W
21029,58109,58110,1,E
21030,58110,58110,0,W
21032,58114,58114,0,E
21033,58114,58114,0,W
21035,58118,58118,0,W
21036,58119,58120,1,E
21038,58122,58122,0,W
21039,58124,58124,0,E
20999,58066,58126,60,N
21003,58071,58126,55,S
21006,58076,58128,52,N
21007,58078,58128,50,S
21013,58086,58130,44,N
21012,58085,58130,45,S
21020,58096,58132,36,N
21017,58092,58132,40,S
21026,58106,58134,28,N
21022,58099,58134,35,S
21034,58116,58136,20,N
21027,58106,58136,30,S
21040,58126,58138,12,N
21031,58113,58138,25,S
21048,58136,58140,4,N
21037,58120,58140,20,S
21042,58127,58142,15,S
21045,58134,58144,10,S
21054,58146,58146,0,N
21051,58141,58146,5,S
21056,58148,58148,0,S
21062,58156,58156,0,N
21061,58155,58156,1,S
21065,58162,58162,0,S
21068,58166,58166,0,N
21043,58129,58170,41,E
21041,58126,58170,44,W
21046,58134,58170,36,E
21044,58130,58170,40,W
21050,58139,58172,33,E
21047,58134,58172,38,W
21053,58144,58172,28,E
21049,58138,58172,34,W
21057,58149,58174,25,E
21052,58142,58174,32,W
21059,58154,58174,20,E
21055,58146,58174,28,W
21064,58159,58176,17,E
21058,58150,58176,26,W
21067,58164,58176,12,E
21060,58154,58176,22,W
21071,58169,58178,9,E
21063,58158,58178,20,W
21073,58174,58178,4,E
21066,58162,58178,16,W
21078,58179,58180,1,E
21069,58166,58180,14,W
21072,58170,58180,10,W
21074,58174,58182,8,W
21077,58178,58182,4,W
21081,58184,58184,0,E
21079,58182,58184,2,W
21083,58186,58186,0,W
21084,58189,58190,1,E
21086,58190,58190,0,W
21087,58194,58194,0,E
21088,58194,58194,0,W
21091,58198,58198,0,W
21092,58199,58200,1,E
21093,58202,58202,0,W
21095,58204,58204,0,E
21097,58206,58206,0,W
21098,58209,58210,1,E
21099,58210,58210,0,W
21101,58214,58214,0,E
21102,58214,58214,0,W
21105,58218,58218,0,W
21106,58219,58220,1,E
21107,58222,58222,0,W
21108,58224,58224,0,E
21111,58226,58226,0,W
21075,58176,58230,54,N
21070,58169,58230,61,S
21082,58186,58232,46,N
21076,58176,58232,56,S
21089,58196,58234,38,N
21080,58183,58234,51,S
21096,58206,58236,30,N
21085,58190,58236,46,S
21103,58216,58238,22,N
21090,58197,58238,41,S
21110,58226,58240,14,N
21094,58204,58240,36,S
21117,58236,58242,6,N
21100,58211,58242,31,S
21104,58218,58244,26,S
21123,58246,58246,0,N
21109,58225,58246,21,S
21114,58232,58248,16,S
21119,58239,58250,11,S
21124,58246,58252,6,S
21128,58253,58254,1,S
21131,58256,58256,0,N
21134,58260,58260,0,S
21137,58266,58266,0,N
21139,58267,58268,1,S
21142,58274,58274,0,S
21112,58229,58276,47,E
21113,58230,58276,46,W
21115,58234,58276,42,E
21116,58234,58276,42,W
21120,58239,58278,39,E
21118,58238,58278,40,W
21122,58244,58278,34,E
21121,58242,58278,36,W
21126,58249,58280,31,E
21125,58246,58280,34,W
21129,58254,58280,26,E
21127,58250,58280,30,W
21133,58259,58282,23,E
21130,58254,58282,28,W
21136,58264,58282,18,E
21132,58258,58282,24,W
21140,58269,58284,15,E
21135,58262,58284,22,W
21143,58274,58284,10,E
21138,58266,58284,18,W
21147,58279,58286,7,E
21141,58270,58286,16,W
21150,58284,58286,2,E
21144,58274,58286,12,W
21146,58278,58288,10,W
21149,58282,58288,6,W
21154,58289,58290,1,E
21152,58286,58290,4,W
21155,58290,58290,0,W
21156,58294,58294,0,E
21157,58294,58294,0,W
21160,58298,58298,0,W
21161,58299,58300,1,E
21163,58302,58302,0,W
21164,58304,58304,0,E
21166,58306,58306,0,W
21168,58309,58310,1,E
21169,58310,58310,0,W
21170,58314,58314,0,E
21171,58314,58314,0,W
21174,58318,58318,0,W
21175,58319,58320,1,E
21176,58322,58322,0,W
21178,58324,58324,0,E
21180,58326,58326,0,W
21181,58329,58330,1,E
21183,58330,58330,0,W
21184,58334,58334,0,E
21185,58334,58334,0,W
21145,58276,58336,60,N
21148,58281,58336,55,S
21151,58286,58338,52,N
21153,58288,58338,50,S
21159,58296,58340,44,N
21158,58295,58340,45,S
21165,58306,58342,36,N
21162,58302,58342,40,S
21172,58316,58344,28,N
21167,58309,58344,35,S
21179,58326,58346,20,N
21173,58316,58346,30,S
21186,58336,58348,12,N
21177,58323,58348,25,S
21193,58346,58350,4,N
21182,58330,58350,20,S
21187,58337,58352,15,S
21191,58344,58354,10,S
21200,58356,58356,0,N
21197,58351,58356,5,S
21201,58358,58358,0,S
21207,58366,58366,0,N
21206,58365,58366,1,S
21211,58372,58372,0,S
21214,58376,58376,0,N
21189,58339,58380,41,E
21188,58338,58380,42,W
21192,58344,58380,36,E
21190,58342,58380,38,W
21195,58349,58382,33,E
21194,58346,58382,36,W
21198,58354,58382,28,E
21196,58350,58382,32,W
21203,58359,58384,25,E
21199,58354,58384,30,W
21205,58364,58384,20,E
21202,58358,58384,26,W
21209,58369,58386,17,E
21204,58362,58386,24,W
21212,58374,58386,12,E
21208,58366,58386,20,W
21217,58379,58388,9,E
21210,58370,58388,18,W
21219,58384,58388,4,E
21213,58374,58388,14,W
21223,58389,58390,1,E
21215,58378,58390,12,W
21218,58382,58390,8,W
21222,58386,58392,6,W
21224,58390,58392,2,W
21226,58394,58394,0,E
21227,58394,58394,0,W
21229,58398,58398,0,W
21230,58399,58400,1,E
21232,58402,58402,0,W
21233,58404,58404,0,E
21235,58406,58406,0,W
21237,58409,58410,1,E
21238,58410,58410,0,W
21240,58414,58414,0,E
21241,58414,58414,0,W
21243,58418,58418,0,W
21244,58419,58420,1,E
21246,58422,58422,0,W
21247,58424,58424,0,E
21249,58426,58426,0,W
21251,58429,58430,1,E
21252,58430,58430,0,W
21253,58434,58434,0,E
21254,58434,58434,0,W
21257,58438,58438,0,W
21220,58386,58440,54,N
21216,58379,58440,61,S
21228,58396,58442,46,N
21221,58386,58442,56,S
21234,58406,58444,38,N
21225,58393,58444,51,S
21242,58416,58446,30,N
21231,58400,58446,46,S
21248,58426,58448,22,N
21236,58407,58448,41,S
21256,58436,58450,14,N
21239,58414,58450,36,S
21262,58446,58452,6,N
21245,58421,58452,31,S
21250,58428,58454,26,S
21269,58456,58456,0,N
21255,58435,58456,21,S
21259,58442,58458,16,S
21264,58449,58460,11,S
21270,58456,58462,6,S
21274,58463,58464,1,S
21276,58466,58466,0,N
21279,58470,58470,0,S
21283,58476,58476,0,N
21284,58477,58478,1,S
21288,58484,58484,0,S
21258,58439,58486,47,E
21260,58442,58486,44,W
21261,58444,58486,42,E
21263,58446,58486,40,W
21265,58449,58488,39,E
21266,58450,58488,38,W
21267,58454,58488,34,E
21268,58454,58488,34,W
21272,58459,58490,31,E
21271,58458,58490,32,W
21275,58464,58490,26,E
21273,58462,58490,28,W
21278,58469,58492,23,E
21277,58466,58492,26,W
21281,58474,58492,18,E
21280,58470,58492,22,W
21286,58479,58494,15,E
21282,58474,58494,20,W
21289,58484,58494,10,E
21285,58478,58494,16,W
21292,58489,58496,7,E
21287,58482,58496,14,W
21295,58494,58496,2,E
21291,58486,58496,10,W
21293,58490,58498,8,W
21296,58494,58498,4,W
21300,58499,58500,1,E
21299,58498,58500,2,W
21301,58502,58502,0,W
21302,58504,58504,0,E
21305,58506,58506,0,W
21306,58509,58510,1,E
21307,58510,58510,0,W
21309,58514,58514,0,E
21310,58514,58514,0,W
21312,58518,58518,0,W
21314,58519,58520,1,E
21315,58522,58522,0,W
21316,58524,58524,0,E
21319,58526,58526,0,W
21320,58529,58530,1,E
21321,58530,58530,0,W
21323,58534,58534,0,E
21324,58534,58534,0,W
21326,58538,58538,0,W
21327,58539,58540,1,E
21329,58542,58542,0,W
21330,58544,58544,0,E
21290,58486,58546,60,N
21294,58491,58546,55,S
21297,58496,58548,52,N
21298,58498,58548,50,S
21304,58506,58550,44,N
21303,58505,58550,45,S
21311,58516,58552,36,N
21308,58512,58552,40,S
21317,58526,58554,28,N
21313,58519,58554,35,S
21325,58536,58556,20,N
21318,58526,58556,30,S
21331,58546,58558,12,N
21322,58533,58558,25,S
21339,58556,58560,4,N
21328,58540,58560,20,S
21333,58547,58562,15,S
21336,58554,58564,10,S
21345,58566,58566,0,N
21342,58561,58566,5,S
21347,58568,58568,0,S
21353,58576,58576,0,N
21352,58575,58576,1,S
21356,58582,58582,0,S
21359,58586,58586,0,N
21334,58549,58590,41,E
21332,58546,58590,44,W
21337,58554,58590,36,E
21335,58550,58590,40,W
21341,58559,58592,33,E
21338,58554,58592,38,W
21344,58564,58592,28,E
21340,58558,58592,34,W
21348,58569,58594,25,E
21343,58562,58594,32,W
21350,58574,58594,20,E
21346,58566,58594,28,W
21355,58579,58596,17,E
21349,58570,58596,26,W
21358,58584,58596,12,E
21351,58574,58596,22,W
21362,58589,58598,9,E
21354,58578,58598,20,W
21364,58594,58598,4,E
21357,58582,58598,16,W
21369,58599,58600,1,E
21360,58586,58600,14,W
21363,58590,58600,10,W
21365,58594,58602,8,W
21368,58598,58602,4,W
21372,58604,58604,0,E
21370,58602,58604,2,W
21374,58606,58606,0,W
21375,58609,58610,1,E
21377,58610,58610,0,W
21378,58614,58614,0,E
21379,58614,58614,0,W
21382,58618,58618,0,W
21383,58619,58620,1,E
21384,58622,58622,0,W
21386,58624,58624,0,E
21388,58626,58626,0,W
21389,58629,58630,1,E
21390,58630,58630,0,W
21392,58634,58634,0,E
21393,58634,58634,0,W
21396,58638,58638,0,W
21397,58639,58640,1,E
21398,58642,58642,0,W
21399,58644,58644,0,E
21402,58646,58646,0,W
21366,58596,58650,54,N
21361,58589,58650,61,S
21373,58606,58652,46,N
21367,58596,58652,56,S
21380,58616,58654,38,N
21371,58603,58654,51,S
21387,58626,58656,30,N
21376,58610,58656,46,S
21394,58636,58658,22,N
21381,58617,58658,41,S
21401,58646,58660,14,N
21385,58624,58660,36,S
21408,58656,58662,6,N
21391,58631,58662,31,S
21395,58638,58664,26,S
21414,58666,58666,0,N
21400,58645,58666,21,S
21405,58652,58668,16,S
21410,58659,58670,11,S
21415,58666,58672,6,S
21419,58673,58674,1,S
21422,58676,58676,0,N
21425,58680,58680,0,S
21428,58686,58686,0,N
21430,58687,58688,1,S
21433,58694,58694,0,S
21403,58649,58696,47,E
21404,58650,58696,46,W
21406,58654,58696,42,E
21407,58654,58696,42,W
21411,58659,58698,39,E
21409,58658,58698,40,W
21413,58664,58698,34,E
21412,58662,58698,36,W
21417,58669,58700,31,E
21416,58666,58700,34,W
21420,58674,58700,26,E
21418,58670,58700,30,W
21424,58679,58702,23,E
21421,58674,58702,28,W
21427,58684,58702,18,E
21423,58678,58702,24,W
21431,58689,58704,15,E
21426,58682,58704,22,W
21434,58694,58704,10,E
21429,58686,58704,18,W
21438,58699,58706,7,E
21432,58690,58706,16,W
21441,58704,58706,2,E
21435,58694,58706,12,W
21437,58698,58708,10,W
21440,58702,58708,6,W
21445,58709,58710,1,E
21443,58706,58710,4,W
21446,58710,58710,0,W
21447,58714,58714,0,E
21448,58714,58714,0,W
21451,58718,58718,0,W
21452,58719,58720,1,E
21454,58722,58722,0,W
21455,58724,58724,0,E
21457,58726,58726,0,W
21459,58729,58730,1,E
21460,58730,58730,0,W
21461,58734,58734,0,E
21462,58734,58734,0,W
21465,58738,58738,0,W
21466,58739,58740,1,E
21467,58742,58742,0,W
21469,58744,58744,0,E
21471,58746,58746,0,W
21472,58749,58750,1,E
21474,58750,58750,0,W
21475,58754,58754,0,E
21476,58754,58754,0,W
21436,58696,58756,60,N
21439,58701,58756,55,S
21442,58706,58758,52,N
21444,58708,58758,50,S
21450,58716,58760,44,N
21449,58715,58760,45,S
21456,58726,58762,36,N
21453,58722,58762,40,S
21463,58736,58764,28,N
21458,58729,58764,35,S
21470,58746,58766,20,N
21464,58736,58766,30,S
21477,58756,58768,12,N
21468,58743,58768,25,S
21484,58766,58770,4,N
21473,58750,58770,20,S
21478,58757,58772,15,S
21482,58764,58774,10,S
21491,58776,58776,0,N
21488,58771,58776,5,S
21492,58778,58778,0,S
21498,58786,58786,0,N
21497,58785,58786,1,S
21502,58792,58792,0,S
21505,58796,58796,0,N
21480,58759,58800,41,E
21479,58758,58800,42,W
21483,58764,58800,36,E
21481,58762,58800,38,W
21486,58769,58802,33,E
21485,58766,58802,36,W
21489,58774,58802,28,E
21487,58770,58802,32,W
21494,58779,58804,25,E
21490,58774,58804,30,W
21496,58784,58804,20,E
21493,58778,58804,26,W
21500,58789,58806,17,E
21495,58782,58806,24,W
21503,58794,58806,12,E
21499,58786,58806,20,W
21508,58799,58808,9,E
21501,58790,58808,18,W
21510,58804,58808,4,E
21504,58794,58808,14,W
21514,58809,58810,1,E
21506,58798,58810,12,W
21509,58802,58810,8,W
21513,58806,58812,6,W
21515,58810,58812,2,W
21517,58814,58814,0,E
21518,58814,58814,0,W
21520,58818,58818,0,W
21521,58819,58820,1,E
21523,58822,58822,0,W
21524,58824,58824,0,E
21526,58826,58826,0,W
21528,58829,58830,1,E
21529,58830,58830,0,W
21531,58834,58834,0,E
21532,58834,58834,0,W
21534,58838,58838,0,W
21535,58839,58840,1,E
21537,58842,58842,0,W
21538,58844,58844,0,E
21540,58846,58846,0,W
21542,58849,58850,1,E
21543,58850,58850,0,W
21544,58854,58854,0,E
21545,58854,58854,0,W
21548,58858,58858,0,W
21511,58806,58860,54,N
21507,58799,58860,61,S
21519,58816,58862,46,N
21512,58806,58862,56,S
21525,58826,58864,38,N
21516,58813,58864,51,S
21533,58836,58866,30,N
21522,58820,58866,46,S
21539,58846,58868,22,N
21527,58827,58868,41,S
21547,58856,58870,14,N
21530,58834,58870,36,S
21553,58866,58872,6,N
21536,58841,58872,31,S
21541,58848,58874,26,S
21560,58876,58876,0,N
21546,58855,58876,21,S
21550,58862,58878,16,S
21555,58869,58880,11,S
21561,58876,58882,6,S
21565,58883,58884,1,S
21567,58886,58886,0,N
21570,58890,58890,0,S
21574,58896,58896,0,N
21575,58897,58898,1,S
21579,58904,58904,0,S
21549,58859,58906,47,E
21551,58862,58906,44,W
21552,58864,58906,42,E
21554,58866,58906,40,W
21556,58869,58908,39,E
21557,58870,58908,38,W
21558,58874,58908,34,E
21559,58874,58908,34,W
21563,58879,58910,31,E
21562,58878,58910,32,W
21566,58884,58910,26,E
21564,58882,58910,28,W
21569,58889,58912,23,E
21568,58886,58912,26,W
21572,58894,58912,18,E
21571,58890,58912,22,W
21577,58899,58914,15,E
21573,58894,58914,20,W
21580,58904,58914,10,E
21576,58898,58914,16,W
21583,58909,58916,7,E
21578,58902,58916,14,W
21586,58914,58916,2,E
21582,58906,58916,10,W
21584,58910,58918,8,W
21587,58914,58918,4,W
21591,58919,58920,1,E
21590,58918,58920,2,W
21592,58922,58922,0,W
21593,58924,58924,0,E
21596,58926,58926,0,W
21597,58929,58930,1,E
21598,58930,58930,0,W
21600,58934,58934,0,E
21601,58934,58934,0,W
21603,58938,58938,0,W
21605,58939,58940,1,E
21606,58942,58942,0,W
21607,58944,58944,0,E
21610,58946,58946,0,W
21611,58949,58950,1,E
21612,58950,58950,0,W
21614,58954,58954,0,E
21615,58954,58954,0,W
21617,58958,58958,0,W
21618,58959,58960,1,E
21620,58962,58962,0,W
21621,58964,58964,0,E
21581,58906,58966,60,N
21585,58911,58966,55,S
21588,58916,58968,52,N
21589,58918,58968,50,S
21595,58926,58970,44,N
21594,58925,58970,45,S
21602,58936,58972,36,N
21599,58932,58972,40,S
21608,58946,58974,28,N
21604,58939,58974,35,S
21616,58956,58976,20,N
21609,58946,58976,30,S
21622,58966,58978,12,N
21613,58953,58978,25,S
21630,58976,58980,4,N
21619,58960,58980,20,S
21624,58967,58982,15,S
21627,58974,58984,10,S
21636,58986,58986,0,N
21633,58981,58986,5,S
21638,58988,58988,0,S
21644,58996,58996,0,N
21643,58995,58996,1,S
21647,59002,59002,0,S
21650,59006,59006,0,N
21625,58969,59010,41,E
21623,58966,59010,44,W
21628,58974,59010,36,E
21626,58970,59010,40,W
21632,58979,59012,33,E
21629,58974,59012,38,W
21635,58984,59012,28,E
21631,58978,59012,34,W
21639,58989,59014,25,E
21634,58982,59014,32,W
21641,58994,59014,20,E
21637,58986,59014,28,W
21646,58999,59016,17,E
21640,58990,59016,26,W
21649,59004,59016,12,E
21642,58994,59016,22,W
21653,59009,59018,9,E
21645,58998,59018,20,W
21655,59014,59018,4,E
21648,59002,59018,16,W
21660,59019,59020,1,E
21651,59006,59020,14,W
21654,59010,59020,10,W
21656,59014,59022,8,W
21659,59018,59022,4,W
21663,59024,59024,0,E
21661,59022,59024,2,W
21665,59026,59026,0,W
21666,59029,59030,1,E
21668,59030,59030,0,W
21669,59034,59034,0,E
21670,59034,59034,0,W
21673,59038,59038,0,W
21674,59039,59040,1,E
21675,59042,59042,0,W
21677,59044,59044,0,E
21679,59046,59046,0,W
21680,59049,59050,1,E
21681,59050,59050,0,W
21683,59054,59054,0,E
21684,59054,59054,0,W
21687,59058,59058,0,W
21688,59059,59060,1,E
21689,59062,59062,0,W
21690,59064,59064,0,E
21693,59066,59066,0,W
21657,59016,59070,54,N
21652,59009,59070,61,S
21664,59026,59072,46,N
21658,59016,59072,56,S
21671,59036,59074,38,N
21662,59023,59074,51,S
21678,59046,59076,30,N
21667,59030,59076,46,S
21685,59056,59078,22,N
21672,59037,59078,41,S
21692,59066,59080,14,N
21676,59044,59080,36,S
21699,59076,59082,6,N
21682,59051,59082,31,S
21686,59058,59084,26,S
21705,59086,59086,0,N
21691,59065,59086,21,S
21696,59072,59088,16,S
21701,59079,59090,11,S
21706,59086,59092,6,S
21710,59093,59094,1,S
21713,59096,59096,0,N
21716,59100,59100,0,S
21719,59106,59106,0,N
21721,59107,59108,1,S
21724,59114,59114,0,S
21694,59069,59116,47,E
21695,59070,59116,46,W
21697,59074,59116,42,E
21698,59074,59116,42,W
21702,59079,59118,39,E
21700,59078,59118,40,W
21704,59084,59118,34,E
21703,59082,59118,36,W
21708,59089,59120,31,E
21707,59086,59120,34,W
21711,59094,59120,26,E
21709,59090,59120,30,W
21715,59099,59122,23,E
21712,59094,59122,28,W
21718,59104,59122,18,E
21714,59098,59122,24,W
21722,59109,59124,15,E
21717,59102,59124,22,W
21725,59114,59124,10,E
21720,59106,59124,18,W
21729,59119,59126,7,E
21723,59110,59126,16,W
21732,59124,59126,2,E
21726,59114,59126,12,W
21728,59118,59128,10,W
21731,59122,59128,6,W
21736,59129,59130,1,E
21734,59126,59130,4,W
21737,59130,59130,0,W
21738,59134,59134,0,E
21739,59134,59134,0,W
21742,59138,59138,0,W
21743,59139,59140,1,E
21745,59142,59142,0,W
21746,59144,59144,0,E
21748,59146,59146,0,W
21750,59149,59150,1,E
21751,59150,59150,0,W
21752,59154,59154,0,E
21753,59154,59154,0,W
21756,59158,59158,0,W
21757,59159,59160,1,E
21758,59162,59162,0,W
21760,59164,59164,0,E
21762,59166,59166,0,W
21763,59169,59170,1,E
21765,59170,59170,0,W
21766,59174,59174,0,E
21767,59174,59174,0,W
21727,59116,59176,60,N
21730,59121,59176,55,S
21733,59126,59178,52,N
21735,59128,59178,50,S
21741,59136,59180,44,N
21740,59135,59180,45,S
21747,59146,59182,36,N
21744,59142,59182,40,S
21754,59156,59184,28,N
21749,59149,59184,35,S
21761,59166,59186,20,N
21755,59156,59186,30,S
21768,59176,59188,12,N
21759,59163,59188,25,S
21775,59186,59190,4,N
21764,59170,59190,20,S
21769,59177,59192,15,S
21773,59184,59194,10,S
21782,59196,59196,0,N
21779,59191,59196,5,S
21783,59198,59198,0,S
21789,59206,59206,0,N
21788,59205,59206,1,S
21793,59212,59212,0,S
21796,59216,59216,0,N
21771,59179,59220,41,E
21770,59178,59220,42,W
21774,59184,59220,36,E
21772,59182,59220,38,W
21777,59189,59222,33,E
21776,59186,59222,36,W
21780,59194,59222,28,E
21778,59190,59222,32,W
21785,59199,59224,25,E
21781,59194,59224,30,W
21787,59204,59224,20,E
21784,59198,59224,26,W
21791,59209,59226,17,E
21786,59202,59226,24,W
21794,59214,59226,12,E
21790,59206,59226,20,W
21799,59219,59228,9,E
21792,59210,59228,18,W
21801,59224,59228,4,E
21795,59214,59228,14,W
21805,59229,59230,1,E
21797,59218,59230,12,W
21800,59222,59230,8,W
21804,59226,59232,6,W
21806,59230,59232,2,W
21808,59234,59234,0,E
21809,59234,59234,0,W
21811,59238,59238,0,W
21812,59239,59240,1,E
21814,59242,59242,0,W
21815,59244,59244,0,E
21817,59246,59246,0,W
21819,59249,59250,1,E
21820,59250,59250,0,W
21822,59254,59254,0,E
21823,59254,59254,0,W
21825,59258,59258,0,W
21826,59259,59260,1,E
21828,59262,59262,0,W
21829,59264,59264,0,E
21831,59266,59266,0,W
21833,59269,59270,1,E
21834,59270,59270,0,W
21835,59274,59274,0,E
21836,59274,59274,0,W
21839,59278,59278,0,W
21802,59226,59280,54,N
21798,59219,59280,61,S
21810,59236,59282,46,N
21803,59226,59282,56,S
21816,59246,59284,38,N
21807,59233,59284,51,S
21824,59256,59286,30,N
21813,59240,59286,46,S
21830,59266,59288,22,N
21818,59247,59288,41,S
21838,59276,59290,14,N
21821,59254,59290,36,S
21844,59286,59292,6,N
21827,59261,59292,31,S
21832,59268,59294,26,S
21851,59296,59296,0,N
21837,59275,59296,21,S
21841,59282,59298,16,S
21846,59289,59300,11,S
21852,59296,59302,6,S
21856,59303,59304,1,S
21858,59306,59306,0,N
21861,59310,59310,0,S
21865,59316,59316,0,N
21866,59317,59318,1,S
21870,59324,59324,0,S
21840,59279,59326,47,E
21842,59282,59326,44,W
21843,59284,59326,42,E
21845,59286,59326,40,W
21847,59289,59328,39,E
21848,59290,59328,38,W
21849,59294,59328,34,E
21850,59294,59328,34,W
21854,59299,59330,31,E
21853,59298,59330,32,W
21857,59304,59330,26,E
21855,59302,59330,28,W
21860,59309,59332,23,E
21859,59306,59332,26,W
21863,59314,59332,18,E
21862,59310,59332,22,W
21868,59319,59334,15,E
21864,59314,59334,20,W
21871,59324,59334,10,E
21867,59318,59334,16,W
21874,59329,59336,7,E
21869,59322,59336,14,W
21877,59334,59336,2,E
21873,59326,59336,10,W
21875,59330,59338,8,W
21878,59334,59338,4,W
21882,59339,59340,1,E
21881,59338,59340,2,W
21883,59342,59342,0,W
21884,59344,59344,0,E
21887,59346,59346,0,W
21888,59349,59350,1,E
21889,59350,59350,0,W
21891,59354,59354,0,E
21892,59354,59354,0,W
21894,59358,59358,0,W
21896,59359,59360,1,E
21897,59362,59362,0,W
21898,59364,59364,0,E
21901,59366,59366,0,W
21902,59369,59370,1,E
21903,59370,59370,0,W
21905,59374,59374,0,E
21906,59374,59374,0,W
21908,59378,59378,0,W
21909,59379,59380,1,E
21911,59382,59382,0,W
21912,59384,59384,0,E
21872,59326,59386,60,N
21876,59331,59386,55,S
21879,59336,59388,52,N
21880,59338,59388,50,S
21886,59346,59390,44,N
21885,59345,59390,45,S
21893,59356,59392,36,N
21890,59352,59392,40,S
21899,59366,59394,28,N
21895,59359,59394,35,S
21907,59376,59396,20,N
21900,59366,59396,30,S
21913,59386,59398,12,N
21904,59373,59398,25,S
21921,59396,59400,4,N
21910,59380,59400,20,S
21915,59387,59402,15,S
21918,59394,59404,10,S
21927,59406,59406,0,N
21924,59401,59406,5,S
21929,59408,59408,0,S
21935,59416,59416,0,N
21934,59415,59416,1,S
21938,59422,59422,0,S
21941,59426,59426,0,N
21916,59389,59430,41,E
21914,59386,59430,44,W
21919,59394,59430,36,E
21917,59390,59430,40,W
21923,59399,59432,33,E
21920,59394,59432,38,W
21926,59404,59432,28,E
21922,59398,59432,34,W
21930,59409,59434,25,E
21925,59402,59434,32,W
21932,59414,59434,20,E
21928,59406,59434,28,W
21937,59419,59436,17,E
21931,59410,59436,26,W
21940,59424,59436,12,E
21933,59414,59436,22,W
21944,59429,59438,9,E
21936,59418,59438,20,W
21946,59434,59438,4,E
21939,59422,59438,16,W
21951,59439,59440,1,E
21942,59426,59440,14,W
21945,59430,59440,10,W
21947,59434,59442,8,W
21950,59438,59442,4,W
21954,59444,59444,0,E
21952,59442,59444,2,W
21956,59446,59446,0,W
21957,59449,59450,1,E
21959,59450,59450,0,W
21960,59454,59454,0,E
21961,59454,59454,0,W
21964,59458,59458,0,W
21965,59459,59460,1,E
21966,59462,59462,0,W
21968,59464,59464,0,E
21970,59466,59466,0,W
21971,59469,59470,1,E
21972,59470,59470,0,W
21974,59474,59474,0,E
21975,59474,59474,0,W
21978,59478,59478,0,W
21979,59479,59480,1,E
21980,59482,59482,0,W
21981,59484,59484,0,E
21984,59486,59486,0,W
21948,59436,59490,54,N
21943,59429,59490,61,S
21955,59446,59492,46,N
21949,59436,59492,56,S
21962,59456,59494,38,N
21953,59443,59494,51,S
21969,59466,59496,30,N
21958,59450,59496,46,S
21976,59476,59498,22,N
21963,59457,59498,41,S
21983,59486,59500,14,N
21967,59464,59500,36,S
21990,59496,59502,6,N
21973,59471,59502,31,S
21977,59478,59504,26,S
21996,59506,59506,0,N
21982,59485,59506,21,S
21987,59492,59508,16,S
21992,59499,59510,11,S
21997,59506,59512,6,S
22001,59513,59514,1,S
22004,59516,59516,0,N
22007,59520,59520,0,S
22010,59526,59526,0,N
22012,59527,59528,1,S
22015,59534,59534,0,S
21985,59489,59536,47,E
21986,59490,59536,46,W
21988,59494,59536,42,E
21989,59494,59536,42,W
21993,59499,59538,39,E
21991,59498,59538,40,W
21995,59504,59538,34,E
21994,59502,59538,36,W
21999,59509,59540,31,E
21998,59506,59540,34,W
22002,59514,59540,26,E
22000,59510,59540,30,W
22006,59519,59542,23,E
22003,59514,59542,28,W
22009,59524,59542,18,E
22005,59518,59542,24,W
22013,59529,59544,15,E
22008,59522,59544,22,W
22016,59534,59544,10,E
22011,59526,59544,18,W
22020,59539,59546,7,E
22014,59530,59546,16,W
22023,59544,59546,2,E
22017,59534,59546,12,W
22019,59538,59548,10,W
22022,59542,59548,6,W
22027,59549,59550,1,E
22025,59546,59550,4,W
22028,59550,59550,0,W
22029,59554,59554,0,E
22030,59554,59554,0,W
22033,59558,59558,0,W
22034,59559,59560,1,E
22036,59562,59562,0,W
22037,59564,59564,0,E
22039,59566,59566,0,W
22041,59569,59570,1,E
22042,59570,59570,0,W
22043,59574,59574,0,E
22044,59574,59574,0,W
22047,59578,59578,0,W
22048,59579,59580,1,E
22049,59582,59582,0,W
22051,59584,59584,0,E
22053,59586,59586,0,W
22054,59589,59590,1,E
22056,59590,59590,0,W
22057,59594,59594,0,E
22058,59594,59594,0,W
22018,59536,59596,60,N
22021,59541,59596,55,S
22024,59546,59598,52,N
22026,59548,59598,50,S
22032,59556,59600,44,N
22031,59555,59600,45,S
22038,59566,59602,36,N
22035,59562,59602,40,S
22045,59576,59604,28,N
22040,59569,59604,35,S
22052,59586,59606,20,N
22046,59576,59606,30,S
22059,59596,59608,12,N
22050,59583,59608,25,S
22066,59606,59610,4,N
22055,59590,59610,20,S
22060,59597,59612,15,S
22064,59604,59614,10,S
22073,59616,59616,0,N
22070,59611,59616,5,S
22074,59618,59618,0,S
22080,59626,59626,0,N
22079,59625,59626,1,S
22084,59632,59632,0,S
22087,59636,59636,0,N
22062,59599,59640,41,E
22061,59598,59640,42,W
22065,59604,59640,36,E
22063,59602,59640,38,W
22068,59609,59642,33,E
22067,59606,59642,36,W
22071,59614,59642,28,E
22069,59610,59642,32,W
22076,59619,59644,25,E
22072,59614,59644,30,W
22078,59624,59644,20,E
22075,59618,59644,26,W
22082,59629,59646,17,E
22077,59622,59646,24,W
22085,59634,59646,12,E
22081,59626,59646,20,W
22090,59639,59648,9,E
22083,59630,59648,18,W
22092,59644,59648,4,E
22086,59634,59648,14,W
22096,59649,59650,1,E
22088,59638,59650,12,W
22091,59642,59650,8,W
22095,59646,59652,6,W
22097,59650,59652,2,W
22099,59654,59654,0,E
22100,59654,59654,0,W
22102,59658,59658,0,W
22103,59659,59660,1,E
22105,59662,59662,0,W
22106,59664,59664,0,E
22108,59666,59666,0,W
22110,59669,59670,1,E
22111,59670,59670,0,W
22113,59674,59674,0,E
22114,59674,59674,0,W
22116,59678,59678,0,W
22117,59679,59680,1,E
22119,59682,59682,0,W
22120,59684,59684,0,E
22122,59686,59686,0,W
22124,59689,59690,1,E
22125,59690,59690,0,W
22126,59694,59694,0,E
22127,59694,59694,0,W
22130,59698,59698,0,W
22093,59646,59700,54,N
22089,59639,59700,61,S
22101,59656,59702,46,N
22094,59646,59702,56,S
22107,59666,59704,38,N
22098,59653,59704,51,S
22115,59676,59706,30,N
22104,59660,59706,46,S
22121,59686,59708,22,N
22109,59667,59708,41,S
22129,59696,59710,14,N
22112,59674,59710,36,S
22135,59706,59712,6,N
22118,59681,59712,31,S
22123,59688,59714,26,S
22142,59716,59716,0,N
22128,59695,59716,21,S
22132,59702,59718,16,S
22137,59709,59720,11,S
22143,59716,59722,6,S
22147,59723,59724,1,S
22149,59726,59726,0,N
22152,59730,59730,0,S
22156,59736,59736,0,N
22157,59737,59738,1,S
22161,59744,59744,0,S
22131,59699,59746,47,E
22133,59702,59746,44,W
22134,59704,59746,42,E
22136,59706,59746,40,W
22138,59709,59748,39,E
22139,59710,59748,38,W
22140,59714,59748,34,E
22141,59714,59748,34,W
22145,59719,59750,31,E
22144,59718,59750,32,W
22148,59724,59750,26,E
22146,59722,59750,28,W
22151,59729,59752,23,E
22150,59726,59752,26,W
22154,59734,59752,18,E
22153,59730,59752,22,W
22159,59739,59754,15,E
22155,59734,59754,20,W
22162,59744,59754,10,E
22158,59738,59754,16,W
22165,59749,59756,7,E
22160,59742,59756,14,W
22168,59754,59756,2,E
22164,59746,59756,10,W
22166,59750,59758,8,W
22169,59754,59758,4,W
22173,59759,59760,1,E
22172,59758,59760,2,W
22174,59762,59762,0,W
22175,59764,59764,0,E
22178,59766,59766,0,W
22179,59769,59770,1,E
22180,59770,59770,0,W
22182,59774,59774,0,E
22183,59774,59774,0,W
22185,59778,59778,0,W
22187,59779,59780,1,E
22188,59782,59782,0,W
22189,59784,59784,0,E
22192,59786,59786,0,W
22193,59789,59790,1,E
22194,59790,59790,0,W
22196,59794,59794,0,E
22197,59794,59794,0,W
22199,59798,59798,0,W
22200,59799,59800,1,E
22202,59802,59802,0,W
22203,59804,59804,0,E
22163,59746,59806,60,N
22167,59751,59806,55,S
22170,59756,59808,52,N
22171,59758,59808,50,S
22177,59766,59810,44,N
22176,59765,59810,45,S
22184,59776,59812,36,N
22181,59772,59812,40,S
22190,59786,59814,28,N
22186,59779,59814,35,S
22198,59796,59816,20,N
22191,59786,59816,30,S
22204,59806,59818,12,N
22195,59793,59818,25,S
22212,59816,59820,4,N
22201,59800,59820,20,S
22206,59807,59822,15,S
22209,59814,59824,10,S
22218,59826,59826,0,N
22215,59821,59826,5,S
22220,59828,59828,0,S
22226,59836,59836,0,N
22225,59835,59836,1,S
22229,59842,59842,0,S
22232,59846,59846,0,N
22207,59809,59850,41,E
22205,59806,59850,44,W
22210,59814,59850,36,E
22208,59810,59850,40,W
22214,59819,59852,33,E
22211,59814,59852,38,W
22217,59824,59852,28,E
22213,59818,59852,34,W
22221,59829,59854,25,E
22216,59822,59854,32,W
22223,59834,59854,20,E
22219,59826,59854,28,W
22228,59839,59856,17,E
22222,59830,59856,26,W
22231,59844,59856,12,E
22224,59834,59856,22,W
22235,59849,59858,9,E
22227,59838,59858,20,W
22237,59854,59858,4,E
22230,59842,59858,16,W
22242,59859,59860,1,E
22233,59846,59860,14,W
22236,59850,59860,10,W
22238,59854,59862,8,W
22241,59858,59862,4,W
22245,59864,59864,0,E
22243,59862,59864,2,W
22247,59866,59866,0,W
22248,59869,59870,1,E
22250,59870,59870,0,W
22251,59874,59874,0,E
22252,59874,59874,0,W
22255,59878,59878,0,W
22256,59879,59880,1,E
22257,59882,59882,0,W
22259,59884,59884,0,E
22261,59886,59886,0,W
22262,59889,59890,1,E
22263,59890,59890,0,W
22265,59894,59894,0,E
22266,59894,59894,0,W
22269,59898,59898,0,W
22270,59899,59900,1,E
22271,59902,59902,0,W
22272,59904,59904,0,E
22275,59906,59906,0,W
22239,59856,59910,54,N
22234,59849,59910,61,S
22246,59866,59912,46,N
22240,59856,59912,56,S
22253,59876,59914,38,N
22244,59863,59914,51,S
22260,59886,59916,30,N
22249,59870,59916,46,S
22267,59896,59918,22,N
22254,59877,59918,41,S
22274,59906,59920,14,N
22258,59884,59920,36,S
22281,59916,59922,6,N
22264,59891,59922,31,S
22268,59898,59924,26,S
22287,59926,59926,0,N
22273,59905,59926,21,S
22278,59912,59928,16,S
22283,59919,59930,11,S
22288,59926,59932,6,S
22292,59933,59934,1,S
22295,59936,59936,0,N
22298,59940,59940,0,S
22301,59946,59946,0,N
22303,59947,59948,1,S
22306,59954,59954,0,S
22276,59909,59956,47,E
22277,59910,59956,46,W
22279,59914,59956,42,E
22280,59914,59956,42,W
22284,59919,59958,39,E
22282,59918,59958,40,W
22286,59924,59958,34,E
22285,59922,59958,36,W
22290,59929,59960,31,E
22289,59926,59960,34,W
22293,59934,59960,26,E
22291,59930,59960,30,W
22297,59939,59962,23,E
22294,59934,59962,28,W
22300,59944,59962,18,E
22296,59938,59962,24,W
22304,59949,59964,15,E
22299,59942,59964,22,W
22307,59954,59964,10,E
22302,59946,59964,18,W
22311,59959,59966,7,E
22305,59950,59966,16,W
22314,59964,59966,2,E
22308,59954,59966,12,W
22310,59958,59968,10,W
22313,59962,59968,6,W
22318,59969,59970,1,E
22316,59966,59970,4,W
22319,59970,59970,0,W
22320,59974,59974,0,E
22321,59974,59974,0,W
22324,59978,59978,0,W
22325,59979,59980,1,E
22327,59982,59982,0,W
22328,59984,59984,0,E
22330,59986,59986,0,W
22332,59989,59990,1,E
22333,59990,59990,0,W
22334,59994,59994,0,E
22335,59994,59994,0,W
22338,59998,59998,0,W
22339,59999,60000,1,E
22340,60002,60002,0,W
22342,60004,60004,0,E
22344,60006,60006,0,W
22345,60009,60010,1,E
22347,60010,60010,0,W
22348,60014,60014,0,E
22349,60014,60014,0,W
22309,59956,60016,60,N
22312,59961,60016,55,S
22315,59966,60018,52,N
22317,59968,60018,50,S
22323,59976,60020,44,N
22322,59975,60020,45,S
22329,59986,60022,36,N
22326,59982,60022,40,S
22336,59996,60024,28,N
22331,59989,60024,35,S
22343,60006,60026,20,N
22337,59996,60026,30,S
22350,60016,60028,12,N
22341,60003,60028,25,S
22357,60026,60030,4,N
22346,60010,60030,20,S
22351,60017,60032,15,S
22355,60024,60034,10,S
22364,60036,60036,0,N
22361,60031,60036,5,S
22365,60038,60038,0,S
22371,60046,60046,0,N
22370,60045,60046,1,S
22375,60052,60052,0,S
22378,60056,60056,0,N
22353,60019,60060,41,E
22352,60018,60060,42,W
22356,60024,60060,36,E
22354,60022,60060,38,W
22359,60029,60062,33,E
22358,60026,60062,36,W
22362,60034,60062,28,E
22360,60030,60062,32,W
22367,60039,60064,25,E
22363,60034,60064,30,W
22369,60044,60064,20,E
22366,60038,60064,26,W
22373,60049,60066,17,E
22368,60042,60066,24,W
22376,60054,60066,12,E
22372,60046,60066,20,W
22381,60059,60068,9,E
22374,60050,60068,18,W
22383,60064,60068,4,E
22377,60054,60068,14,W
22387,60069,60070,1,E
22379,60058,60070,12,W
22382,60062,60070,8,W
22386,60066,60072,6,W
22388,60070,60072,2,W
22390,60074,60074,0,E
22391,60074,60074,0,W
22393,60078,60078,0,W
22394,60079,60080,1,E
22396,60082,60082,0,W
22397,60084,60084,0,E
22399,60086,60086,0,W
22401,60089,60090,1,E
22402,60090,60090,0,W
22404,60094,60094,0,E
22405,60094,60094,0,W
22407,60098,60098,0,W
22408,60099,60100,1,E
22410,60102,60102,0,W
22411,60104,60104,0,E
22413,60106,60106,0,W
22415,60109,60110,1,E
22416,60110,60110,0,W
22417,60114,60114,0,E
22418,60114,60114,0,W
22421,60118,60118,0,W
22384,60066,60120,54,N
22380,60059,60120,61,S
22392,60076,60122,46,N
22385,60066,60122,56,S
22398,60086,60124,38,N
22389,60073,60124,51,S
22406,60096,60126,30,N
22395,60080,60126,46,S
22412,60106,60128,22,N
22400,60087,60128,41,S
22420,60116,60130,14,N
22403,60094,60130,36,S
22426,60126,60132,6,N
22409,60101,60132,31,S
22414,60108,60134,26,S
22433,60136,60136,0,N
22419,60115,60136,21,S
22423,60122,60138,16,S
22428,60129,60140,11,S
22434,60136,60142,6,S
22438,60143,60144,1,S
22440,60146,60146,0,N
22443,60150,60150,0,S
22447,60156,60156,0,N
22448,60157,60158,1,S
22452,60164,60164,0,S
22422,60119,60166,47,E
22424,60122,60166,44,W
22425,60124,60166,42,E
22427,60126,60166,40,W
22429,60129,60168,39,E
22430,60130,60168,38,W
22431,60134,60168,34,E
22432,60134,60168,34,W
22436,60139,60170,31,E
22435,60138,60170,32,W
22439,60144,60170,26,E
22437,60142,60170,28,W
22442,60149,60172,23,E
22441,60146,60172,26,W
22445,60154,60172,18,E
22444,60150,60172,22,W
22450,60159,60174,15,E
22446,60154,60174,20,W
22453,60164,60174,10,E
22449,60158,60174,16,W
22456,60169,60176,7,E
22451,60162,60176,14,W
22459,60174,60176,2,E
22455,60166,60176,10,W
22457,60170,60178,8,W
22460,60174,60178,4,W
22464,60179,60180,1,E
22463,60178,60180,2,W
22465,60182,60182,0,W
22466,60184,60184,0,E
22469,60186,60186,0,W
22470,60189,60190,1,E
22471,60190,60190,0,W
22473,60194,60194,0,E
22474,60194,60194,0,W
22476,60198,60198,0,W
22478,60199,60200,1,E
22479,60202,60202,0,W
22480,60204,60204,0,E
22483,60206,60206,0,W
22484,60209,60210,1,E
22485,60210,60210,0,W
22487,60214,60214,0,E
22488,60214,60214,0,W
22490,60218,60218,0,W
22491,60219,60220,1,E
22493,60222,60222,0,W
22494,60224,60224,0,E
22454,60166,60226,60,N
22458,60171,60226,55,S
22461,60176,60228,52,N
22462,60178,60228,50,S
22468,60186,60230,44,N
22467,60185,60230,45,S
22475,60196,60232,36,N
22472,60192,60232,40,S
22481,60206,60234,28,N
22477,60199,60234,35,S
22489,60216,60236,20,N
22482,60206,60236,30,S
22495,60226,60238,12,N
22486,60213,60238,25,S
22503,60236,60240,4,N
22492,60220,60240,20,S
22497,60227,60242,15,S
22500,60234,60244,10,S
22509,60246,60246,0,N
22506,60241,60246,5,S
22511,60248,60248,0,S
22517,60256,60256,0,N
22516,60255,60256,1,S
22520,60262,60262,0,S
22523,60266,60266,0,N
22498,60229,60270,41,E
22496,60226,60270,44,W
22501,60234,60270,36,E
22499,60230,60270,40,W
22505,60239,60272,33,E
22502,60234,60272,38,W
22508,60244,60272,28,E
22504,60238,60272,34,W
22512,60249,60274,25,E
22507,60242,60274,32,W
22514,60254,60274,20,E
22510,60246,60274,28,W
22519,60259,60276,17,E
22513,60250,60276,26,W
22522,60264,60276,12,E
22515,60254,60276,22,W
22526,60269,60278,9,E
22518,60258,60278,20,W
22528,60274,60278,4,E
22521,60262,60278,16,W
22533,60279,60280,1,E
22524,60266,60280,14,W
22527,60270,60280,10,W
22529,60274,60282,8,W
22532,60278,60282,4,W
22536,60284,60284,0,E
22534,60282,60284,2,W
22538,60286,60286,0,W
22539,60289,60290,1,E
22541,60290,60290,0,W
22542,60294,60294,0,E
22543,60294,60294,0,W
22546,60298,60298,0,W
22547,60299,60300,1,E
22548,60302,60302,0,W
22550,60304,60304,0,E
22552,60306,60306,0,W
22553,60309,60310,1,E
22554,60310,60310,0,W
22556,60314,60314,0,E
22557,60314,60314,0,W
22560,60318,60318,0,W
22561,60319,60320,1,E
22562,60322,60322,0,W
22563,60324,60324,0,E
22566,60326,60326,0,W
22530,60276,60330,54,N
22525,60269,60330,61,S
22537,60286,60332,46,N
22531,60276,60332,56,S
22544,60296,60334,38,N
22535,60283,60334,51,S
22551,60306,60336,30,N
22540,60290,60336,46,S
22558,60316,60338,22,N
22545,60297,60338,41,S
22565,60326,60340,14,N
22549,60304,60340,36,S
22572,60336,60342,6,N
22555,60311,60342,31,S
22559,60318,60344,26,S
22578,60346,60346,0,N
22564,60325,60346,21,S
22569,60332,60348,16,S
22574,60339,60350,11,S
22579,60346,60352,6,S
22583,60353,60354,1,S
22586,60356,60356,0,N
22589,60360,60360,0,S
22592,60366,60366,0,N
22594,60367,60368,1,S
22597,60374,60374,0,S
22567,60329,60376,47,E
22568,60330,60376,46,W
22570,60334,60376,42,E
22571,60334,60376,42,W
22575,60339,60378,39,E
22573,60338,60378,40,W
22577,60344,60378,34,E
22576,60342,60378,36,W
22581,60349,60380,31,E
22580,60346,60380,34,W
22584,60354,60380,26,E
22582,60350,60380,30,W
22588,60359,60382,23,E
22585,60354,60382,28,W
22591,60364,60382,18,E
22587,60358,60382,24,W
22595,60369,60384,15,E
22590,60362,60384,22,W
22598,60374,60384,10,E
22593,60366,60384,18,W
22602,60379,60386,7,E
22596,60370,60386,16,W
22605,60384,60386,2,E
22599,60374,60386,12,W
22601,60378,60388,10,W
22604,60382,60388,6,W
22609,60389,60390,1,E
22607,60386,60390,4,W
22610,60390,60390,0,W
22611,60394,60394,0,E
22612,60394,60394,0,W
22615,60398,60398,0,W
22616,60399,60400,1,E
22618,60402,60402,0,W
22619,60404,60404,0,E
22621,60406,60406,0,W
22623,60409,60410,1,E
22624,60410,60410,0,W
22625,60414,60414,0,E
22626,60414,60414,0,W
22629,60418,60418,0,W
22630,60419,60420,1,E
22631,60422,60422,0,W
22633,60424,60424,0,E
22635,60426,60426,0,W
22636,60429,60430,1,E
22638,60430,60430,0,W
22639,60434,60434,0,E
22640,60434,60434,0,W
22600,60376,60436,60,N
22603,60381,60436,55,S
22606,60386,60438,52,N
22608,60388,60438,50,S
22614,60396,60440,44,N
22613,60395,60440,45,S
22620,60406,60442,36,N
22617,60402,60442,40,S
22627,60416,60444,28,N
22622,60409,60444,35,S
22634,60426,60446,20,N
22628,60416,60446,30,S
22641,60436,60448,12,N
22632,60423,60448,25,S
22648,60446,60450,4,N
22637,60430,60450,20,S
22642,60437,60452,15,S
22646,60444,60454,10,S
22655,60456,60456,0,N
22652,60451,60456,5,S
22656,60458,60458,0,S
22662,60466,60466,0,N
22661,60465,60466,1,S
22666,60472,60472,0,S
22669,60476,60476,0,N
22644,60439,60480,41,E
22643,60438,60480,42,W
22647,60444,60480,36,E
22645,60442,60480,38,W
22650,60449,60482,33,E
22649,60446,60482,36,W
22653,60454,60482,28,E
22651,60450,60482,32,W
22658,60459,60484,25,E
22654,60454,60484,30,W
22660,60464,60484,20,E
22657,60458,60484,26,W
22664,60469,60486,17,E
22659,60462,60486,24,W
22667,60474,60486,12,E
22663,60466,60486,20,W
22672,60479,60488,9,E
22665,60470,60488,18,W
22674,60484,60488,4,E
22668,60474,60488,14,W
22678,60489,60490,1,E
22670,60478,60490,12,W
22673,60482,60490,8,W
22677,60486,60492,6,W
22679,60490,60492,2,W
22681,60494,60494,0,E
22682,60494,60494,0,W
22684,60498,60498,0,W
22685,60499,60500,1,E
22687,60502,60502,0,W
22688,60504,60504,0,E
22690,60506,60506,0,W
22692,60509,60510,1,E
22693,60510,60510,0,W
22695,60514,60514,0,E
22696,60514,60514,0,W
22698,60518,60518,0,W
22699,60519,60520,1,E
22701,60522,60522,0,W
22702,60524,60524,0,E
22704,60526,60526,0,W
22706,60529,60530,1,E
22707,60530,60530,0,W
22708,60534,60534,0,E
22709,60534,60534,0,W
22712,60538,60538,0,W
22675,60486,60540,54,N
22671,60479,60540,61,S
22683,60496,60542,46,N
22676,60486,60542,56,S
22689,60506,60544,38,N
22680,60493,60544,51,S
22697,60516,60546,30,N
22686,60500,60546,46,S
22703,60526,60548,22,N
22691,60507,60548,41,S
22711,60536,60550,14,N
22694,60514,60550,36,S
22717,60546,60552,6,N
22700,60521,60552,31,S
22705,60528,60554,26,S
22724,60556,60556,0,N
22710,60535,60556,21,S
22714,60542,60558,16,S
22719,60549,60560,11,S
22725,60556,60562,6,S
22729,60563,60564,1,S
22731,60566,60566,0,N
22734,60570,60570,0,S
22738,60576,60576,0,N
22739,60577,60578,1,S
22743,60584,60584,0,S
22713,60539,60586,47,E
22715,60542,60586,44,W
22716,60544,60586,42,E
22718,60546,60586,40,W
22720,60549,60588,39,E
22721,60550,60588,38,W
22722,60554,60588,34,E
22723,60554,60588,34,W
22727,60559,60590,31,E
22726,60558,60590,32,W
22730,60564,60590,26,E
22728,60562,60590,28,W
22733,60569,60592,23,E
22732,60566,60592,26,W
22736,60574,60592,18,E
22735,60570,60592,22,W
22741,60579,60594,15,E
22737,60574,60594,20,W
22744,60584,60594,10,E
22740,60578,60594,16,W
22747,60589,60596,7,E
22742,60582,60596,14,W
22750,60594,60596,2,E
22746,60586,60596,10,W
22748,60590,60598,8,W
22751,60594,60598,4,W
22755,60599,60600,1,E
22754,60598,60600,2,W
22756,60602,60602,0,W
22757,60604,60604,0,E
22760,60606,60606,0,W
22761,60609,60610,1,E
22762,60610,60610,0,W
22764,60614,60614,0,E
22765,60614,60614,0,W
22767,60618,60618,0,W
22769,60619,60620,1,E
22770,60622,60622,0,W
22771,60624,60624,0,E
22774,60626,60626,0,W
22775,60629,60630,1,E
22776,60630,60630,0,W
22778,60634,60634,0,E
22779,60634,60634,0,W
22781,60638,60638,0,W
22782,60639,60640,1,E
22784,60642,60642,0,W
22785,60644,60644,0,E
22745,60586,60646,60,N
22749,60591,60646,55,S
22752,60596,60648,52,N
22753,60598,60648,50,S
22759,60606,60650,44,N
22758,60605,60650,45,S
22766,60616,60652,36,N
22763,60612,60652,40,S
22772,60626,60654,28,N
22768,60619,60654,35,S
22780,60636,60656,20,N
22773,60626,60656,30,S
22786,60646,60658,12,N
22777,60633,60658,25,S
22794,60656,60660,4,N
22783,60640,60660,20,S
22788,60647,60662,15,S
22791,60654,60664,10,S
22800,60666,60666,0,N
22797,60661,60666,5,S
22802,60668,60668,0,S
22808,60676,60676,0,N
22807,60675,60676,1,S
22811,60682,60682,0,S
22814,60686,60686,0,N
22789,60649,60690,41,E
22787,60646,60690,44,W
22792,60654,60690,36,E
22790,60650,60690,40,W
22796,60659,60692,33,E
22793,60654,60692,38,W
22799,60664,60692,28,E
22795,60658,60692,34,W
22803,60669,60694,25,E
22798,60662,60694,32,W
22805,60674,60694,20,E
22801,60666,60694,28,W
22810,60679,60696,17,E
22804,60670,60696,26,W
22813,60684,60696,12,E
22806,60674,60696,22,W
22817,60689,60698,9,E
22809,60678,60698,20,W
22819,60694,60698,4,E
22812,60682,60698,16,W
22824,60699,60700,1,E
22815,60686,60700,14,W
22818,60690,60700,10,W
22820,60694,60702,8,W
22823,60698,60702,4,W
22827,60704,60704,0,E
22825,60702,60704,2,W
22829,60706,60706,0,W
22830,60709,60710,1,E
22832,60710,60710,0,W
22833,60714,60714,0,E
22834,60714,60714,0,W
22837,60718,60718,0,W
22838,60719,60720,1,E
22839,60722,60722,0,W
22841,60724,60724,0,E
22843,60726,60726,0,W
22844,60729,60730,1,E
22845,60730,60730,0,W
22847,60734,60734,0,E
22848,60734,60734,0,W
22851,60738,60738,0,W
22852,60739,60740,1,E
22853,60742,60742,0,W
22854,60744,60744,0,E
22857,60746,60746,0,W
22821,60696,60750,54,N
22816,60689,60750,61,S
22828,60706,60752,46,N
22822,60696,60752,56,S
22835,60716,60754,38,N
22826,60703,60754,51,S
22842,60726,60756,30,N
22831,60710,60756,46,S
22849,60736,60758,22,N
22836,60717,60758,41,S
22856,60746,60760,14,N
22840,60724,60760,36,S
22863,60756,60762,6,N
22846,60731,60762,31,S
22850,60738,60764,26,S
22869,60766,60766,0,N
22855,60745,60766,21,S
22860,60752,60768,16,S
22865,60759,60770,11,S
22870,60766,60772,6,S
22874,60773,60774,1,S
22877,60776,60776,0,N
22880,60780,60780,0,S
22883,60786,60786,0,N
22885,60787,60788,1,S
22888,60794,60794,0,S
22858,60749,60796,47,E
22859,60750,60796,46,W
22861,60754,60796,42,E
22862,60754,60796,42,W
22866,60759,60798,39,E
22864,60758,60798,40,W
22868,60764,60798,34,E
22867,60762,60798,36,W
22872,60769,60800,31,E
22871,60766,60800,34,W
22875,60774,60800,26,E
22873,60770,60800,30,W
22879,60779,60802,23,E
22876,60774,60802,28,W
22882,60784,60802,18,E
22878,60778,60802,24,W
22886,60789,60804,15,E
22881,60782,60804,22,W
22889,60794,60804,10,E
22884,60786,60804,18,W
22893,60799,60806,7,E
22887,60790,60806,16,W
22896,60804,60806,2,E
22890,60794,60806,12,W
22892,60798,60808,10,W
22895,60802,60808,6,W
22900,60809,60810,1,E
22898,60806,60810,4,W
22901,60810,60810,0,W
22902,60814,60814,0,E
22903,60814,60814,0,W
22906,60818,60818,0,W
22907,60819,60820,1,E
22909,60822,60822,0,W
22910,60824,60824,0,E
22912,60826,60826,0,W
22914,60829,60830,1,E
22915,60830,60830,0,W
22916,60834,60834,0,E
22917,60834,60834,0,W
22920,60838,60838,0,W
22921,60839,60840,1,E
22922,60842,60842,0,W
22924,60844,60844,0,E
22926,60846,60846,0,W
22927,60849,60850,1,E
22929,60850,60850,0,W
22930,60854,60854,0,E
22931,60854,60854,0,W
22891,60796,60856,60,N
22894,60801,60856,55,S
22897,60806,60858,52,N
22899,60808,60858,50,S
22905,60816,60860,44,N
22904,60815,60860,45,S
22911,60826,60862,36,N
22908,60822,60862,40,S
22918,60836,60864,28,N
22913,60829,60864,35,S
22925,60846,60866,20,N
22919,60836,60866,30,S
22932,60856,60868,12,N
22923,60843,60868,25,S
22939,60866,60870,4,N
22928,60850,60870,20,S
22933,60857,60872,15,S
22937,60864,60874,10,S
22946,60876,60876,0,N
22943,60871,60876,5,S
22947,60878,60878,0,S
22953,60886,60886,0,N
22952,60885,60886,1,S
22957,60892,60892,0,S
22960,60896,60896,0,N
22935,60859,60900,41,E
22934,60858,60900,42,W
22938,60864,60900,36,E
22936,60862,60900,38,W
22941,60869,60902,33,E
22940,60866,60902,36,W
22944,60874,60902,28,E
22942,60870,60902,32,W
22949,60879,60904,25,E
22945,60874,60904,30,W
22951,60884,60904,20,E
22948,60878,60904,26,W
22955,60889,60906,17,E
22950,60882,60906,24,W
22958,60894,60906,12,E
22954,60886,60906,20,W
22963,60899,60908,9,E
22956,60890,60908,18,W
22965,60904,60908,4,E
22959,60894,60908,14,W
22969,60909,60910,1,E
22961,60898,60910,12,W
22964,60902,60910,8,W
22968,60906,60912,6,W
22970,60910,60912,2,W
22972,60914,60914,0,E
22973,60914,60914,0,W
22975,60918,60918,0,W
22976,60919,60920,1,E
22978,60922,60922,0,W
22979,60924,60924,0,E
22981,60926,60926,0,W
22983,60929,60930,1,E
22984,60930,60930,0,W
22986,60934,60934,0,E
22987,60934,60934,0,W
22989,60938,60938,0,W
22990,60939,60940,1,E
22992,60942,60942,0,W
22993,60944,60944,0,E
22995,60946,60946,0,W
22997,60949,60950,1,E
22998,60950,60950,0,W
22999,60954,60954,0,E
23000,60954,60954,0,W
23003,60958,60958,0,W
22966,60906,60960,54,N
22962,60899,60960,61,S
22974,60916,60962,46,N
22967,60906,60962,56,S
22980,60926,60964,38,N
22971,60913,60964,51,S
22988,60936,60966,30,N
22977,60920,60966,46,S
22994,60946,60968,22,N
22982,60927,60968,41,S
23002,60956,60970,14,N
22985,60934,60970,36,S
23008,60966,60972,6,N
22991,60941,60972,31,S
22996,60948,60974,26,S
23015,60976,60976,0,N
23001,60955,60976,21,S
23005,60962,60978,16,S
23010,60969,60980,11,S
23016,60976,60982,6,S
23020,60983,60984,1,S
23022,60986,60986,0,N
23025,60990,60990,0,S
23029,60996,60996,0,N
23030,60997,60998,1,S
23034,61004,61004,0,S
23004,60959,61006,47,E
23006,60962,61006,44,W
23007,60964,61006,42,E
23009,60966,61006,40,W
23011,60969,61008,39,E
23012,60970,61008,38,W
23013,60974,61008,34,E
23014,60974,61008,34,W
23018,60979,61010,31,E
23017,60978,61010,32,W
23021,60984,61010,26,E
23019,60982,61010,28,W
23024,60989,61012,23,E
23023,60986,61012,26,W
23027,60994,61012,18,E
23026,60990,61012,22,W
23032,60999,61014,15,E
23028,60994,61014,20,W
23035,61004,61014,10,E
23031,60998,61014,16,W
23038,61009,61016,7,E
23033,61002,61016,14,W
23041,61014,61016,2,E
23037,61006,61016,10,W
23039,61010,61018,8,W
23042,61014,61018,4,W
23046,61019,61020,1,E
23045,61018,61020,2,W
23047,61022,61022,0,W
23048,61024,61024,0,E
23051,61026,61026,0,W
23052,61029,61030,1,E
23053,61030,61030,0,W
23055,61034,61034,0,E
23056,61034,61034,0,W
23058,61038,61038,0,W
23060,61039,61040,1,E
23061,61042,61042,0,W
23062,61044,61044,0,E
23065,61046,61046,0,W
23066,61049,61050,1,E
23067,61050,61050,0,W
23069,61054,61054,0,E
23070,61054,61054,0,W
23072,61058,61058,0,W
23073,61059,61060,1,E
23075,61062,61062,0,W
23076,61064,61064,0,E
23036,61006,61066,60,N
23040,61011,61066,55,S
23043,61016,61068,52,N
23044,61018,61068,50,S
23050,61026,61070,44,N
23049,61025,61070,45,S
23057,61036,61072,36,N
23054,61032,61072,40,S
23063,61046,61074,28,N
23059,61039,61074,35,S
23071,61056,61076,20,N
23064,61046,61076,30,S
23077,61066,61078,12,N
23068,61053,61078,25,S
23085,61076,61080,4,N
23074,61060,61080,20,S
23079,61067,61082,15,S
23082,61074,61084,10,S
23091,61086,61086,0,N
23088,61081,61086,5,S
23093,61088,61088,0,S
23099,61096,61096,0,N
23098,61095,61096,1,S
23102,61102,61102,0,S
23105,61106,61106,0,N
23080,61069,61110,41,E
23078,61066,61110,44,W
23083,61074,61110,36,E
23081,61070,61110,40,W
23087,61079,61112,33,E
23084,61074,61112,38,W
23090,61084,61112,28,E
23086,61078,61112,34,W
23094,61089,61114,25,E
23089,61082,61114,32,W
23096,61094,61114,20,E
23092,61086,61114,28,W
23101,61099,61116,17,E
23095,61090,61116,26,W
23104,61104,61116,12,E
23097,61094,61116,22,W
23108,61109,61118,9,E
23100,61098,61118,20,W
23110,61114,61118,4,E
23103,61102,61118,16,W
23115,61119,61120,1,E
23106,61106,61120,14,W
23109,61110,61120,10,W
23111,61114,61122,8,W
23114,61118,61122,4,W
23118,61124,61124,0,E
23116,61122,61124,2,W
23120,61126,61126,0,W
23121,61129,61130,1,E
23123,61130,61130,0,W
23124,61134,61134,0,E
23125,61134,61134,0,W
23128,61138,61138,0,W
23129,61139,61140,1,E
23130,61142,61142,0,W
23132,61144,61144,0,E
23134,61146,61146,0,W
23135,61149,61150,1,E
23136,61150,61150,0,W
23138,61154,61154,0,E
23139,61154,61154,0,W
23142,61158,61158,0,W
23143,61159,61160,1,E
23144,61162,61162,0,W
23145,61164,61164,0,E
23148,61166,61166,0,W
23112,61116,61170,54,N
23107,61109,61170,61,S
23119,61126,61172,46,N
23113,61116,61172,56,S
23126,61136,61174,38,N
23117,61123,61174,51,S
23133,61146,61176,30,N
23122,61130,61176,46,S
23140,61156,61178,22,N
23127,61137,61178,41,S
23147,61166,61180,14,N
23131,61144,61180,36,S
23154,61176,61182,6,N
23137,61151,61182,31,S
23141,61158,61184,26,S
23160,61186,61186,0,N
23146,61165,61186,21,S
23151,61172,61188,16,S
23156,61179,61190,11,S
23161,61186,61192,6,S
23165,61193,61194,1,S
23168,61196,61196,0,N
23171,61200,61200,0,S
23174,61206,61206,0,N
23176,61207,61208,1,S
23179,61214,61214,0,S
23149,61169,61216,47,E
23150,61170,61216,46,W
23152,61174,61216,42,E
23153,61174,61216,42,W
23157,61179,61218,39,E
23155,61178,61218,40,W
23159,61184,61218,34,E
23158,61182,61218,36,W
23163,61189,61220,31,E
23162,61186,61220,34,W
23166,61194,61220,26,E
23164,61190,61220,30,W
23170,61199,61222,23,E
23167,61194,61222,28,W
23173,61204,61222,18,E
23169,61198,61222,24,W
23177,61209,61224,15,E
23172,61202,61224,22,W
23180,61214,61224,10,E
23175,61206,61224,18,W
23184,61219,61226,7,E
23178,61210,61226,16,W
23187,61224,61226,2,E
23181,61214,61226,12,W
23183,61218,61228,10,W
23186,61222,61228,6,W
23191,61229,61230,1,E
23188,61226,61230,4,W
23192,61230,61230,0,W
23193,61234,61234,0,E
23194,61234,61234,0,W
23196,61238,61238,0,W
23198,61239,61240,1,E
23200,61242,61242,0,W
23201,61244,61244,0,E
23202,61246,61246,0,W
23204,61249,61250,1,E
23206,61250,61250,0,W
23207,61254,61254,0,E
23208,61254,61254,0,W
23210,61258,61258,0,W
23211,61259,61260,1,E
23213,61262,61262,0,W
23215,61264,61264,0,E
23216,61266,61266,0,W
23217,61269,61270,1,E
23219,61270,61270,0,W
23221,61274,61274,0,E
23222,61274,61274,0,W
23182,61217,61276,59,N
23185,61221,61276,55,S
23189,61228,61278,50,N
23190,61228,61278,50,S
23197,61239,61280,41,N
23195,61235,61280,45,S
23205,61250,61282,32,N
23199,61242,61282,40,S
23212,61261,61284,23,N
23203,61249,61284,35,S
23220,61272,61286,14,N
23209,61256,61286,30,S
23227,61283,61288,5,N
23214,61263,61288,25,S
23218,61270,61290,20,S
23223,61277,61292,15,S
23234,61294,61294,0,N
23228,61284,61294,10,S
23233,61291,61296,5,S
23237,61298,61298,0,S
23242,61305,61306,1,N
23243,61305,61306,1,S
23247,61312,61312,0,S
23250,61316,61316,0,N
23225,61279,61320,41,E
23224,61278,61320,42,W
23229,61284,61320,36,E
23226,61282,61320,38,W
23231,61289,61322,33,E
23230,61286,61322,36,W
23235,61294,61322,28,E
23232,61290,61322,32,W
23239,61299,61324,25,E
23236,61294,61324,30,W
23241,61304,61324,20,E
23238,61298,61324,26,W
23245,61309,61326,17,E
23240,61302,61326,24,W
23248,61314,61326,12,E
23244,61306,61326,20,W
23253,61319,61328,9,E
23246,61310,61328,18,W
23255,61324,61328,4,E
23249,61314,61328,14,W
23259,61329,61330,1,E
23251,61318,61330,12,W
23254,61322,61330,8,W
23257,61326,61332,6,W
23260,61330,61332,2,W
23262,61334,61334,0,E
23263,61334,61334,0,W
23265,61338,61338,0,W
23266,61339,61340,1,E
23268,61342,61342,0,W
23269,61344,61344,0,E
23270,61346,61346,0,W
23273,61349,61350,1,E
23274,61350,61350,0,W
23276,61354,61354,0,E
23277,61354,61354,0,W
23278,61358,61358,0,W
23279,61359,61360,1,E
23282,61362,61362,0,W
23283,61364,61364,0,E
23284,61366,61366,0,W
23286,61369,61370,1,E
23287,61370,61370,0,W
23289,61374,61374,0,E
23290,61374,61374,0,W
23292,61378,61378,0,W
23258,61327,61380,53,N
23252,61319,61380,61,S
23264,61338,61382,44,N
23256,61326,61382,56,S
23272,61349,61384,35,N
23261,61333,61384,51,S
23280,61360,61386,26,N
23267,61340,61386,46,S
23288,61371,61388,17,N
23271,61347,61388,41,S
23294,61382,61390,8,N
23275,61354,61390,36,S
23281,61361,61392,31,S
23302,61393,61394,1,N
23285,61368,61394,26,S
23291,61375,61396,21,S
23295,61382,61398,16,S
23299,61389,61400,11,S
23305,61396,61402,6,S
23310,61404,61404,0,N
23309,61403,61404,1,S
23314,61410,61410,0,S
23318,61415,61416,1,N
23319,61417,61418,1,S
23323,61424,61424,0,S
23293,61379,61426,47,E
23296,61382,61426,44,W
23297,61384,61426,42,E
23298,61386,61426,40,W
23300,61389,61428,39,E
23301,61390,61428,38,W
23303,61394,61428,34,E
23304,61394,61428,34,W
23307,61399,61430,31,E
23306,61398,61430,32,W
23311,61404,61430,26,E
23308,61402,61430,28,W
23313,61409,61432,23,E
23312,61406,61432,26,W
23316,61414,61432,18,E
23315,61410,61432,22,W
23321,61419,61434,15,E
23317,61414,61434,20,W
23324,61424,61434,10,E
23320,61418,61434,16,W
23327,61429,61436,7,E
23322,61422,61436,14,W
23330,61434,61436,2,E
23326,61426,61436,10,W
23328,61430,61438,8,W
23331,61434,61438,4,W
23335,61439,61440,1,E
23334,61438,61440,2,W
23336,61442,61442,0,W
23337,61444,61444,0,E
23339,61446,61446,0,W
23341,61449,61450,1,E
23342,61450,61450,0,W
23344,61454,61454,0,E
23345,61454,61454,0,W
23346,61458,61458,0,W
23349,61459,61460,1,E
23350,61462,61462,0,W
23351,61464,61464,0,E
23353,61466,61466,0,W
23354,61469,61470,1,E
23356,61470,61470,0,W
23358,61474,61474,0,E
23359,61474,61474,0,W
23360,61478,61478,0,W
23361,61479,61480,1,E
23364,61482,61482,0,W
23365,61484,61484,0,E
23325,61426,61486,60,N
23329,61431,61486,55,S
23332,61437,61488,51,N
23333,61438,61488,50,S
23340,61448,61490,42,N
23338,61445,61490,45,S
23347,61459,61492,33,N
23343,61452,61492,40,S
23355,61470,61494,24,N
23348,61459,61494,35,S
23363,61481,61496,15,N
23352,61466,61496,30,S
23370,61492,61498,6,N
23357,61473,61498,25,S
23362,61480,61500,20,S
23367,61487,61502,15,S
23378,61503,61504,1,N
23371,61494,61504,10,S
23376,61501,61506,5,S
23381,61508,61508,0,S
23384,61514,61514,0,N
23387,61515,61516,1,S
23390,61522,61522,0,S
23393,61525,61526,1,N
23368,61489,61530,41,E
23366,61486,61530,44,W
23372,61494,61530,36,E
23369,61490,61530,40,W
23375,61499,61532,33,E
23373,61494,61532,38,W
23379,61504,61532,28,E
23374,61498,61532,34,W
23382,61509,61534,25,E
23377,61502,61534,32,W
23385,61514,61534,20,E
23380,61506,61534,28,W
23389,61519,61536,17,E
23383,61510,61536,26,W
23392,61524,61536,12,E
23386,61514,61536,22,W
23396,61529,61538,9,E
23388,61518,61538,20,W
23398,61534,61538,4,E
23391,61522,61538,16,W
23403,61539,61540,1,E
23394,61526,61540,14,W
23397,61530,61540,10,W
23399,61534,61542,8,W
23402,61538,61542,4,W
23406,61544,61544,0,E
23404,61542,61544,2,W
23407,61546,61546,0,W
23409,61549,61550,1,E
23411,61550,61550,0,W
23412,61554,61554,0,E
23413,61554,61554,0,W
23416,61558,61558,0,W
23417,61559,61560,1,E
23418,61562,61562,0,W
23420,61564,61564,0,E
23421,61566,61566,0,W
23423,61569,61570,1,E
23424,61570,61570,0,W
23426,61574,61574,0,E
23427,61574,61574,0,W
23429,61578,61578,0,W
23430,61579,61580,1,E
23432,61582,61582,0,W
23433,61584,61584,0,E
23435,61586,61586,0,W
23400,61536,61590,54,N
23395,61529,61590,61,S
23408,61547,61592,45,N
23401,61536,61592,56,S
23415,61558,61594,36,N
23405,61543,61594,51,S
23422,61569,61596,27,N
23410,61550,61596,46,S
23431,61580,61598,18,N
23414,61557,61598,41,S
23438,61591,61600,9,N
23419,61564,61600,36,S
23445,61602,61602,0,N
23425,61571,61602,31,S
23428,61578,61604,26,S
23434,61585,61606,21,S
23439,61592,61608,16,S
23443,61599,61610,11,S
23448,61606,61612,6,S
23452,61613,61614,1,N
23453,61613,61614,1,S
23458,61620,61620,0,S
23460,61624,61624,0,N
23463,61627,61628,1,S
23466,61634,61634,0,S
23436,61589,61636,47,E
23437,61590,61636,46,W
23440,61594,61636,42,E
23441,61594,61636,42,W
23444,61599,61638,39,E
23442,61598,61638,40,W
23447,61604,61638,34,E
23446,61602,61638,36,W
23450,61609,61640,31,E
23449,61606,61640,34,W
23454,61614,61640,26,E
23451,61610,61640,30,W
23457,61619,61642,23,E
23455,61614,61642,28,W
23461,61624,61642,18,E
23456,61618,61642,24,W
23464,61629,61644,15,E
23459,61622,61644,22,W
23467,61634,61644,10,E
23462,61626,61644,18,W
23471,61639,61646,7,E
23465,61630,61646,16,W
23474,61644,61646,2,E
23468,61634,61646,12,W
23470,61638,61648,10,W
23473,61642,61648,6,W
23478,61649,61650,1,E
23476,61646,61650,4,W
23479,61650,61650,0,W
23480,61654,61654,0,E
23481,61654,61654,0,W
23484,61658,61658,0,W
23485,61659,61660,1,E
23487,61662,61662,0,W
23488,61664,61664,0,E
23489,61666,61666,0,W
23492,61669,61670,1,E
23493,61670,61670,0,W
23494,61674,61674,0,E
23495,61674,61674,0,W
23497,61678,61678,0,W
23499,61679,61680,1,E
23500,61682,61682,0,W
23502,61684,61684,0,E
23503,61686,61686,0,W
23504,61689,61690,1,E
23507,61690,61690,0,W
23508,61694,61694,0,E
23509,61694,61694,0,W
23469,61635,61696,61,N
23472,61641,61696,55,S
23475,61646,61698,52,N
23477,61648,61698,50,S
23483,61657,61700,43,N
23482,61655,61700,45,S
23490,61668,61702,34,N
23486,61662,61702,40,S
23498,61679,61704,25,N
23491,61669,61704,35,S
23505,61690,61706,16,N
23496,61676,61706,30,S
23513,61701,61708,7,N
23501,61683,61708,25,S
23506,61690,61710,20,S
23521,61712,61712,0,N
23510,61697,61712,15,S
23515,61704,61714,10,S
23520,61711,61716,5,S
23524,61718,61718,0,S
23528,61723,61724,1,N
23530,61725,61726,1,S
23534,61732,61732,0,S
23535,61734,61734,0,N
23512,61699,61740,41,E
23511,61698,61740,42,W
23516,61704,61740,36,E
23514,61702,61740,38,W
23518,61709,61742,33,E
23517,61706,61742,36,W
23522,61714,61742,28,E
23519,61710,61742,32,W
23526,61719,61744,25,E
23523,61714,61744,30,W
23529,61724,61744,20,E
23525,61718,61744,26,W
23532,61729,61746,17,E
23527,61722,61746,24,W
23536,61734,61746,12,E
23531,61726,61746,20,W
23540,61739,61748,9,E
23533,61730,61748,18,W
23542,61744,61748,4,E
23537,61734,61748,14,W
23546,61749,61750,1,E
23538,61738,61750,12,W
23541,61742,61750,8,W
23545,61746,61752,6,W
23547,61750,61752,2,W
23549,61754,61754,0,E
23550,61754,61754,0,W
23552,61758,61758,0,W
23553,61759,61760,1,E
23555,61762,61762,0,W
23556,61764,61764,0,E
23557,61766,61766,0,W
23560,61769,61770,1,E
23561,61770,61770,0,W
23563,61774,61774,0,E
23564,61774,61774,0,W
23566,61778,61778,0,W
23567,61779,61780,1,E
23569,61782,61782,0,W
23570,61784,61784,0,E
23571,61786,61786,0,W
23574,61789,61790,1,E
23575,61790,61790,0,W
23576,61794,61794,0,E
23577,61794,61794,0,W
23579,61798,61798,0,W
23543,61745,61800,55,N
23539,61739,61800,61,S
23551,61756,61802,46,N
23544,61746,61802,56,S
23558,61767,61804,37,N
23548,61753,61804,51,S
23565,61778,61806,28,N
23554,61760,61806,46,S
23573,61789,61808,19,N
23559,61767,61808,41,S
23581,61800,61810,10,N
23562,61774,61810,36,S
23589,61811,61812,1,N
23568,61781,61812,31,S
23572,61788,61814,26,S
23578,61795,61816,21,S
23582,61802,61818,16,S
23586,61809,61820,11,S
23595,61822,61822,0,N
23592,61816,61822,6,S
23597,61823,61824,1,S
23601,61830,61830,0,S
23603,61833,61834,1,N
23606,61837,61838,1,S
23610,61844,61844,0,N
23611,61844,61844,0,S
23580,61799,61846,47,E
23583,61802,61846,44,W
23584,61804,61846,42,E
23585,61806,61846,40,W
23587,61809,61848,39,E
23588,61810,61848,38,W
23590,61814,61848,34,E
23591,61814,61848,34,W
23594,61819,61850,31,E
23593,61818,61850,32,W
23598,61824,61850,26,E
23596,61822,61850,28,W
23600,61829,61852,23,E
23599,61826,61852,26,W
23604,61834,61852,18,E
23602,61830,61852,22,W
23608,61839,61854,15,E
23605,61834,61854,20,W
23612,61844,61854,10,E
23607,61838,61854,16,W
23614,61849,61856,7,E
23609,61842,61856,14,W
23617,61854,61856,2,E
23613,61846,61856,10,W
23615,61850,61858,8,W
23618,61854,61858,4,W
23622,61859,61860,1,E
23621,61858,61860,2,W
23623,61862,61862,0,W
23624,61864,61864,0,E
23627,61866,61866,0,W
23628,61869,61870,1,E
23629,61870,61870,0,W
23631,61874,61874,0,E
23632,61874,61874,0,W
23634,61878,61878,0,W
23636,61879,61880,1,E
23637,61882,61882,0,W
23638,61884,61884,0,E
23640,61886,61886,0,W
23642,61889,61890,1,E
23643,61890,61890,0,W
23645,61894,61894,0,E
23646,61894,61894,0,W
23647,61898,61898,0,W
23649,61899,61900,1,E
23651,61902,61902,0,W
23652,61904,61904,0,E
23619,61855,61906,51,N
23616,61851,61906,55,S
23626,61866,61908,42,N
23620,61858,61908,50,S
23633,61877,61910,33,N
23625,61865,61910,45,S
23641,61888,61912,24,N
23630,61872,61912,40,S
23648,61899,61914,15,N
23635,61879,61914,35,S
23656,61910,61916,6,N
23639,61886,61916,30,S
23644,61893,61918,25,S
23650,61900,61920,20,S
23663,61921,61922,1,N
23654,61907,61922,15,S
23658,61914,61924,10,S
23664,61921,61926,5,S
23668,61928,61928,0,S
23671,61932,61932,0,N
23674,61935,61936,1,S
23677,61942,61942,0,S
23679,61943,61944,1,N
23655,61909,61950,41,E
23653,61906,61950,44,W
23659,61914,61950,36,E
23657,61910,61950,40,W
23662,61919,61952,33,E
23660,61914,61952,38,W
23666,61924,61952,28,E
23661,61918,61952,34,W
23669,61929,61954,25,E
23665,61922,61954,32,W
23672,61934,61954,20,E
23667,61926,61954,28,W
23676,61939,61956,17,E
23670,61930,61956,26,W
23680,61944,61956,12,E
23673,61934,61956,22,W
23683,61949,61958,9,E
23675,61938,61958,20,W
23686,61954,61958,4,E
23678,61942,61958,16,W
23690,61959,61960,1,E
23681,61946,61960,14,W
23684,61950,61960,10,W
23687,61954,61962,8,W
23689,61958,61962,4,W
23693,61964,61964,0,E
23691,61962,61964,2,W
23695,61966,61966,0,W
23696,61969,61970,1,E
23698,61970,61970,0,W
23699,61974,61974,0,E
23700,61974,61974,0,W
23703,61978,61978,0,W
23704,61979,61980,1,E
23705,61982,61982,0,W
23707,61984,61984,0,E
23708,61986,61986,0,W
23710,61989,61990,1,E
23711,61990,61990,0,W
23713,61994,61994,0,E
23714,61994,61994,0,W
23717,61998,61998,0,W
23718,61999,62000,1,E
23719,62002,62002,0,W
23720,62004,62004,0,E
23722,62006,62006,0,W
23685,61954,62010,56,N
23682,61949,62010,61,S
23694,61965,62012,47,N
23688,61956,62012,56,S
23701,61976,62014,38,N
23692,61963,62014,51,S
23709,61987,62016,29,N
23697,61970,62016,46,S
23715,61998,62018,20,N
23702,61977,62018,41,S
23723,62009,62020,11,N
23706,61984,62020,36,S
23732,62020,62022,2,N
23712,61991,62022,31,S
23716,61998,62024,26,S
23721,62005,62026,21,S
23726,62012,62028,16,S
23730,62019,62030,11,S
23739,62031,62032,1,N
23735,62026,62032,6,S
23740,62033,62034,1,S
23745,62040,62040,0,S
23746,62042,62042,0,N
23750,62047,62048,1,S
23753,62053,62054,1,N
23754,62054,62054,0,S
23724,62009,62056,47,E
23725,62010,62056,46,W
23727,62014,62056,42,E
23728,62014,62056,42,W
23731,62019,62058,39,E
23729,62018,62058,40,W
23734,62024,62058,34,E
23733,62022,62058,36,W
23737,62029,62060,31,E
23736,62026,62060,34,W
23741,62034,62060,26,E
23738,62030,62060,30,W
23744,62039,62062,23,E
23742,62034,62062,28,W
23748,62044,62062,18,E
23743,62038,62062,24,W
23751,62049,62064,15,E
23747,62042,62064,22,W
23755,62054,62064,10,E
23749,62046,62064,18,W
23758,62059,62066,7,E
23752,62050,62066,16,W
23762,62064,62066,2,E
23756,62054,62066,12,W
23757,62058,62068,10,W
23760,62062,62068,6,W
23765,62069,62070,1,E
23763,62066,62070,4,W
23766,62070,62070,0,W
23767,62074,62074,0,E
23768,62074,62074,0,W
23771,62078,62078,0,W
23772,62079,62080,1,E
23774,62082,62082,0,W
23775,62084,62084,0,E
23777,62086,62086,0,W
23779,62089,62090,1,E
23780,62090,62090,0,W
23781,62094,62094,0,E
23782,62094,62094,0,W
23785,62098,62098,0,W
23786,62099,62100,1,E
23787,62102,62102,0,W
23789,62104,62104,0,E
23790,62106,62106,0,W
23792,62109,62110,1,E
23794,62110,62110,0,W
23795,62114,62114,0,E
23796,62114,62114,0,W
23761,62064,62116,52,N
23759,62061,62116,55,S
23769,62075,62118,43,N
23764,62068,62118,50,S
23776,62086,62120,34,N
23770,62075,62120,45,S
23784,62097,62122,25,N
23773,62082,62122,40,S
23791,62108,62124,16,N
23778,62089,62124,35,S
23799,62119,62126,7,N
23783,62096,62126,30,S
23788,62103,62128,25,S
23806,62130,62130,0,N
23793,62110,62130,20,S
23797,62117,62132,15,S
23802,62124,62134,10,S
23808,62131,62136,5,S
23811,62138,62138,0,S
23814,62141,62142,1,N
23817,62145,62146,1,S
23821,62152,62152,0,N
23822,62152,62152,0,S
23800,62119,62160,41,E
23798,62118,62160,42,W
23803,62124,62160,36,E
23801,62122,62160,38,W
23805,62129,62162,33,E
23804,62126,62162,36,W
23809,62134,62162,28,E
23807,62130,62162,32,W
23813,62139,62164,25,E
23810,62134,62164,30,W
23816,62144,62164,20,E
23812,62138,62164,26,W
23819,62149,62166,17,E
23815,62142,62166,24,W
23823,62154,62166,12,E
23818,62146,62166,20,W
23827,62159,62168,9,E
23820,62150,62168,18,W
23830,62164,62168,4,E
23824,62154,62168,14,W
23833,62169,62170,1,E
23825,62158,62170,12,W
23828,62162,62170,8,W
23832,62166,62172,6,W
23834,62170,62172,2,W
23837,62174,62174,0,E
23838,62174,62174,0,W
23839,62178,62178,0,W
23840,62179,62180,1,E
23842,62182,62182,0,W
23843,62184,62184,0,E
23845,62186,62186,0,W
23847,62189,62190,1,E
23848,62190,62190,0,W
23850,62194,62194,0,E
23851,62194,62194,0,W
23853,62198,62198,0,W
23854,62199,62200,1,E
23856,62202,62202,0,W
23857,62204,62204,0,E
23858,62206,62206,0,W
23861,62209,62210,1,E
23862,62210,62210,0,W
23863,62214,62214,0,E
23864,62214,62214,0,W
23867,62218,62218,0,W
23829,62163,62220,57,N
23826,62159,62220,61,S
23836,62174,62222,48,N
23831,62166,62222,56,S
23844,62185,62224,39,N
23835,62173,62224,51,S
23852,62196,62226,30,N
23841,62180,62226,46,S
23859,62207,62228,21,N
23846,62187,62228,41,S
23866,62218,62230,12,N
23849,62194,62230,36,S
23873,62229,62232,3,N
23855,62201,62232,31,S
23860,62208,62234,26,S
23865,62215,62236,21,S
23869,62222,62238,16,S
23882,62240,62240,0,N
23874,62229,62240,11,S
23879,62236,62242,6,S
23884,62243,62244,1,S
23888,62250,62250,0,S
23890,62251,62252,1,N
23893,62257,62258,1,S
23896,62262,62262,0,N
23898,62264,62264,0,S
23868,62219,62266,47,E
23870,62222,62266,44,W
23871,62224,62266,42,E
23872,62226,62266,40,W
23875,62229,62268,39,E
23876,62230,62268,38,W
23877,62234,62268,34,E
23878,62234,62268,34,W
23881,62239,62270,31,E
23880,62238,62270,32,W
23885,62244,62270,26,E
23883,62242,62270,28,W
23887,62249,62272,23,E
23886,62246,62272,26,W
23891,62254,62272,18,E
23889,62250,62272,22,W
23895,62259,62274,15,E
23892,62254,62274,20,W
23899,62264,62274,10,E
23894,62258,62274,16,W
23901,62269,62276,7,E
23897,62262,62276,14,W
23905,62274,62276,2,E
23900,62266,62276,10,W
23902,62270,62278,8,W
23906,62274,62278,4,W
23909,62279,62280,1,E
23908,62278,62280,2,W
23910,62282,62282,0,W
23912,62284,62284,0,E
23914,62286,62286,0,W
23915,62289,62290,1,E
23916,62290,62290,0,W
23918,62294,62294,0,E
23919,62294,62294,0,W
23921,62298,62298,0,W
23923,62299,62300,1,E
23924,62302,62302,0,W
23925,62304,62304,0,E
23928,62306,62306,0,W
23929,62309,62310,1,E
23930,62310,62310,0,W
23932,62314,62314,0,E
23933,62314,62314,0,W
23935,62318,62318,0,W
23936,62319,62320,1,E
23938,62322,62322,0,W
23939,62324,62324,0,E
23904,62273,62326,53,N
23903,62271,62326,55,S
23911,62284,62328,44,N
23907,62278,62328,50,S
23920,62295,62330,35,N
23913,62285,62330,45,S
23926,62306,62332,26,N
23917,62292,62332,40,S
23934,62317,62334,17,N
23922,62299,62334,35,S
23942,62328,62336,8,N
23927,62306,62336,30,S
23931,62313,62338,25,S
23949,62339,62340,1,N
23937,62320,62340,20,S
23941,62327,62342,15,S
23945,62334,62344,10,S
23951,62341,62346,5,S
23955,62348,62348,0,S
23957,62350,62350,0,N
23961,62355,62356,1,S
23964,62361,62362,1,N
23965,62362,62362,0,S
23943,62329,62370,41,E
23940,62326,62370,44,W
23946,62334,62370,36,E
23944,62330,62370,40,W
23950,62339,62372,33,E
23947,62334,62372,38,W
23953,62344,62372,28,E
23948,62338,62372,34,W
23956,62349,62374,25,E
23952,62342,62374,32,W
23959,62354,62374,20,E
23954,62346,62374,28,W
23963,62359,62376,17,E
23958,62350,62376,26,W
23967,62364,62376,12,E
23960,62354,62376,22,W
23970,62369,62378,9,E
23962,62358,62378,20,W
23973,62374,62378,4,E
23966,62362,62378,16,W
23977,62379,62380,1,E
23968,62366,62380,14,W
23971,62370,62380,10,W
23974,62374,62382,8,W
23976,62378,62382,4,W
23981,62384,62384,0,E
23978,62382,62384,2,W
23982,62386,62386,0,W
23983,62389,62390,1,E
23985,62390,62390,0,W
23987,62394,62394,0,E
23988,62394,62394,0,W
23990,62398,62398,0,W
23991,62399,62400,1,E
23992,62402,62402,0,W
23994,62404,62404,0,E
23996,62406,62406,0,W
23997,62409,62410,1,E
23998,62410,62410,0,W
24000,62414,62414,0,E
24001,62414,62414,0,W
24004,62418,62418,0,W
24005,62419,62420,1,E
24006,62422,62422,0,W
24007,62424,62424,0,E
24009,62426,62426,0,W
23972,62372,62430,58,N
23969,62369,62430,61,S
23979,62383,62432,49,N
23975,62376,62432,56,S
23986,62394,62434,40,N
23980,62383,62434,51,S
23995,62405,62436,31,N
23984,62390,62436,46,S
24002,62416,62438,22,N
23989,62397,62438,41,S
24010,62427,62440,13,N
23993,62404,62440,36,S
24016,62438,62442,4,N
23999,62411,62442,31,S
24003,62418,62444,26,S
24008,62425,62446,21,S
24013,62432,62448,16,S
24024,62449,62450,1,N
24018,62439,62450,11,S
24022,62446,62452,6,S
24027,62453,62454,1,S
24032,62460,62460,0,N
24033,62460,62460,0,S
24037,62467,62468,1,S
24040,62471,62472,1,N
24041,62474,62474,0,S
24011,62429,62476,47,E
24012,62430,62476,46,W
24014,62434,62476,42,E
24015,62434,62476,42,W
24019,62439,62478,39,E
24017,62438,62478,40,W
24021,62444,62478,34,E
24020,62442,62478,36,W
24025,62449,62480,31,E
24023,62446,62480,34,W
24028,62454,62480,26,E
24026,62450,62480,30,W
24031,62459,62482,23,E
24029,62454,62482,28,W
24035,62464,62482,18,E
24030,62458,62482,24,W
24038,62469,62484,15,E
24034,62462,62484,22,W
24042,62474,62484,10,E
24036,62466,62484,18,W
24045,62479,62486,7,E
24039,62470,62486,16,W
24049,62484,62486,2,E
24043,62474,62486,12,W
24044,62478,62488,10,W
24048,62482,62488,6,W
24052,62489,62490,1,E
24050,62486,62490,4,W
24053,62490,62490,0,W
24055,62494,62494,0,E
24056,62494,62494,0,W
24058,62498,62498,0,W
24059,62499,62500,1,E
24061,62502,62502,0,W
24063,62504,62504,0,E
24064,62506,62506,0,W
24066,62509,62510,1,E
24067,62510,62510,0,W
24068,62514,62514,0,E
24069,62514,62514,0,W
24072,62518,62518,0,W
24073,62519,62520,1,E
24074,62522,62522,0,W
24076,62524,62524,0,E
24078,62526,62526,0,W
24079,62529,62530,1,E
24081,62530,62530,0,W
24082,62534,62534,0,E
24083,62534,62534,0,W
24047,62482,62536,54,N
24046,62481,62536,55,S
24054,62493,62538,45,N
24051,62488,62538,50,S
24062,62504,62540,36,N
24057,62495,62540,45,S
24070,62515,62542,27,N
24060,62502,62542,40,S
24077,62526,62544,18,N
24065,62509,62544,35,S
24084,62537,62546,9,N
24071,62516,62546,30,S
24092,62548,62548,0,N
24075,62523,62548,25,S
24080,62530,62550,20,S
24085,62537,62552,15,S
24089,62544,62554,10,S
24095,62551,62556,5,S
24098,62558,62558,0,S
24100,62559,62560,1,N
24104,62565,62566,1,S
24107,62570,62570,0,N
24109,62572,62572,0,S
24087,62539,62580,41,E
24086,62538,62580,42,W
24090,62544,62580,36,E
24088,62542,62580,38,W
24093,62549,62582,33,E
24091,62546,62582,36,W
24096,62554,62582,28,E
24094,62550,62582,32,W
24101,62559,62584,25,E
24097,62554,62584,30,W
24103,62564,62584,20,E
24099,62558,62584,26,W
24106,62569,62586,17,E
24102,62562,62586,24,W
24110,62574,62586,12,E
24105,62566,62586,20,W
24114,62579,62588,9,E
24108,62570,62588,18,W
24117,62584,62588,4,E
24111,62574,62588,14,W
24120,62589,62590,1,E
24112,62578,62590,12,W
24116,62582,62590,8,W
24119,62586,62592,6,W
24121,62590,62592,2,W
24124,62594,62594,0,E
24125,62594,62594,0,W
24126,62598,62598,0,W
24127,62599,62600,1,E
24129,62602,62602,0,W
24131,62604,62604,0,E
24132,62606,62606,0,W
24134,62609,62610,1,E
24135,62610,62610,0,W
24138,62614,62614,0,E
24139,62614,62614,0,W
24140,62618,62618,0,W
24141,62619,62620,1,E
24143,62622,62622,0,W
24144,62624,62624,0,E
24146,62626,62626,0,W
24148,62629,62630,1,E
24149,62630,62630,0,W
24150,62634,62634,0,E
24151,62634,62634,0,W
24154,62638,62638,0,W
24115,62581,62640,59,N
24113,62579,62640,61,S
24122,62592,62642,50,N
24118,62586,62642,56,S
24130,62603,62644,41,N
24123,62593,62644,51,S
24136,62614,62646,32,N
24128,62600,62646,46,S
24145,62625,62648,23,N
24133,62607,62648,41,S
24153,62636,62650,14,N
24137,62614,62650,36,S
24160,62647,62652,5,N
24142,62621,62652,31,S
24147,62628,62654,26,S
24152,62635,62656,21,S
24167,62658,62658,0,N
24156,62642,62658,16,S
24161,62649,62660,11,S
24166,62656,62662,6,S
24171,62663,62664,1,S
24174,62669,62670,1,N
24176,62670,62670,0,S
24180,62677,62678,1,S
24183,62680,62680,0,N
24185,62684,62684,0,S
24155,62639,62686,47,E
24157,62642,62686,44,W
24158,62644,62686,42,E
24159,62646,62686,40,W
24162,62649,62688,39,E
24163,62650,62688,38,W
24164,62654,62688,34,E
24165,62654,62688,34,W
24169,62659,62690,31,E
24168,62658,62690,32,W
24172,62664,62690,26,E
24170,62662,62690,28,W
24175,62669,62692,23,E
24173,62666,62692,26,W
24178,62674,62692,18,E
24177,62670,62692,22,W
24182,62679,62694,15,E
24179,62674,62694,20,W
24186,62684,62694,10,E
24181,62678,62694,16,W
24188,62689,62696,7,E
24184,62682,62696,14,W
24192,62694,62696,2,E
24187,62686,62696,10,W
24189,62690,62698,8,W
24193,62694,62698,4,W
24196,62699,62700,1,E
24195,62698,62700,2,W
24198,62702,62702,0,W
24199,62704,62704,0,E
24201,62706,62706,0,W
24202,62709,62710,1,E
24203,62710,62710,0,W
24206,62714,62714,0,E
24207,62714,62714,0,W
24208,62718,62718,0,W
24210,62719,62720,1,E
24211,62722,62722,0,W
24213,62724,62724,0,E
24215,62726,62726,0,W
24216,62729,62730,1,E
24217,62730,62730,0,W
24219,62734,62734,0,E
24220,62734,62734,0,W
24222,62738,62738,0,W
24223,62739,62740,1,E
24225,62742,62742,0,W
24226,62744,62744,0,E
24190,62691,62746,55,N
24191,62691,62746,55,S
24197,62702,62748,46,N
24194,62698,62748,50,S
24205,62713,62750,37,N
24200,62705,62750,45,S
24212,62724,62752,28,N
24204,62712,62752,40,S
24221,62735,62754,19,N
24209,62719,62754,35,S
24227,62746,62756,10,N
24214,62726,62756,30,S
24235,62757,62758,1,N
24218,62733,62758,25,S
24224,62740,62760,20,S
24229,62747,62762,15,S
24232,62754,62764,10,S
24238,62761,62766,5,S
24242,62768,62768,0,N
24243,62768,62768,0,S
24248,62775,62776,1,S
24250,62779,62780,1,N
24252,62782,62782,0,S
24230,62749,62790,41,E
24228,62746,62790,44,W
24233,62754,62790,36,E
24231,62750,62790,40,W
24237,62759,62792,33,E
24234,62754,62792,38,W
24240,62764,62792,28,E
24236,62758,62792,34,W
24244,62769,62794,25,E
24239,62762,62794,32,W
24246,62774,62794,20,E
24241,62766,62794,28,W
24251,62779,62796,17,E
24245,62770,62796,26,W
24254,62784,62796,12,E
24247,62774,62796,22,W
24257,62789,62798,9,E
24249,62778,62798,20,W
24260,62794,62798,4,E
24253,62782,62798,16,W
24264,62799,62800,1,E
24255,62786,62800,14,W
24259,62790,62800,10,W
24261,62794,62802,8,W
24263,62798,62802,4,W
24268,62804,62804,0,E
24266,62802,62804,2,W
24269,62806,62806,0,W
24270,62809,62810,1,E
24272,62810,62810,0,W
24274,62814,62814,0,E
24275,62814,62814,0,W
24277,62818,62818,0,W
24278,62819,62820,1,E
24279,62822,62822,0,W
24282,62824,62824,0,E
24283,62826,62826,0,W
24284,62829,62830,1,E
24285,62830,62830,0,W
24288,62834,62834,0,E
24289,62834,62834,0,W
24291,62838,62838,0,W
24292,62839,62840,1,E
24293,62842,62842,0,W
24294,62844,62844,0,E
24297,62846,62846,0,W
24258,62790,62850,60,N
24256,62789,62850,61,S
24265,62801,62852,51,N
24262,62796,62852,56,S
24273,62812,62854,42,N
24267,62803,62854,51,S
24280,62823,62856,33,N
24271,62810,62856,46,S
24287,62834,62858,24,N
24276,62817,62858,41,S
24295,62845,62860,15,N
24281,62824,62860,36,S
24303,62856,62862,6,N
24286,62831,62862,31,S
24290,62838,62864,26,S
24296,62845,62866,21,S
24311,62867,62868,1,N
24300,62852,62868,16,S
24305,62859,62870,11,S
24309,62866,62872,6,S
24314,62873,62874,1,S
24317,62878,62878,0,N
24320,62880,62880,0,S
24324,62887,62888,1,S
24325,62889,62890,1,N
24328,62894,62894,0,S
24298,62849,62896,47,E
24299,62850,62896,46,W
24301,62854,62896,42,E
24302,62854,62896,42,W
24306,62859,62898,39,E
24304,62858,62898,40,W
24308,62864,62898,34,E
24307,62862,62898,36,W
24312,62869,62900,31,E
24310,62866,62900,34,W
24315,62874,62900,26,E
24313,62870,62900,30,W
24319,62879,62902,23,E
24316,62874,62902,28,W
24322,62884,62902,18,E
24318,62878,62902,24,W
24326,62889,62904,15,E
24321,62882,62904,22,W
24329,62894,62904,10,E
24323,62886,62904,18,W
24332,62899,62906,7,E
24327,62890,62906,16,W
24336,62904,62906,2,E
24330,62894,62906,12,W
24331,62898,62908,10,W
24335,62902,62908,6,W
24339,62909,62910,1,E
24337,62906,62910,4,W
24340,62910,62910,0,W
24342,62914,62914,0,E
24343,62914,62914,0,W
24345,62918,62918,0,W
24346,62919,62920,1,E
24349,62922,62922,0,W
24350,62924,62924,0,E
24351,62926,62926,0,W
24353,62929,62930,1,E
24354,62930,62930,0,W
24356,62934,62934,0,E
24357,62934,62934,0,W
24359,62938,62938,0,W
24360,62939,62940,1,E
24361,62942,62942,0,W
24364,62944,62944,0,E
24365,62946,62946,0,W
24366,62949,62950,1,E
24368,62950,62950,0,W
24369,62954,62954,0,E
24370,62954,62954,0,W
24333,62900,62956,56,N
24334,62901,62956,55,S
24341,62911,62958,47,N
24338,62908,62958,50,S
24347,62922,62960,38,N
24344,62915,62960,45,S
24355,62933,62962,29,N
24348,62922,62962,40,S
24363,62944,62964,20,N
24352,62929,62964,35,S
24371,62955,62966,11,N
24358,62936,62966,30,S
24378,62966,62968,2,N
24362,62943,62968,25,S
24367,62950,62970,20,S
24372,62957,62972,15,S
24376,62964,62974,10,S
24382,62971,62976,5,S
24385,62977,62978,1,N
24386,62978,62978,0,S
24391,62985,62986,1,S
24393,62988,62988,0,N
24396,62992,62992,0,S
24374,62959,63000,41,E
24373,62958,63000,42,W
24377,62964,63000,36,E
24375,62962,63000,38,W
24380,62969,63002,33,E
24379,62966,63002,36,W
24383,62974,63002,28,E
24381,62970,63002,32,W
24388,62979,63004,25,E
24384,62974,63004,30,W
24390,62984,63004,20,E
24387,62978,63004,26,W
24394,62989,63006,17,E
24389,62982,63006,24,W
24397,62994,63006,12,E
24392,62986,63006,20,W
24402,62999,63008,9,E
24395,62990,63008,18,W
24404,63004,63008,4,E
24398,62994,63008,14,W
24407,63009,63010,1,E
24399,62998,63010,12,W
24403,63002,63010,8,W
24406,63006,63012,6,W
24409,63010,63012,2,W
24411,63014,63014,0,E
24412,63014,63014,0,W
24413,63018,63018,0,W
24414,63019,63020,1,E
24417,63022,63022,0,W
24418,63024,63024,0,E
24419,63026,63026,0,W
24421,63029,63030,1,E
24422,63030,63030,0,W
24425,63034,63034,0,E
24426,63034,63034,0,W
24427,63038,63038,0,W
24428,63039,63040,1,E
24430,63042,63042,0,W
24432,63044,63044,0,E
24433,63046,63046,0,W
24435,63049,63050,1,E
24436,63050,63050,0,W
24438,63054,63054,0,E
24439,63054,63054,0,W
24441,63058,63058,0,W
24400,62999,63060,61,N
24401,62999,63060,61,S
24408,63010,63062,52,N
24405,63006,63062,56,S
24416,63021,63064,43,N
24410,63013,63064,51,S
24423,63032,63066,34,N
24415,63020,63066,46,S
24431,63043,63068,25,N
24420,63027,63068,41,S
24437,63054,63070,16,N
24424,63034,63070,36,S
24446,63065,63072,7,N
24429,63041,63072,31,S
24434,63048,63074,26,S
24453,63076,63076,0,N
24440,63055,63076,21,S
24443,63062,63078,16,S
24448,63069,63080,11,S
24454,63076,63082,6,S
24458,63083,63084,1,S
24461,63087,63088,1,N
24463,63090,63090,0,S
24468,63098,63098,0,N
24467,63097,63098,1,S
24472,63104,63104,0,S
24442,63059,63106,47,E
24444,63062,63106,44,W
24445,63064,63106,42,E
24447,63066,63106,40,W
24449,63069,63108,39,E
24450,63070,63108,38,W
24451,63074,63108,34,E
24452,63074,63108,34,W
24456,63079,63110,31,E
24455,63078,63110,32,W
24459,63084,63110,26,E
24457,63082,63110,28,W
24462,63089,63112,23,E
24460,63086,63112,26,W
24465,63094,63112,18,E
24464,63090,63112,22,W
24470,63099,63114,15,E
24466,63094,63114,20,W
24473,63104,63114,10,E
24469,63098,63114,16,W
24476,63109,63116,7,E
24471,63102,63116,14,W
24479,63114,63116,2,E
24474,63106,63116,10,W
24477,63110,63118,8,W
24480,63114,63118,4,W
24483,63119,63120,1,E
24482,63118,63120,2,W
24485,63122,63122,0,W
24486,63124,63124,0,E
24488,63126,63126,0,W
24489,63129,63130,1,E
24490,63130,63130,0,W
24493,63134,63134,0,E
24494,63134,63134,0,W
24495,63138,63138,0,W
24497,63139,63140,1,E
24499,63142,63142,0,W
24500,63144,63144,0,E
24502,63146,63146,0,W
24503,63149,63150,1,E
24504,63150,63150,0,W
24507,63154,63154,0,E
24508,63154,63154,0,W
24509,63158,63158,0,W
24510,63159,63160,1,E
24512,63162,63162,0,W
24514,63164,63164,0,E
24475,63109,63166,57,N
24478,63111,63166,55,S
24484,63120,63168,48,N
24481,63118,63168,50,S
24491,63131,63170,39,N
24487,63125,63170,45,S
24498,63142,63172,30,N
24492,63132,63172,40,S
24505,63153,63174,21,N
24496,63139,63174,35,S
24513,63164,63176,12,N
24501,63146,63176,30,S
24522,63175,63178,3,N
24506,63153,63178,25,S
24511,63160,63180,20,S
24516,63167,63182,15,S
24519,63174,63184,10,S
24528,63186,63186,0,N
24525,63181,63186,5,S
24530,63188,63188,0,S
24535,63195,63196,1,S
24536,63197,63198,1,N
24539,63202,63202,0,S
24543,63208,63208,0,N
24517,63169,63210,41,E
24515,63166,63210,44,W
24520,63174,63210,36,E
24518,63170,63210,40,W
24524,63179,63212,33,E
24521,63174,63212,38,W
24527,63184,63212,28,E
24523,63178,63212,34,W
24531,63189,63214,25,E
24526,63182,63214,32,W
24533,63194,63214,20,E
24529,63186,63214,28,W
24538,63199,63216,17,E
24532,63190,63216,26,W
24541,63204,63216,12,E
24534,63194,63216,22,W
24545,63209,63218,9,E
24537,63198,63218,20,W
24547,63214,63218,4,E
24540,63202,63218,16,W
24552,63219,63220,1,E
24542,63206,63220,14,W
24546,63210,63220,10,W
24548,63214,63222,8,W
24550,63218,63222,4,W
24555,63224,63224,0,E
24553,63222,63224,2,W
24556,63226,63226,0,W
24557,63229,63230,1,E
24560,63230,63230,0,W
24561,63234,63234,0,E
24562,63234,63234,0,W
24564,63238,63238,0,W
24565,63239,63240,1,E
24567,63242,63242,0,W
24569,63244,63244,0,E
24570,63246,63246,0,W
24571,63249,63250,1,E
24572,63250,63250,0,W
24575,63254,63254,0,E
24576,63254,63254,0,W
24578,63258,63258,0,W
24579,63259,63260,1,E
24580,63262,63262,0,W
24582,63264,63264,0,E
24584,63266,63266,0,W
24551,63219,63270,51,N
24544,63209,63270,61,S
24558,63230,63272,42,N
24549,63216,63272,56,S
24566,63241,63274,33,N
24554,63223,63274,51,S
24574,63252,63276,24,N
24559,63230,63276,46,S
24581,63263,63278,15,N
24563,63237,63278,41,S
24588,63274,63280,6,N
24568,63244,63280,36,S
24573,63251,63282,31,S
24577,63258,63284,26,S
24596,63285,63286,1,N
24583,63265,63286,21,S
24587,63272,63288,16,S
24592,63279,63290,11,S
24597,63286,63292,6,S
24601,63293,63294,1,S
24604,63296,63296,0,N
24607,63300,63300,0,S
24611,63307,63308,1,N
24612,63307,63308,1,S
24615,63314,63314,0,S
24585,63269,63316,47,E
24586,63270,63316,46,W
24589,63274,63316,42,E
24590,63274,63316,42,W
24593,63279,63318,39,E
24591,63278,63318,40,W
24595,63284,63318,34,E
24594,63282,63318,36,W
24599,63289,63320,31,E
24598,63286,63320,34,W
24602,63294,63320,26,E
24600,63290,63320,30,W
24606,63299,63322,23,E
24603,63294,63322,28,W
24609,63304,63322,18,E
24605,63298,63322,24,W
24613,63309,63324,15,E
24608,63302,63324,22,W
24616,63314,63324,10,E
24610,63306,63324,18,W
24620,63319,63326,7,E
24614,63310,63326,16,W
24623,63324,63326,2,E
24617,63314,63326,12,W
24619,63318,63328,10,W
24622,63322,63328,6,W
24627,63329,63330,1,E
24624,63326,63330,4,W
24628,63330,63330,0,W
24629,63334,63334,0,E
24630,63334,63334,0,W
24632,63338,63338,0,W
24633,63339,63340,1,E
24636,63342,63342,0,W
24637,63344,63344,0,E
24638,63346,63346,0,W
24640,63349,63350,1,E
24641,63350,63350,0,W
24643,63354,63354,0,E
24644,63354,63354,0,W
24646,63358,63358,0,W
24647,63359,63360,1,E
24649,63362,63362,0,W
24651,63364,63364,0,E
24652,63366,63366,0,W
24653,63369,63370,1,E
24655,63370,63370,0,W
24657,63374,63374,0,E
24658,63374,63374,0,W
24618,63318,63376,58,N
24621,63321,63376,55,S
24626,63329,63378,49,N
24625,63328,63378,50,S
24634,63340,63380,40,N
24631,63335,63380,45,S
24642,63351,63382,31,N
24635,63342,63382,40,S
24648,63362,63384,22,N
24639,63349,63384,35,S
24656,63373,63386,13,N
24645,63356,63386,30,S
24663,63384,63388,4,N
24650,63363,63388,25,S
24654,63370,63390,20,S
24659,63377,63392,15,S
24664,63384,63394,10,S
24672,63395,63396,1,N
24669,63391,63396,5,S
24673,63398,63398,0,S
24679,63406,63406,0,N
24678,63405,63406,1,S
24683,63412,63412,0,S
24686,63417,63418,1,N
24661,63379,63420,41,E
24660,63378,63420,42,W
24665,63384,63420,36,E
24662,63382,63420,38,W
24667,63389,63422,33,E
24666,63386,63422,36,W
24670,63394,63422,28,E
24668,63390,63422,32,W
24675,63399,63424,25,E
24671,63394,63424,30,W
24677,63404,63424,20,E
24674,63398,63424,26,W
24681,63409,63426,17,E
24676,63402,63426,24,W
24684,63414,63426,12,E
24680,63406,63426,20,W
24689,63419,63428,9,E
24682,63410,63428,18,W
24691,63424,63428,4,E
24685,63414,63428,14,W
24695,63429,63430,1,E
24687,63418,63430,12,W
24690,63422,63430,8,W
24693,63426,63432,6,W
24696,63430,63432,2,W
24698,63434,63434,0,E
24699,63434,63434,0,W
24700,63438,63438,0,W
24702,63439,63440,1,E
24704,63442,63442,0,W
24705,63444,63444,0,E
24706,63446,63446,0,W
24708,63449,63450,1,E
24710,63450,63450,0,W
24712,63454,63454,0,E
24713,63454,63454,0,W
24714,63458,63458,0,W
24715,63459,63460,1,E
24718,63462,63462,0,W
24719,63464,63464,0,E
24720,63466,63466,0,W
24722,63469,63470,1,E
24723,63470,63470,0,W
24725,63474,63474,0,E
24726,63474,63474,0,W
24728,63478,63478,0,W
24694,63428,63480,52,N
24688,63419,63480,61,S
24701,63439,63482,43,N
24692,63426,63482,56,S
24709,63450,63484,34,N
24697,63433,63484,51,S
24716,63461,63486,25,N
24703,63440,63486,46,S
24724,63472,63488,16,N
24707,63447,63488,41,S
24732,63483,63490,7,N
24711,63454,63490,36,S
24717,63461,63492,31,S
24738,63494,63494,0,N
24721,63468,63494,26,S
24727,63475,63496,21,S
24730,63482,63498,16,S
24735,63489,63500,11,S
24741,63496,63502,6,S
24745,63503,63504,1,S
24747,63505,63506,1,N
24750,63510,63510,0,S
24754,63516,63516,0,N
24755,63517,63518,1,S
24759,63524,63524,0,S
24729,63479,63526,47,E
24731,63482,63526,44,W
24733,63484,63526,42,E
24734,63486,63526,40,W
24736,63489,63528,39,E
24737,63490,63528,38,W
24739,63494,63528,34,E
24740,63494,63528,34,W
24743,63499,63530,31,E
24742,63498,63530,32,W
24746,63504,63530,26,E
24744,63502,63530,28,W
24749,63509,63532,23,E
24748,63506,63532,26,W
24752,63514,63532,18,E
24751,63510,63532,22,W
24757,63519,63534,15,E
24753,63514,63534,20,W
24760,63524,63534,10,E
24756,63518,63534,16,W
24763,63529,63536,7,E
24758,63522,63536,14,W
24766,63534,63536,2,E
24761,63526,63536,10,W
24764,63530,63538,8,W
24767,63534,63538,4,W
24771,63539,63540,1,E
24770,63538,63540,2,W
24772,63542,63542,0,W
24773,63544,63544,0,E
24775,63546,63546,0,W
24777,63549,63550,1,E
24778,63550,63550,0,W
24780,63554,63554,0,E
24781,63554,63554,0,W
24782,63558,63558,0,W
24784,63559,63560,1,E
24786,63562,63562,0,W
24787,63564,63564,0,E
24789,63566,63566,0,W
24790,63569,63570,1,E
24791,63570,63570,0,W
24794,63574,63574,0,E
24795,63574,63574,0,W
24796,63578,63578,0,W
24797,63579,63580,1,E
24800,63582,63582,0,W
24801,63584,63584,0,E
24762,63527,63586,59,N
24765,63531,63586,55,S
24768,63538,63588,50,N
24769,63538,63588,50,S
24776,63549,63590,41,N
24774,63545,63590,45,S
24785,63560,63592,32,N
24779,63552,63592,40,S
24792,63571,63594,23,N
24783,63559,63594,35,S
24799,63582,63596,14,N
24788,63566,63596,30,S
24806,63593,63598,5,N
24793,63573,63598,25,S
24798,63580,63600,20,S
24803,63587,63602,15,S
24814,63604,63604,0,N
24807,63594,63604,10,S
24812,63601,63606,5,S
24817,63608,63608,0,S
24822,63615,63616,1,N
24823,63615,63616,1,S
24826,63622,63622,0,S
24829,63626,63626,0,N
24804,63589,63630,41,E
24802,63586,63630,44,W
24808,63594,63630,36,E
24805,63590,63630,40,W
24811,63599,63632,33,E
24809,63594,63632,38,W
24815,63604,63632,28,E
24810,63598,63632,34,W
24818,63609,63634,25,E
24813,63602,63634,32,W
24820,63614,63634,20,E
24816,63606,63634,28,W
24825,63619,63636,17,E
24819,63610,63636,26,W
24828,63624,63636,12,E
24821,63614,63636,22,W
24832,63629,63638,9,E
24824,63618,63638,20,W
24834,63634,63638,4,E
24827,63622,63638,16,W
24839,63639,63640,1,E
24830,63626,63640,14,W
24833,63630,63640,10,W
24835,63634,63642,8,W
24838,63638,63642,4,W
24842,63644,63644,0,E
24840,63642,63644,2,W
24843,63646,63646,0,W
24845,63649,63650,1,E
24847,63650,63650,0,W
24848,63654,63654,0,E
24849,63654,63654,0,W
24851,63658,63658,0,W
24853,63659,63660,1,E
24854,63662,63662,0,W
24856,63664,63664,0,E
24857,63666,63666,0,W
24858,63669,63670,1,E
24860,63670,63670,0,W
24862,63674,63674,0,E
24863,63674,63674,0,W
24865,63678,63678,0,W
24866,63679,63680,1,E
24868,63682,63682,0,W
24869,63684,63684,0,E
24871,63686,63686,0,W
24837,63637,63690,53,N
24831,63629,63690,61,S
24844,63648,63692,44,N
24836,63636,63692,56,S
24852,63659,63694,35,N
24841,63643,63694,51,S
24859,63670,63696,26,N
24846,63650,63696,46,S
24867,63681,63698,17,N
24850,63657,63698,41,S
24874,63692,63700,8,N
24855,63664,63700,36,S
24861,63671,63702,31,S
24882,63703,63704,1,N
24864,63678,63704,26,S
24870,63685,63706,21,S
24875,63692,63708,16,S
24879,63699,63710,11,S
24884,63706,63712,6,S
24889,63714,63714,0,N
24888,63713,63714,1,S
24894,63720,63720,0,S
24897,63725,63726,1,N
24899,63727,63728,1,S
24902,63734,63734,0,S
24872,63689,63736,47,E
24873,63690,63736,46,W
24876,63694,63736,42,E
24877,63694,63736,42,W
24880,63699,63738,39,E
24878,63698,63738,40,W
24883,63704,63738,34,E
24881,63702,63738,36,W
24886,63709,63740,31,E
24885,63706,63740,34,W
24890,63714,63740,26,E
24887,63710,63740,30,W
24893,63719,63742,23,E
24891,63714,63742,28,W
24896,63724,63742,18,E
24892,63718,63742,24,W
24900,63729,63744,15,E
24895,63722,63744,22,W
24903,63734,63744,10,E
24898,63726,63744,18,W
24907,63739,63746,7,E
24901,63730,63746,16,W
24910,63744,63746,2,E
24904,63734,63746,12,W
24906,63738,63748,10,W
24909,63742,63748,6,W
24914,63749,63750,1,E
24911,63746,63750,4,W
24915,63750,63750,0,W
24916,63754,63754,0,E
24917,63754,63754,0,W
24920,63758,63758,0,W
24921,63759,63760,1,E
24923,63762,63762,0,W
24924,63764,63764,0,E
24925,63766,63766,0,W
24928,63769,63770,1,E
24929,63770,63770,0,W
24930,63774,63774,0,E
24931,63774,63774,0,W
24933,63778,63778,0,W
24934,63779,63780,1,E
24936,63782,63782,0,W
24938,63784,63784,0,E
24939,63786,63786,0,W
24940,63789,63790,1,E
24942,63790,63790,0,W
24944,63794,63794,0,E
24945,63794,63794,0,W
24905,63736,63796,60,N
24908,63741,63796,55,S
24912,63747,63798,51,N
24913,63748,63798,50,S
24919,63758,63800,42,N
24918,63755,63800,45,S
24926,63769,63802,33,N
24922,63762,63802,40,S
24935,63780,63804,24,N
24927,63769,63804,35,S
24943,63791,63806,15,N
24932,63776,63806,30,S
24949,63802,63808,6,N
24937,63783,63808,25,S
24941,63790,63810,20,S
24946,63797,63812,15,S
24957,63813,63814,1,N
24951,63804,63814,10,S
24956,63811,63816,5,S
24960,63818,63818,0,S
24964,63824,63824,0,N
24966,63825,63826,1,S
24970,63832,63832,0,S
24973,63835,63836,1,N
24948,63799,63840,41,E
24947,63798,63840,42,W
24952,63804,63840,36,E
24950,63802,63840,38,W
24954,63809,63842,33,E
24953,63806,63842,36,W
24958,63814,63842,28,E
24955,63810,63842,32,W
24962,63819,63844,25,E
24959,63814,63844,30,W
24965,63824,63844,20,E
24961,63818,63844,26,W
24968,63829,63846,17,E
24963,63822,63846,24,W
24971,63834,63846,12,E
24967,63826,63846,20,W
24976,63839,63848,9,E
24969,63830,63848,18,W
24978,63844,63848,4,E
24972,63834,63848,14,W
24982,63849,63850,1,E
24974,63838,63850,12,W
24977,63842,63850,8,W
24981,63846,63852,6,W
24983,63850,63852,2,W
24985,63854,63854,0,E
24986,63854,63854,0,W
24988,63858,63858,0,W
24989,63859,63860,1,E
24991,63862,63862,0,W
24992,63864,63864,0,E
24993,63866,63866,0,W
24996,63869,63870,1,E
24997,63870,63870,0,W
24999,63874,63874,0,E
25000,63874,63874,0,W
25001,63878,63878,0,W
25003,63879,63880,1,E
25005,63882,63882,0,W
25006,63884,63884,0,E
25007,63886,63886,0,W
25009,63889,63890,1,E
25011,63890,63890,0,W
25012,63894,63894,0,E
25013,63894,63894,0,W
25015,63898,63898,0,W
24979,63846,63900,54,N
24975,63839,63900,61,S
24987,63857,63902,45,N
24980,63846,63902,56,S
24995,63868,63904,36,N
24984,63853,63904,51,S
25002,63879,63906,27,N
24990,63860,63906,46,S
25010,63890,63908,18,N
24994,63867,63908,41,S
25017,63901,63910,9,N
24998,63874,63910,36,S
25025,63912,63912,0,N
25004,63881,63912,31,S
25008,63888,63914,26,S
25014,63895,63916,21,S
25018,63902,63918,16,S
25022,63909,63920,11,S
25028,63916,63922,6,S
25032,63923,63924,1,N
25033,63923,63924,1,S
25037,63930,63930,0,S
25039,63934,63934,0,N
25042,63937,63938,1,S
25046,63944,63944,0,S
25016,63899,63946,47,E
25019,63902,63946,44,W
25020,63904,63946,42,E
25021,63906,63946,40,W
25023,63909,63948,39,E
25024,63910,63948,38,W
25026,63914,63948,34,E
25027,63914,63948,34,W
25030,63919,63950,31,E
25029,63918,63950,32,W
25034,63924,63950,26,E
25031,63922,63950,28,W
25036,63929,63952,23,E
25035,63926,63952,26,W
25040,63934,63952,18,E
25038,63930,63952,22,W
25044,63939,63954,15,E
25041,63934,63954,20,W
25047,63944,63954,10,E
25043,63938,63954,16,W
25050,63949,63956,7,E
25045,63942,63956,14,W
25053,63954,63956,2,E
25049,63946,63956,10,W
25051,63950,63958,8,W
25054,63954,63958,4,W
25058,63959,63960,1,E
25057,63958,63960,2,W
25059,63962,63962,0,W
25060,63964,63964,0,E
25062,63966,63966,0,W
25064,63969,63970,1,E
25065,63970,63970,0,W
25067,63974,63974,0,E
25068,63974,63974,0,W
25070,63978,63978,0,W
25072,63979,63980,1,E
25073,63982,63982,0,W
25074,63984,63984,0,E
25076,63986,63986,0,W
25078,63989,63990,1,E
25079,63990,63990,0,W
25081,63994,63994,0,E
25082,63994,63994,0,W
25083,63998,63998,0,W
25084,63999,64000,1,E
25087,64002,64002,0,W
25088,64004,64004,0,E
25048,63945,64006,61,N
25052,63951,64006,55,S
25055,63956,64008,52,N
25056,63958,64008,50,S
25063,63967,64010,43,N
25061,63965,64010,45,S
25069,63978,64012,34,N
25066,63972,64012,40,S
25077,63989,64014,25,N
25071,63979,64014,35,S
25085,64000,64016,16,N
25075,63986,64016,30,S
25093,64011,64018,7,N
25080,63993,64018,25,S
25086,64000,64020,20,S
25100,64022,64022,0,N
25090,64007,64022,15,S
25094,64014,64024,10,S
25099,64021,64026,5,S
25104,64028,64028,0,S
25107,64033,64034,1,N
25110,64035,64036,1,S
25113,64042,64042,0,S
25115,64044,64044,0,N
25091,64009,64050,41,E
25089,64006,64050,44,W
25095,64014,64050,36,E
25092,64010,64050,40,W
25098,64019,64052,33,E
25096,64014,64052,38,W
25102,64024,64052,28,E
25097,64018,64052,34,W
25105,64029,64054,25,E
25101,64022,64054,32,W
25108,64034,64054,20,E
25103,64026,64054,28,W
25112,64039,64056,17,E
25106,64030,64056,26,W
25116,64044,64056,12,E
25109,64034,64056,22,W
25119,64049,64058,9,E
25111,64038,64058,20,W
25121,64054,64058,4,E
25114,64042,64058,16,W
25126,64059,64060,1,E
25117,64046,64060,14,W
25120,64050,64060,10,W
25122,64054,64062,8,W
25125,64058,64062,4,W
25129,64064,64064,0,E
25127,64062,64064,2,W
25131,64066,64066,0,W
25132,64069,64070,1,E
25134,64070,64070,0,W
25135,64074,64074,0,E
25136,64074,64074,0,W
25139,64078,64078,0,W
25140,64079,64080,1,E
25141,64082,64082,0,W
25143,64084,64084,0,E
25144,64086,64086,0,W
25146,64089,64090,1,E
25147,64090,64090,0,W
25149,64094,64094,0,E
25150,64094,64094,0,W
25152,64098,64098,0,W
25154,64099,64100,1,E
25155,64102,64102,0,W
25156,64104,64104,0,E
25158,64106,64106,0,W
25123,64055,64110,55,N
25118,64049,64110,61,S
25130,64066,64112,46,N
25124,64056,64112,56,S
25137,64077,64114,37,N
25128,64063,64114,51,S
25145,64088,64116,28,N
25133,64070,64116,46,S
25153,64099,64118,19,N
25138,64077,64118,41,S
25160,64110,64120,10,N
25142,64084,64120,36,S
25168,64121,64122,1,N
25148,64091,64122,31,S
25151,64098,64124,26,S
25157,64105,64126,21,S
25162,64112,64128,16,S
25166,64119,64130,11,S
25175,64132,64132,0,N
25171,64126,64132,6,S
25176,64133,64134,1,S
25181,64140,64140,0,S
25183,64143,64144,1,N
25186,64147,64148,1,S
25189,64154,64154,0,N
25190,64154,64154,0,S
25159,64109,64156,47,E
25161,64110,64156,46,W
25163,64114,64156,42,E
25164,64114,64156,42,W
25167,64119,64158,39,E
25165,64118,64158,40,W
25170,64124,64158,34,E
25169,64122,64158,36,W
25173,64129,64160,31,E
25172,64126,64160,34,W
25177,64134,64160,26,E
25174,64130,64160,30,W
25180,64139,64162,23,E
25178,64134,64162,28,W
25184,64144,64162,18,E
25179,64138,64162,24,W
25187,64149,64164,15,E
25182,64142,64164,22,W
25191,64154,64164,10,E
25185,64146,64164,18,W
25194,64159,64166,7,E
25188,64150,64166,16,W
25197,64164,64166,2,E
25192,64154,64166,12,W
25193,64158,64168,10,W
25196,64162,64168,6,W
25201,64169,64170,1,E
25199,64166,64170,4,W
25202,64170,64170,0,W
25203,64174,64174,0,E
25204,64174,64174,0,W
25207,64178,64178,0,W
25208,64179,64180,1,E
25210,64182,64182,0,W
25211,64184,64184,0,E
25212,64186,64186,0,W
25215,64189,64190,1,E
25216,64190,64190,0,W
25217,64194,64194,0,E
25218,64194,64194,0,W
25221,64198,64198,0,W
25222,64199,64200,1,E
25223,64202,64202,0,W
25225,64204,64204,0,E
25226,64206,64206,0,W
25228,64209,64210,1,E
25230,64210,64210,0,W
25231,64214,64214,0,E
25232,64214,64214,0,W
25198,64165,64216,51,N
25195,64161,64216,55,S
25206,64176,64218,42,N
25200,64168,64218,50,S
25213,64187,64220,33,N
25205,64175,64220,45,S
25220,64198,64222,24,N
25209,64182,64222,40,S
25227,64209,64224,15,N
25214,64189,64224,35,S
25236,64220,64226,6,N
25219,64196,64226,30,S
25224,64203,64228,25,S
25229,64210,64230,20,S
25243,64231,64232,1,N
25233,64217,64232,15,S
25238,64224,64234,10,S
25244,64231,64236,5,S
25247,64238,64238,0,S
25250,64242,64242,0,N
25253,64245,64246,1,S
25257,64252,64252,0,S
25258,64253,64254,1,N
25235,64219,64260,41,E
25234,64218,64260,42,W
25239,64224,64260,36,E
25237,64222,64260,38,W
25241,64229,64262,33,E
25240,64226,64262,36,W
25245,64234,64262,28,E
25242,64230,64262,32,W
25249,64239,64264,25,E
25246,64234,64264,30,W
25252,64244,64264,20,E
25248,64238,64264,26,W
25255,64249,64266,17,E
25251,64242,64266,24,W
25259,64254,64266,12,E
25254,64246,64266,20,W
25263,64259,64268,9,E
25256,64250,64268,18,W
25266,64264,64268,4,E
25260,64254,64268,14,W
25269,64269,64270,1,E
25261,64258,64270,12,W
25264,64262,64270,8,W
25268,64266,64272,6,W
25270,64270,64272,2,W
25272,64274,64274,0,E
25273,64274,64274,0,W
25275,64278,64278,0,W
25276,64279,64280,1,E
25278,64282,64282,0,W
25279,64284,64284,0,E
25281,64286,64286,0,W
25283,64289,64290,1,E
25284,64290,64290,0,W
25286,64294,64294,0,E
25287,64294,64294,0,W
25289,64298,64298,0,W
25290,64299,64300,1,E
25292,64302,64302,0,W
25293,64304,64304,0,E
25294,64306,64306,0,W
25297,64309,64310,1,E
25298,64310,64310,0,W
25299,64314,64314,0,E
25300,64314,64314,0,W
25302,64318,64318,0,W
25265,64264,64320,56,N
25262,64259,64320,61,S
25274,64275,64322,47,N
25267,64266,64322,56,S
25280,64286,64324,38,N
25271,64273,64324,51,S
25288,64297,64326,29,N
25277,64280,64326,46,S
25295,64308,64328,20,N
25282,64287,64328,41,S
25303,64319,64330,11,N
25285,64294,64330,36,S
25311,64330,64332,2,N
25291,64301,64332,31,S
25296,64308,64334,26,S
25301,64315,64336,21,S
25305,64322,64338,16,S
25309,64329,64340,11,S
25318,64341,64342,1,N
25315,64336,64342,6,S
25320,64343,64344,1,S
25324,64350,64350,0,S
25326,64352,64352,0,N
25329,64357,64358,1,S
25333,64363,64364,1,N
25334,64364,64364,0,S
25304,64319,64366,47,E
25306,64322,64366,44,W
25307,64324,64366,42,E
25308,64326,64366,40,W
25310,64329,64368,39,E
25312,64330,64368,38,W
25313,64334,64368,34,E
25314,64334,64368,34,W
25317,64339,64370,31,E
25316,64338,64370,32,W
25321,64344,64370,26,E
25319,64342,64370,28,W
25323,64349,64372,23,E
25322,64346,64372,26,W
25327,64354,64372,18,E
25325,64350,64372,22,W
25331,64359,64374,15,E
25328,64354,64374,20,W
25335,64364,64374,10,E
25330,64358,64374,16,W
25337,64369,64376,7,E
25332,64362,64376,14,W
25341,64374,64376,2,E
25336,64366,64376,10,W
25338,64370,64378,8,W
25342,64374,64378,4,W
25345,64379,64380,1,E
25344,64378,64380,2,W
25346,64382,64382,0,W
25347,64384,64384,0,E
25350,64386,64386,0,W
25351,64389,64390,1,E
25352,64390,64390,0,W
25354,64394,64394,0,E
25355,64394,64394,0,W
25357,64398,64398,0,W
25359,64399,64400,1,E
25360,64402,64402,0,W
25361,64404,64404,0,E
25363,64406,64406,0,W
25365,64409,64410,1,E
25366,64410,64410,0,W
25368,64414,64414,0,E
25369,64414,64414,0,W
25371,64418,64418,0,W
25372,64419,64420,1,E
25374,64422,64422,0,W
25375,64424,64424,0,E
25340,64374,64426,52,N
25339,64371,64426,55,S
25348,64385,64428,43,N
25343,64378,64428,50,S
25356,64396,64430,34,N
25349,64385,64430,45,S
25364,64407,64432,25,N
25353,64392,64432,40,S
25370,64418,64434,16,N
25358,64399,64434,35,S
25378,64429,64436,7,N
25362,64406,64436,30,S
25367,64413,64438,25,S
25386,64440,64440,0,N
25373,64420,64440,20,S
25377,64427,64442,15,S
25381,64434,64444,10,S
25387,64441,64446,5,S
25391,64448,64448,0,S
25394,64451,64452,1,N
25397,64455,64456,1,S
25400,64462,64462,0,N
25401,64462,64462,0,S
25379,64429,64470,41,E
25376,64426,64470,44,W
25382,64434,64470,36,E
25380,64430,64470,40,W
25385,64439,64472,33,E
25383,64434,64472,38,W
25389,64444,64472,28,E
25384,64438,64472,34,W
25392,64449,64474,25,E
25388,64442,64474,32,W
25395,64454,64474,20,E
25390,64446,64474,28,W
25399,64459,64476,17,E
25393,64450,64476,26,W
25403,64464,64476,12,E
25396,64454,64476,22,W
25406,64469,64478,9,E
25398,64458,64478,20,W
25409,64474,64478,4,E
25402,64462,64478,16,W
25413,64479,64480,1,E
25404,64466,64480,14,W
25407,64470,64480,10,W
25410,64474,64482,8,W
25412,64478,64482,4,W
25417,64484,64484,0,E
25414,64482,64484,2,W
25418,64486,64486,0,W
25419,64489,64490,1,E
25421,64490,64490,0,W
25422,64494,64494,0,E
25423,64494,64494,0,W
25426,64498,64498,0,W
25427,64499,64500,1,E
25428,64502,64502,0,W
25430,64504,64504,0,E
25432,64506,64506,0,W
25433,64509,64510,1,E
25434,64510,64510,0,W
25436,64514,64514,0,E
25437,64514,64514,0,W
25440,64518,64518,0,W
25441,64519,64520,1,E
25442,64522,64522,0,W
25443,64524,64524,0,E
25445,64526,64526,0,W
25408,64473,64530,57,N
25405,64469,64530,61,S
25416,64484,64532,48,N
25411,64476,64532,56,S
25424,64495,64534,39,N
25415,64483,64534,51,S
25431,64506,64536,30,N
25420,64490,64536,46,S
25438,64517,64538,21,N
25425,64497,64538,41,S
25446,64528,64540,12,N
25429,64504,64540,36,S
25453,64539,64542,3,N
25435,64511,64542,31,S
25439,64518,64544,26,S
25444,64525,64546,21,S
25449,64532,64548,16,S
25461,64550,64550,0,N
25454,64539,64550,11,S
25458,64546,64552,6,S
25463,64553,64554,1,S
25468,64560,64560,0,S
25469,64561,64562,1,N
25473,64567,64568,1,S
25476,64572,64572,0,N
25477,64574,64574,0,S
25447,64529,64576,47,E
25448,64530,64576,46,W
25450,64534,64576,42,E
25451,64534,64576,42,W
25455,64539,64578,39,E
25452,64538,64578,40,W
25457,64544,64578,34,E
25456,64542,64578,36,W
25460,64549,64580,31,E
25459,64546,64580,34,W
25464,64554,64580,26,E
25462,64550,64580,30,W
25467,64559,64582,23,E
25465,64554,64582,28,W
25471,64564,64582,18,E
25466,64558,64582,24,W
25474,64569,64584,15,E
25470,64562,64584,22,W
25478,64574,64584,10,E
25472,64566,64584,18,W
25481,64579,64586,7,E
25475,64570,64586,16,W
25485,64584,64586,2,E
25479,64574,64586,12,W
25480,64578,64588,10,W
25483,64582,64588,6,W
25488,64589,64590,1,E
25486,64586,64590,4,W
25489,64590,64590,0,W
25491,64594,64594,0,E
25492,64594,64594,0,W
25494,64598,64598,0,W
25495,64599,64600,1,E
25497,64602,64602,0,W
25498,64604,64604,0,E
25500,64606,64606,0,W
25502,64609,64610,1,E
25503,64610,64610,0,W
25504,64614,64614,0,E
25505,64614,64614,0,W
25508,64618,64618,0,W
25509,64619,64620,1,E
25510,64622,64622,0,W
25512,64624,64624,0,E
25513,64626,64626,0,W
25515,64629,64630,1,E
25517,64630,64630,0,W
25518,64634,64634,0,E
25519,64634,64634,0,W
25484,64583,64636,53,N
25482,64581,64636,55,S
25490,64594,64638,44,N
25487,64588,64638,50,S
25499,64605,64640,35,N
25493,64595,64640,45,S
25506,64616,64642,26,N
25496,64602,64642,40,S
25514,64627,64644,17,N
25501,64609,64644,35,S
25521,64638,64646,8,N
25507,64616,64646,30,S
25511,64623,64648,25,S
25528,64649,64650,1,N
25516,64630,64650,20,S
25520,64637,64652,15,S
25525,64644,64654,10,S
25531,64651,64656,5,S
25534,64658,64658,0,S
25537,64660,64660,0,N
25540,64665,64666,1,S
25544,64671,64672,1,N
25545,64672,64672,0,S
25523,64639,64680,41,E
25522,64638,64680,42,W
25526,64644,64680,36,E
25524,64642,64680,38,W
25529,64649,64682,33,E
25527,64646,64682,36,W
25532,64654,64682,28,E
25530,64650,64682,32,W
25536,64659,64684,25,E
25533,64654,64684,30,W
25539,64664,64684,20,E
25535,64658,64684,26,W
25542,64669,64686,17,E
25538,64662,64686,24,W
25546,64674,64686,12,E
25541,64666,64686,20,W
25550,64679,64688,9,E
25543,64670,64688,18,W
25553,64684,64688,4,E
25547,64674,64688,14,W
25556,64689,64690,1,E
25548,64678,64690,12,W
25552,64682,64690,8,W
25555,64686,64692,6,W
25557,64690,64692,2,W
25560,64694,64694,0,E
25561,64694,64694,0,W
25562,64698,64698,0,W
25563,64699,64700,1,E
25565,64702,64702,0,W
25567,64704,64704,0,E
25568,64706,64706,0,W
25570,64709,64710,1,E
25571,64710,64710,0,W
25573,64714,64714,0,E
25574,64714,64714,0,W
25576,64718,64718,0,W
25577,64719,64720,1,E
25579,64722,64722,0,W
25580,64724,64724,0,E
25582,64726,64726,0,W
25584,64729,64730,1,E
25585,64730,64730,0,W
25586,64734,64734,0,E
25587,64734,64734,0,W
25590,64738,64738,0,W
25551,64682,64740,58,N
25549,64679,64740,61,S
25558,64693,64742,49,N
25554,64686,64742,56,S
25566,64704,64744,40,N
25559,64693,64744,51,S
25575,64715,64746,31,N
25564,64700,64746,46,S
25581,64726,64748,22,N
25569,64707,64748,41,S
25589,64737,64750,13,N
25572,64714,64750,36,S
25596,64748,64752,4,N
25578,64721,64752,31,S
25583,64728,64754,26,S
25588,64735,64756,21,S
25592,64742,64758,16,S
25604,64759,64760,1,N
25597,64749,64760,11,S
25602,64756,64762,6,S
25607,64763,64764,1,S
25611,64770,64770,0,N
25612,64770,64770,0,S
25616,64777,64778,1,S
25619,64781,64782,1,N
25621,64784,64784,0,S
25591,64739,64786,47,E
25593,64742,64786,44,W
25594,64744,64786,42,E
25595,64746,64786,40,W
25598,64749,64788,39,E
25599,64750,64788,38,W
25600,64754,64788,34,E
25601,64754,64788,34,W
25605,64759,64790,31,E
25603,64758,64790,32,W
25608,64764,64790,26,E
25606,64762,64790,28,W
25610,64769,64792,23,E
25609,64766,64792,26,W
25614,64774,64792,18,E
25613,64770,64792,22,W
25618,64779,64794,15,E
25615,64774,64794,20,W
25622,64784,64794,10,E
25617,64778,64794,16,W
25624,64789,64796,7,E
25620,64782,64796,14,W
25628,64794,64796,2,E
25623,64786,64796,10,W
25625,64790,64798,8,W
25629,64794,64798,4,W
25632,64799,64800,1,E
25631,64798,64800,2,W
25633,64802,64802,0,W
25635,64804,64804,0,E
25637,64807,64808,1,W
25638,64811,64812,1,E
25639,64812,64812,0,W
25643,64818,64818,0,E
25642,64817,64818,1,W
25644,64822,64822,0,W
25646,64825,64826,1,E
25647,64827,64828,1,W
25650,64832,64832,0,E
25651,64832,64832,0,W
25652,64837,64838,1,W
25653,64839,64840,1,E
25655,64842,64842,0,W
25627,64792,64846,54,N
25626,64791,64846,55,S
25634,64803,64848,45,N
25630,64798,64848,50,S
25641,64817,64850,33,N
25636,64805,64850,45,S
25648,64831,64852,21,N
25640,64814,64852,38,S
25656,64845,64854,9,N
25645,64823,64854,31,S
25649,64832,64856,24,S
25654,64841,64858,17,S
25663,64859,64860,1,N
25659,64850,64860,10,S
25664,64859,64862,3,S
25669,64868,64868,0,S
25671,64873,64874,1,N
25673,64877,64878,1,S
25677,64886,64886,0,S
25678,64887,64888,1,N
25657,64846,64890,44,E
25658,64847,64890,43,W
25661,64853,64890,37,E
25660,64852,64890,38,W
25665,64860,64892,32,E
25662,64857,64892,35,W
25667,64867,64892,25,E
25666,64862,64892,30,W
25672,64874,64894,20,E
25668,64867,64894,27,W
25675,64881,64894,13,E
25670,64872,64894,22,W
25680,64888,64896,8,E
25674,64877,64896,19,W
25683,64895,64896,1,E
25676,64882,64896,14,W
25679,64887,64898,11,W
25681,64892,64898,6,W
25684,64897,64900,3,W
25686,64902,64902,0,E
25687,64902,64902,0,W
25689,64907,64908,1,W
25690,64909,64910,1,E
25691,64912,64912,0,W
25694,64916,64916,0,E
25695,64917,64918,1,W
25697,64922,64922,0,W
25698,64923,64924,1,E
25699,64927,64928,1,W
25701,64930,64930,0,E
25703,64932,64932,0,W
25704,64937,64938,1,E
25705,64937,64938,1,W
25707,64942,64942,0,W
25709,64944,64944,0,E
25710,64947,64948,1,W
25685,64901,64950,49,N
25682,64895,64950,55,S
25693,64915,64952,37,N
25688,64904,64952,48,S
25700,64929,64954,25,N
25692,64913,64954,41,S
25708,64943,64956,13,N
25696,64922,64956,34,S
25714,64957,64958,1,N
25702,64931,64958,27,S
25706,64940,64960,20,S
25711,64949,64962,13,S
25716,64958,64964,6,S
25720,64967,64968,1,S
25722,64971,64972,1,N
25725,64976,64976,0,S
25729,64985,64986,1,N
25730,64985,64986,1,S
25735,64994,64994,0,S
25712,64951,64996,45,E
25713,64952,64996,44,W
25717,64958,64996,38,E
25715,64957,64996,39,W
25719,64965,64998,33,E
25718,64962,64998,36,W
25723,64972,64998,26,E
25721,64967,64998,31,W
25727,64979,65000,21,E
25724,64972,65000,28,W
25731,64986,65000,14,E
25726,64977,65000,23,W
25734,64993,65002,9,E
25728,64982,65002,20,W
25738,65000,65002,2,E
25732,64987,65002,15,W
25733,64992,65004,12,W
25736,64997,65004,7,W
25739,65002,65006,4,W
25741,65007,65008,1,E
25742,65007,65008,1,W
25744,65012,65012,0,W
25746,65014,65014,0,E
25747,65017,65018,1,W
25749,65021,65022,1,E
25750,65022,65022,0,W
25753,65028,65028,0,E
25752,65027,65028,1,W
25755,65032,65032,0,W
25756,65035,65036,1,E
25757,65037,65038,1,W
25760,65042,65042,0,E
25761,65042,65042,0,W
25762,65047,65048,1,W
25764,65049,65050,1,E
25765,65052,65052,0,W
25737,64999,65056,57,N
25740,65003,65056,53,S
25745,65013,65058,45,N
25743,65012,65058,46,S
25751,65027,65060,33,N
25748,65021,65060,39,S
25759,65041,65062,21,N
25754,65030,65062,32,S
25766,65055,65064,9,N
25758,65039,65064,25,S
25763,65048,65066,18,S
25768,65057,65068,11,S
25774,65069,65070,1,N
25772,65066,65070,4,S
25777,65075,65076,1,S
25781,65083,65084,1,N
25782,65084,65084,0,S
25787,65093,65094,1,S
25788,65097,65098,1,N
25767,65056,65100,44,E
25769,65057,65100,43,W
25771,65063,65100,37,E
25770,65062,65100,38,W
25775,65070,65102,32,E
25773,65067,65102,35,W
25778,65077,65102,25,E
25776,65072,65102,30,W
25783,65084,65104,20,E
25779,65077,65104,27,W
25785,65091,65104,13,E
25780,65082,65104,22,W
25790,65098,65106,8,E
25784,65087,65106,19,W
25793,65105,65106,1,E
25786,65092,65106,14,W
25789,65097,65108,11,W
25792,65102,65108,6,W
25794,65107,65110,3,W
25797,65112,65112,0,E
25798,65112,65112,0,W
25799,65117,65118,1,W
25800,65119,65120,1,E
25802,65122,65122,0,W
25804,65126,65126,0,E
25805,65127,65128,1,W
25807,65132,65132,0,W
25808,65133,65134,1,E
25809,65137,65138,1,W
25812,65140,65140,0,E
25813,65142,65142,0,W
25815,65147,65148,1,E
25816,65147,65148,1,W
25817,65152,65152,0,W
25819,65154,65154,0,E
25821,65157,65158,1,W
25795,65111,65160,49,N
25791,65102,65160,58,S
25803,65125,65162,37,N
25796,65111,65162,51,S
25811,65139,65164,25,N
25801,65120,65164,44,S
25818,65153,65166,13,N
25806,65129,65166,37,S
25825,65167,65168,1,N
25810,65138,65168,30,S
25814,65147,65170,23,S
25820,65156,65172,16,S
25824,65165,65174,9,S
25829,65174,65176,2,S
25832,65181,65182,1,N
25835,65183,65184,1,S
25838,65192,65192,0,S
25840,65195,65196,1,N
25843,65201,65202,1,S
25822,65161,65206,45,E
25823,65162,65206,44,W
25827,65168,65206,38,E
25826,65167,65206,39,W
25830,65175,65208,33,E
25828,65172,65208,36,W
25833,65182,65208,26,E
25831,65177,65208,31,W
25837,65189,65210,21,E
25834,65182,65210,28,W
25841,65196,65210,14,E
25836,65187,65210,23,W
25845,65203,65212,9,E
25839,65192,65212,20,W
25849,65210,65212,2,E
25842,65197,65212,15,W
25844,65202,65214,12,W
25846,65207,65214,7,W
25850,65212,65216,4,W
25851,65217,65218,1,E
25852,65217,65218,1,W
25854,65222,65222,0,W
25856,65224,65224,0,E
25857,65227,65228,1,W
25859,65231,65232,1,E
25860,65232,65232,0,W
25864,65238,65238,0,E
25863,65237,65238,1,W
25865,65242,65242,0,W
25866,65245,65246,1,E
25868,65247,65248,1,W
25870,65252,65252,0,E
25871,65252,65252,0,W
25873,65257,65258,1,W
25874,65259,65260,1,E
25875,65262,65262,0,W
25847,65209,65266,57,N
25848,65210,65266,56,S
25855,65223,65268,45,N
25853,65219,65268,49,S
25861,65237,65270,33,N
25858,65228,65270,42,S
25869,65251,65272,21,N
25862,65237,65272,35,S
25877,65265,65274,9,N
25867,65246,65274,28,S
25872,65255,65276,21,S
25876,65264,65278,14,S
25884,65279,65280,1,N
25881,65273,65280,7,S
25886,65282,65282,0,S
25890,65291,65292,1,S
25892,65293,65294,1,N
25895,65300,65300,0,S
25898,65307,65308,1,N
25878,65266,65310,44,E
25879,65267,65310,43,W
25882,65273,65310,37,E
25880,65272,65310,38,W
25885,65280,65312,32,E
25883,65277,65312,35,W
25888,65287,65312,25,E
25887,65282,65312,30,W
25893,65294,65314,20,E
25889,65287,65314,27,W
25896,65301,65314,13,E
25891,65292,65314,22,W
25900,65308,65316,8,E
25894,65297,65316,19,W
25903,65315,65316,1,E
25897,65302,65316,14,W
25899,65307,65318,11,W
25902,65312,65318,6,W
25904,65317,65320,3,W
25907,65322,65322,0,E
25908,65322,65322,0,W
25910,65327,65328,1,W
25911,65329,65330,1,E
25912,65332,65332,0,W
25915,65336,65336,0,E
25916,65337,65338,1,W
25917,65342,65342,0,W
25918,65343,65344,1,E
25920,65347,65348,1,W
25922,65350,65350,0,E
25923,65352,65352,0,W
25925,65357,65358,1,E
25926,65357,65358,1,W
25927,65362,65362,0,W
25930,65364,65364,0,E
25931,65367,65368,1,W
25906,65321,65370,49,N
25901,65309,65370,61,S
25913,65335,65372,37,N
25905,65318,65372,54,S
25921,65349,65374,25,N
25909,65327,65374,47,S
25928,65363,65376,13,N
25914,65336,65376,40,S
25935,65377,65378,1,N
25919,65345,65378,33,S
25924,65354,65380,26,S
25929,65363,65382,19,S
25933,65372,65384,12,S
25938,65381,65386,5,S
25942,65390,65390,0,S
25943,65391,65392,1,N
25947,65399,65400,1,S
25950,65405,65406,1,N
25953,65408,65408,0,S
25932,65371,65416,45,E
25934,65372,65416,44,W
25937,65378,65416,38,E
25936,65377,65416,39,W
25940,65385,65418,33,E
25939,65382,65418,36,W
25944,65392,65418,26,E
25941,65387,65418,31,W
25948,65399,65420,21,E
25945,65392,65420,28,W
25951,65406,65420,14,E
25946,65397,65420,23,W
25955,65413,65422,9,E
25949,65402,65422,20,W
25959,65420,65422,2,E
25952,65407,65422,15,W
25954,65412,65424,12,W
25957,65417,65424,7,W
25960,65422,65426,4,W
25962,65427,65428,1,E
25963,65427,65428,1,W
25964,65432,65432,0,W
25966,65434,65434,0,E
25968,65437,65438,1,W
25969,65441,65442,1,E
25970,65442,65442,0,W
25974,65448,65448,0,E
25973,65447,65448,1,W
25975,65452,65452,0,W
25977,65455,65456,1,E
25978,65457,65458,1,W
25981,65462,65462,0,E
25982,65462,65462,0,W
25983,65467,65468,1,W
25984,65469,65470,1,E
25986,65472,65472,0,W
25958,65419,65476,57,N
25956,65417,65476,59,S
25965,65433,65478,45,N
25961,65426,65478,52,S
25972,65447,65480,33,N
25967,65435,65480,45,S
25979,65461,65482,21,N
25971,65444,65482,38,S
25987,65475,65484,9,N
25976,65453,65484,31,S
25980,65462,65486,24,S
25985,65471,65488,17,S
25994,65489,65490,1,N
25990,65480,65490,10,S
25995,65489,65492,3,S
26000,65498,65498,0,S
26002,65503,65504,1,N
26004,65507,65508,1,S
26008,65516,65516,0,S
26009,65517,65518,1,N
25988,65476,65520,44,E
25989,65477,65520,43,W
25992,65483,65520,37,E
25991,65482,65520,38,W
25996,65490,65522,32,E
25993,65487,65522,35,W
25998,65497,65522,25,E
25997,65492,65522,30,W
26003,65504,65524,20,E
25999,65497,65524,27,W
26006,65511,65524,13,E
26001,65502,65524,22,W
26011,65518,65526,8,E
26005,65507,65526,19,W
26014,65525,65526,1,E
26007,65512,65526,14,W
26010,65517,65528,11,W
26012,65522,65528,6,W
26015,65527,65530,3,W
26017,65532,65532,0,E
26018,65532,65532,0,W
26020,65537,65538,1,W
26021,65539,65540,1,E
26022,65542,65542,0,W
26025,65546,65546,0,E
26026,65547,65548,1,W
26028,65552,65552,0,W
26029,65553,65554,1,E
26030,65557,65558,1,W
26032,65560,65560,0,E
26034,65562,65562,0,W
26035,65567,65568,1,E
26036,65567,65568,1,W
26038,65572,65572,0,W
26040,65574,65574,0,E
26041,65577,65578,1,W
26016,65531,65580,49,N
26013,65525,65580,55,S
26024,65545,65582,37,N
26019,65534,65582,48,S
26031,65559,65584,25,N
26023,65543,65584,41,S
26039,65573,65586,13,N
26027,65552,65586,34,S
26045,65587,65588,1,N
26033,65561,65588,27,S
26037,65570,65590,20,S
26042,65579,65592,13,S
26047,65588,65594,6,S
26051,65597,65598,1,S
26053,65601,65602,1,N
26056,65606,65606,0,S
26060,65615,65616,1,N
26061,65615,65616,1,S
26066,65624,65624,0,S
26043,65581,65626,45,E
26044,65582,65626,44,W
26048,65588,65626,38,E
26046,65587,65626,39,W
26050,65595,65628,33,E
26049,65592,65628,36,W
26054,65602,65628,26,E
26052,65597,65628,31,W
26058,65609,65630,21,E
26055,65602,65630,28,W
26062,65616,65630,14,E
26057,65607,65630,23,W
26065,65623,65632,9,E
26059,65612,65632,20,W
26069,65630,65632,2,E
26063,65617,65632,15,W
26064,65622,65634,12,W
26067,65627,65634,7,W
26070,65632,65636,4,W
26072,65637,65638,1,E
26073,65637,65638,1,W
26075,65642,65642,0,W
26077,65644,65644,0,E
26078,65647,65648,1,W
26080,65651,65652,1,E
26081,65652,65652,0,W
26084,65658,65658,0,E
26083,65657,65658,1,W
26086,65662,65662,0,W
26087,65665,65666,1,E
26088,65667,65668,1,W
26091,65672,65672,0,E
26092,65672,65672,0,W
26093,65677,65678,1,W
26095,65679,65680,1,E
26096,65682,65682,0,W
26068,65629,65686,57,N
26071,65633,65686,53,S
26076,65643,65688,45,N
26074,65642,65688,46,S
26082,65657,65690,33,N
26079,65651,65690,39,S
26090,65671,65692,21,N
26085,65660,65692,32,S
26097,65685,65694,9,N
26089,65669,65694,25,S
26094,65678,65696,18,S
26099,65687,65698,11,S
26105,65699,65700,1,N
26103,65696,65700,4,S
26108,65705,65706,1,S
26112,65713,65714,1,N
26113,65714,65714,0,S
26118,65723,65724,1,S
26119,65727,65728,1,N
26098,65686,65730,44,E
26100,65687,65730,43,W
26102,65693,65730,37,E
26101,65692,65730,38,W
26106,65700,65732,32,E
26104,65697,65732,35,W
26109,65707,65732,25,E
26107,65702,65732,30,W
26114,65714,65734,20,E
26110,65707,65734,27,W
26116,65721,65734,13,E
26111,65712,65734,22,W
26121,65728,65736,8,E
26115,65717,65736,19,W
26124,65735,65736,1,E
26117,65722,65736,14,W
26120,65727,65738,11,W
26123,65732,65738,6,W
26125,65737,65740,3,W
26128,65742,65742,0,E
26129,65742,65742,0,W
26130,65747,65748,1,W
26131,65749,65750,1,E
26133,65752,65752,0,W
26135,65756,65756,0,E
26136,65757,65758,1,W
26138,65762,65762,0,W
26139,65763,65764,1,E
26140,65767,65768,1,W
26143,65770,65770,0,E
26144,65772,65772,0,W
26146,65777,65778,1,E
26147,65777,65778,1,W
26148,65782,65782,0,W
26150,65784,65784,0,E
26152,65787,65788,1,W
26126,65741,65790,49,N
26122,65732,65790,58,S
26134,65755,65792,37,N
26127,65741,65792,51,S
26142,65769,65794,25,N
26132,65750,65794,44,S
26149,65783,65796,13,N
26137,65759,65796,37,S
26156,65797,65798,1,N
26141,65768,65798,30,S
26145,65777,65800,23,S
26151,65786,65802,16,S
26155,65795,65804,9,S
26160,65804,65806,2,S
26163,65811,65812,1,N
26166,65813,65814,1,S
26169,65822,65822,0,S
26171,65825,65826,1,N
26174,65831,65832,1,S
26153,65791,65836,45,E
26154,65792,65836,44,W
26158,65798,65836,38,E
26157,65797,65836,39,W
26161,65805,65838,33,E
26159,65802,65838,36,W
26164,65812,65838,26,E
26162,65807,65838,31,W
26168,65819,65840,21,E
26165,65812,65840,28,W
26172,65826,65840,14,E
26167,65817,65840,23,W
26176,65833,65842,9,E
26170,65822,65842,20,W
26180,65840,65842,2,E
26173,65827,65842,15,W
26175,65832,65844,12,W
26177,65837,65844,7,W
26181,65842,65846,4,W
26182,65847,65848,1,E
26183,65847,65848,1,W
26185,65852,65852,0,W
26187,65854,65854,0,E
26188,65857,65858,1,W
26190,65861,65862,1,E
26191,65862,65862,0,W
26195,65868,65868,0,E
26194,65867,65868,1,W
26196,65872,65872,0,W
26197,65875,65876,1,E
26199,65877,65878,1,W
26201,65882,65882,0,E
26202,65882,65882,0,W
26204,65887,65888,1,W
26205,65889,65890,1,E
26206,65892,65892,0,W
26178,65839,65896,57,N
26179,65840,65896,56,S
26186,65853,65898,45,N
26184,65849,65898,49,S
26192,65867,65900,33,N
26189,65858,65900,42,S
26200,65881,65902,21,N
26193,65867,65902,35,S
26208,65895,65904,9,N
26198,65876,65904,28,S
26203,65885,65906,21,S
26207,65894,65908,14,S
26215,65909,65910,1,N
26212,65903,65910,7,S
26217,65912,65912,0,S
26221,65921,65922,1,S
26223,65923,65924,1,N
26226,65930,65930,0,S
26229,65937,65938,1,N
26209,65896,65940,44,E
26210,65897,65940,43,W
26213,65903,65940,37,E
26211,65902,65940,38,W
26216,65910,65942,32,E
26214,65907,65942,35,W
26219,65917,65942,25,E
26218,65912,65942,30,W
26224,65924,65944,20,E
26220,65917,65944,27,W
26227,65931,65944,13,E
26222,65922,65944,22,W
26231,65938,65946,8,E
26225,65927,65946,19,W
26234,65945,65946,1,E
26228,65932,65946,14,W
26230,65937,65948,11,W
26233,65942,65948,6,W
26235,65947,65950,3,W
26238,65952,65952,0,E
26239,65952,65952,0,W
26241,65957,65958,1,W
26242,65959,65960,1,E
26243,65962,65962,0,W
26246,65966,65966,0,E
26247,65967,65968,1,W
26248,65972,65972,0,W
26249,65973,65974,1,E
26251,65977,65978,1,W
26253,65980,65980,0,E
26254,65982,65982,0,W
26256,65987,65988,1,E
26257,65987,65988,1,W
26258,65992,65992,0,W
26261,65994,65994,0,E
26262,65997,65998,1,W
26237,65951,66000,49,N
26232,65939,66000,61,S
26244,65965,66002,37,N
26236,65948,66002,54,S
26252,65979,66004,25,N
26240,65957,66004,47,S
26259,65993,66006,13,N
26245,65966,66006,40,S
26266,66007,66008,1,N
26250,65975,66008,33,S
26255,65984,66010,26,S
26260,65993,66012,19,S
26264,66002,66014,12,S
26269,66011,66016,5,S
26273,66020,66020,0,S
26274,66021,66022,1,N
26278,66029,66030,1,S
26281,66035,66036,1,N
26284,66038,66038,0,S
26263,66001,66046,45,E
26265,66002,66046,44,W
26268,66008,66046,38,E
26267,66007,66046,39,W
26271,66015,66048,33,E
26270,66012,66048,36,W
26275,66022,66048,26,E
26272,66017,66048,31,W
26279,66029,66050,21,E
26276,66022,66050,28,W
26282,66036,66050,14,E
26277,66027,66050,23,W
26286,66043,66052,9,E
26280,66032,66052,20,W
26290,66050,66052,2,E
26283,66037,66052,15,W
26285,66042,66054,12,W
26288,66047,66054,7,W
26291,66052,66056,4,W
26293,66057,66058,1,E
26294,66057,66058,1,W
26295,66062,66062,0,W
26297,66064,66064,0,E
26299,66067,66068,1,W
26300,66071,66072,1,E
26301,66072,66072,0,W
26305,66078,66078,0,E
26304,66077,66078,1,W
26306,66082,66082,0,W
26308,66085,66086,1,E
26309,66087,66088,1,W
26312,66092,66092,0,E
26313,66092,66092,0,W
26314,66097,66098,1,W
26315,66099,66100,1,E
26317,66102,66102,0,W
26289,66049,66106,57,N
26287,66047,66106,59,S
26296,66063,66108,45,N
26292,66056,66108,52,S
26303,66077,66110,33,N
26298,66065,66110,45,S
26310,66091,66112,21,N
26302,66074,66112,38,S
26318,66105,66114,9,N
26307,66083,66114,31,S
26311,66092,66116,24,S
26316,66101,66118,17,S
26325,66119,66120,1,N
26321,66110,66120,10,S
26326,66119,66122,3,S
26331,66128,66128,0,S
26333,66133,66134,1,N
26335,66137,66138,1,S
26339,66146,66146,0,S
26340,66147,66148,1,N
26319,66106,66150,44,E
26320,66107,66150,43,W
26323,66113,66150,37,E
26322,66112,66150,38,W
26327,66120,66152,32,E
26324,66117,66152,35,W
26329,66127,66152,25,E
26328,66122,66152,30,W
26334,66134,66154,20,E
26330,66127,66154,27,W
26337,66141,66154,13,E
26332,66132,66154,22,W
26342,66148,66156,8,E
26336,66137,66156,19,W
26345,66155,66156,1,E
26338,66142,66156,14,W
26341,66147,66158,11,W
26343,66152,66158,6,W
26346,66157,66160,3,W
26348,66162,66162,0,E
26349,66162,66162,0,W
26351,66167,66168,1,W
26352,66169,66170,1,E
26353,66172,66172,0,W
26356,66176,66176,0,E
26357,66177,66178,1,W
26359,66182,66182,0,W
26360,66183,66184,1,E
26361,66187,66188,1,W
26363,66190,66190,0,E
26365,66192,66192,0,W
26366,66197,66198,1,E
26367,66197,66198,1,W
26369,66202,66202,0,W
26371,66204,66204,0,E
26372,66207,66208,1,W
26347,66161,66210,49,N
26344,66155,66210,55,S
26355,66175,66212,37,N
26350,66164,66212,48,S
26362,66189,66214,25,N
26354,66173,66214,41,S
26370,66203,66216,13,N
26358,66182,66216,34,S
26376,66217,66218,1,N
26364,66191,66218,27,S
26368,66200,66220,20,S
26373,66209,66222,13,S
26378,66218,66224,6,S
26382,66227,66228,1,S
26384,66231,66232,1,N
26387,66236,66236,0,S
26391,66245,66246,1,N
26392,66245,66246,1,S
26397,66254,66254,0,S
26374,66211,66256,45,E
26375,66212,66256,44,W
26379,66218,66256,38,E
26377,66217,66256,39,W
26381,66225,66258,33,E
26380,66222,66258,36,W
26385,66232,66258,26,E
26383,66227,66258,31,W
26389,66239,66260,21,E
26386,66232,66260,28,W
26393,66246,66260,14,E
26388,66237,66260,23,W
26396,66253,66262,9,E
26390,66242,66262,20,W
26400,66260,66262,2,E
26394,66247,66262,15,W
26395,66252,66264,12,W
26398,66257,66264,7,W
26401,66262,66266,4,W
26403,66267,66268,1,E
26404,66267,66268,1,W
26406,66272,66272,0,W
26408,66274,66274,0,E
26409,66277,66278,1,W
26411,66281,66282,1,E
26412,66282,66282,0,W
26415,66288,66288,0,E
26414,66287,66288,1,W
26417,66292,66292,0,W
26418,66295,66296,1,E
26419,66297,66298,1,W
26422,66302,66302,0,E
26423,66302,66302,0,W
26424,66307,66308,1,W
26426,66309,66310,1,E
26427,66312,66312,0,W
26399,66259,66316,57,N
26402,66263,66316,53,S
26407,66273,66318,45,N
26405,66272,66318,46,S
26413,66287,66320,33,N
26410,66281,66320,39,S
26421,66301,66322,21,N
26416,66290,66322,32,S
26428,66315,66324,9,N
26420,66299,66324,25,S
26425,66308,66326,18,S
26430,66317,66328,11,S
26436,66329,66330,1,N
26434,66326,66330,4,S
26439,66335,66336,1,S
26443,66343,66344,1,N
26444,66344,66344,0,S
26449,66353,66354,1,S
26450,66357,66358,1,N
26429,66316,66360,44,E
26431,66317,66360,43,W
26433,66323,66360,37,E
26432,66322,66360,38,W
26437,66330,66362,32,E
26435,66327,66362,35,W
26440,66337,66362,25,E
26438,66332,66362,30,W
26445,66344,66364,20,E
26441,66337,66364,27,W
26447,66351,66364,13,E
26442,66342,66364,22,W
26452,66358,66366,8,E
26446,66347,66366,19,W
26455,66365,66366,1,E
26448,66352,66366,14,W
26451,66357,66368,11,W
26454,66362,66368,6,W
26456,66367,66370,3,W
26459,66372,66372,0,E
26460,66372,66372,0,W
26461,66377,66378,1,W
26462,66379,66380,1,E
26464,66382,66382,0,W
26466,66386,66386,0,E
26467,66387,66388,1,W
26469,66392,66392,0,W
26470,66393,66394,1,E
26471,66397,66398,1,W
26474,66400,66400,0,E
26475,66402,66402,0,W
26477,66407,66408,1,E
26478,66407,66408,1,W
26479,66412,66412,0,W
26481,66414,66414,0,E
26483,66417,66418,1,W
26457,66371,66420,49,N
26453,66362,66420,58,S
26465,66385,66422,37,N
26458,66371,66422,51,S
26473,66399,66424,25,N
26463,66380,66424,44,S
26480,66413,66426,13,N
26468,66389,66426,37,S
26487,66427,66428,1,N
26472,66398,66428,30,S
26476,66407,66430,23,S
26482,66416,66432,16,S
26486,66425,66434,9,S
26491,66434,66436,2,S
26494,66441,66442,1,N
26497,66443,66444,1,S
26500,66452,66452,0,S
26502,66455,66456,1,N
26505,66461,66462,1,S
26484,66421,66466,45,E
26485,66422,66466,44,W
26489,66428,66466,38,E
26488,66427,66466,39,W
26492,66435,66468,33,E
26490,66432,66468,36,W
26495,66442,66468,26,E
26493,66437,66468,31,W
26499,66449,66470,21,E
26496,66442,66470,28,W
26503,66456,66470,14,E
26498,66447,66470,23,W
26507,66463,66472,9,E
26501,66452,66472,20,W
26511,66470,66472,2,E
26504,66457,66472,15,W
26506,66462,66474,12,W
26508,66467,66474,7,W
26512,66472,66476,4,W
26513,66477,66478,1,E
26514,66477,66478,1,W
26516,66482,66482,0,W
26518,66484,66484,0,E
26519,66487,66488,1,W
26521,66491,66492,1,E
26522,66492,66492,0,W
26526,66498,66498,0,E
26525,66497,66498,1,W
26527,66502,66502,0,W
26528,66505,66506,1,E
26530,66507,66508,1,W
26532,66512,66512,0,E
26533,66512,66512,0,W
26535,66517,66518,1,W
26536,66519,66520,1,E
26537,66522,66522,0,W
26509,66469,66526,57,N
26510,66470,66526,56,S
26517,66483,66528,45,N
26515,66479,66528,49,S
26523,66497,66530,33,N
26520,66488,66530,42,S
26531,66511,66532,21,N
26524,66497,66532,35,S
26539,66525,66534,9,N
26529,66506,66534,28,S
26534,66515,66536,21,S
26538,66524,66538,14,S
26546,66539,66540,1,N
26543,66533,66540,7,S
26548,66542,66542,0,S
26552,66551,66552,1,S
26554,66553,66554,1,N
26557,66560,66560,0,S
26560,66567,66568,1,N
26540,66526,66570,44,E
26541,66527,66570,43,W
26544,66533,66570,37,E
26542,66532,66570,38,W
26547,66540,66572,32,E
26545,66537,66572,35,W
26550,66547,66572,25,E
26549,66542,66572,30,W
26555,66554,66574,20,E
26551,66547,66574,27,W
26558,66561,66574,13,E
26553,66552,66574,22,W
26562,66568,66576,8,E
26556,66557,66576,19,W
26565,66575,66576,1,E
26559,66562,66576,14,W
26561,66567,66578,11,W
26564,66572,66578,6,W
26566,66577,66580,3,W
26569,66582,66582,0,E
26570,66582,66582,0,W
26572,66587,66588,1,W
26573,66589,66590,1,E
26574,66592,66592,0,W
26577,66596,66596,0,E
26578,66597,66598,1,W
26579,66602,66602,0,W
26580,66603,66604,1,E
26582,66607,66608,1,W
26584,66610,66610,0,E
26585,66612,66612,0,W
26587,66617,66618,1,E
26588,66617,66618,1,W
26589,66622,66622,0,W
26592,66624,66624,0,E
26593,66627,66628,1,W
26568,66581,66630,49,N
26563,66569,66630,61,S
26575,66595,66632,37,N
26567,66578,66632,54,S
26583,66609,66634,25,N
26571,66587,66634,47,S
26590,66623,66636,13,N
26576,66596,66636,40,S
26597,66637,66638,1,N
26581,66605,66638,33,S
26586,66614,66640,26,S
26591,66623,66642,19,S
26595,66632,66644,12,S
26600,66641,66646,5,S
26604,66650,66650,0,S
26605,66651,66652,1,N
26609,66659,66660,1,S
26612,66665,66666,1,N
26615,66668,66668,0,S
26594,66631,66676,45,E
26596,66632,66676,44,W
26599,66638,66676,38,E
26598,66637,66676,39,W
26602,66645,66678,33,E
26601,66642,66678,36,W
26606,66652,66678,26,E
26603,66647,66678,31,W
26610,66659,66680,21,E
26607,66652,66680,28,W
26613,66666,66680,14,E
26608,66657,66680,23,W
26617,66673,66682,9,E
26611,66662,66682,20,W
26621,66680,66682,2,E
26614,66667,66682,15,W
26616,66672,66684,12,W
26619,66677,66684,7,W
26622,66682,66686,4,W
26624,66687,66688,1,E
26625,66687,66688,1,W
26626,66692,66692,0,W
26628,66694,66694,0,E
26630,66697,66698,1,W
26631,66701,66702,1,E
26632,66702,66702,0,W
26636,66708,66708,0,E
26635,66707,66708,1,W
26637,66712,66712,0,W
26639,66715,66716,1,E
26640,66717,66718,1,W
26643,66722,66722,0,E
26644,66722,66722,0,W
26645,66727,66728,1,W
26646,66729,66730,1,E
26648,66732,66732,0,W
26620,66679,66736,57,N
26618,66677,66736,59,S
26627,66693,66738,45,N
26623,66686,66738,52,S
26634,66707,66740,33,N
26629,66695,66740,45,S
26641,66721,66742,21,N
26633,66704,66742,38,S
26649,66735,66744,9,N
26638,66713,66744,31,S
26642,66722,66746,24,S
26647,66731,66748,17,S
26656,66749,66750,1,N
26652,66740,66750,10,S
26657,66749,66752,3,S
26662,66758,66758,0,S
26664,66763,66764,1,N
26666,66767,66768,1,S
26670,66776,66776,0,S
26671,66777,66778,1,N
26650,66736,66780,44,E
26651,66737,66780,43,W
26654,66743,66780,37,E
26653,66742,66780,38,W
26658,66750,66782,32,E
26655,66747,66782,35,W
26660,66757,66782,25,E
26659,66752,66782,30,W
26665,66764,66784,20,E
26661,66757,66784,27,W
26668,66771,66784,13,E
26663,66762,66784,22,W
26673,66778,66786,8,E
26667,66767,66786,19,W
26676,66785,66786,1,E
26669,66772,66786,14,W
26672,66777,66788,11,W
26674,66782,66788,6,W
26677,66787,66790,3,W
26679,66792,66792,0,E
26680,66792,66792,0,W
26682,66797,66798,1,W
26683,66799,66800,1,E
26684,66802,66802,0,W
26687,66806,66806,0,E
26688,66807,66808,1,W
26690,66812,66812,0,W
26691,66813,66814,1,E
26692,66817,66818,1,W
26694,66820,66820,0,E
26696,66822,66822,0,W
26697,66827,66828,1,E
26698,66827,66828,1,W
26700,66832,66832,0,W
26702,66834,66834,0,E
26703,66837,66838,1,W
26678,66791,66840,49,N
26675,66785,66840,55,S
26686,66805,66842,37,N
26681,66794,66842,48,S
26693,66819,66844,25,N
26685,66803,66844,41,S
26701,66833,66846,13,N
26689,66812,66846,34,S
26707,66847,66848,1,N
26695,66821,66848,27,S
26699,66830,66850,20,S
26704,66839,66852,13,S
26709,66848,66854,6,S
26713,66857,66858,1,S
26715,66861,66862,1,N
26718,66866,66866,0,S
26722,66875,66876,1,N
26723,66875,66876,1,S
26728,66884,66884,0,S
26705,66841,66886,45,E
26706,66842,66886,44,W
26710,66848,66886,38,E
26708,66847,66886,39,W
26712,66855,66888,33,E
26711,66852,66888,36,W
26716,66862,66888,26,E
26714,66857,66888,31,W
26720,66869,66890,21,E
26717,66862,66890,28,W
26724,66876,66890,14,E
26719,66867,66890,23,W
26727,66883,66892,9,E
26721,66872,66892,20,W
26731,66890,66892,2,E
26725,66877,66892,15,W
26726,66882,66894,12,W
26729,66887,66894,7,W
26732,66892,66896,4,W
26734,66897,66898,1,E
26735,66897,66898,1,W
26737,66902,66902,0,W
26739,66904,66904,0,E
26740,66907,66908,1,W
26742,66911,66912,1,E
26743,66912,66912,0,W
26746,66918,66918,0,E
26745,66917,66918,1,W
26748,66922,66922,0,W
26749,66925,66926,1,E
26750,66927,66928,1,W
26753,66932,66932,0,E
26754,66932,66932,0,W
26755,66937,66938,1,W
26757,66939,66940,1,E
26758,66942,66942,0,W
26730,66889,66946,57,N
26733,66893,66946,53,S
26738,66903,66948,45,N
26736,66902,66948,46,S
26744,66917,66950,33,N
26741,66911,66950,39,S
26752,66931,66952,21,N
26747,66920,66952,32,S
26759,66945,66954,9,N
26751,66929,66954,25,S
26756,66938,66956,18,S
26761,66947,66958,11,S
26767,66959,66960,1,N
26765,66956,66960,4,S
26770,66965,66966,1,S
26774,66973,66974,1,N
26775,66974,66974,0,S
26780,66983,66984,1,S
26781,66987,66988,1,N
26760,66946,66990,44,E
26762,66947,66990,43,W
26764,66953,66990,37,E
26763,66952,66990,38,W
26768,66960,66992,32,E
26766,66957,66992,35,W
26771,66967,66992,25,E
26769,66962,66992,30,W
26776,66974,66994,20,E
26772,66967,66994,27,W
26778,66981,66994,13,E
26773,66972,66994,22,W
26783,66988,66996,8,E
26777,66977,66996,19,W
26786,66995,66996,1,E
26779,66982,66996,14,W
26782,66987,66998,11,W
26785,66992,66998,6,W
26787,66997,67000,3,W
26790,67002,67002,0,E
26791,67002,67002,0,W
26792,67007,67008,1,W
26793,67009,67010,1,E
26795,67012,67012,0,W
26797,67016,67016,0,E
26798,67017,67018,1,W
26800,67022,67022,0,W
26801,67023,67024,1,E
26802,67027,67028,1,W
26805,67030,67030,0,E
26806,67032,67032,0,W
26808,67037,67038,1,E
26809,67037,67038,1,W
26810,67042,67042,0,W
26812,67044,67044,0,E
26814,67047,67048,1,W
26788,67001,67050,49,N
26784,66992,67050,58,S
26796,67015,67052,37,N
26789,67001,67052,51,S
26804,67029,67054,25,N
26794,67010,67054,44,S
26811,67043,67056,13,N
26799,67019,67056,37,S
26818,67057,67058,1,N
26803,67028,67058,30,S
26807,67037,67060,23,S
26813,67046,67062,16,S
26817,67055,67064,9,S
26822,67064,67066,2,S
26825,67071,67072,1,N
26828,67073,67074,1,S
26831,67082,67082,0,S
26833,67085,67086,1,N
26836,67091,67092,1,S
26815,67051,67096,45,E
26816,67052,67096,44,W
26820,67058,67096,38,E
26819,67057,67096,39,W
26823,67065,67098,33,E
26821,67062,67098,36,W
26826,67072,67098,26,E
26824,67067,67098,31,W
26830,67079,67100,21,E
26827,67072,67100,28,W
26834,67086,67100,14,E
26829,67077,67100,23,W
26838,67093,67102,9,E
26832,67082,67102,20,W
26842,67100,67102,2,E
26835,67087,67102,15,W
26837,67092,67104,12,W
26839,67097,67104,7,W
26843,67102,67106,4,W
26844,67107,67108,1,E
26845,67107,67108,1,W
26847,67112,67112,0,W
26849,67114,67114,0,E
26850,67117,67118,1,W
26852,67121,67122,1,E
26853,67122,67122,0,W
26857,67128,67128,0,E
26856,67127,67128,1,W
26858,67132,67132,0,W
26859,67135,67136,1,E
26861,67137,67138,1,W
26863,67142,67142,0,E
26864,67142,67142,0,W
26866,67147,67148,1,W
26867,67149,67150,1,E
26868,67152,67152,0,W
26840,67099,67156,57,N
26841,67100,67156,56,S
26848,67113,67158,45,N
26846,67109,67158,49,S
26854,67127,67160,33,N
26851,67118,67160,42,S
26862,67141,67162,21,N
26855,67127,67162,35,S
26870,67155,67164,9,N
26860,67136,67164,28,S
26865,67145,67166,21,S
26869,67154,67168,14,S
26877,67169,67170,1,N
26874,67163,67170,7,S
26879,67172,67172,0,S
26883,67181,67182,1,S
26885,67183,67184,1,N
26888,67190,67190,0,S
26891,67197,67198,1,N
26871,67156,67200,44,E
26872,67157,67200,43,W
26875,67163,67200,37,E
26873,67162,67200,38,W
26878,67170,67202,32,E
26876,67167,67202,35,W
26881,67177,67202,25,E
26880,67172,67202,30,W
26886,67184,67204,20,E
26882,67177,67204,27,W
26889,67191,67204,13,E
26884,67182,67204,22,W
26893,67198,67206,8,E
26887,67187,67206,19,W
26896,67205,67206,1,E
26890,67192,67206,14,W
26892,67197,67208,11,W
26895,67202,67208,6,W
26897,67207,67210,3,W
26900,67212,67212,0,E
26901,67212,67212,0,W
26903,67217,67218,1,W
26904,67219,67220,1,E
26905,67222,67222,0,W
26908,67226,67226,0,E
26909,67227,67228,1,W
26910,67232,67232,0,W
26911,67233,67234,1,E
26913,67237,67238,1,W
26915,67240,67240,0,E
26916,67242,67242,0,W
26918,67247,67248,1,E
26919,67247,67248,1,W
26920,67252,67252,0,W
26923,67254,67254,0,E
26924,67257,67258,1,W
26899,67211,67260,49,N
26894,67199,67260,61,S
26906,67225,67262,37,N
26898,67208,67262,54,S
26914,67239,67264,25,N
26902,67217,67264,47,S
26921,67253,67266,13,N
26907,67226,67266,40,S
26928,67267,67268,1,N
26912,67235,67268,33,S
26917,67244,67270,26,S
26922,67253,67272,19,S
26926,67262,67274,12,S
26931,67271,67276,5,S
26935,67280,67280,0,S
26936,67281,67282,1,N
26940,67289,67290,1,S
26943,67295,67296,1,N
26946,67298,67298,0,S
26925,67261,67306,45,E
26927,67262,67306,44,W
26930,67268,67306,38,E
26929,67267,67306,39,W
26933,67275,67308,33,E
26932,67272,67308,36,W
26937,67282,67308,26,E
26934,67277,67308,31,W
26941,67289,67310,21,E
26938,67282,67310,28,W
26944,67296,67310,14,E
26939,67287,67310,23,W
26948,67303,67312,9,E
26942,67292,67312,20,W
26952,67310,67312,2,E
26945,67297,67312,15,W
26947,67302,67314,12,W
26950,67307,67314,7,W
26953,67312,67316,4,W
26955,67317,67318,1,E
26956,67317,67318,1,W
26957,67322,67322,0,W
26959,67324,67324,0,E
26961,67327,67328,1,W
26962,67331,67332,1,E
26963,67332,67332,0,W
26967,67338,67338,0,E
26966,67337,67338,1,W
26968,67342,67342,0,W
26970,67345,67346,1,E
26971,67347,67348,1,W
26974,67352,67352,0,E
26975,67352,67352,0,W
26976,67357,67358,1,W
26977,67359,67360,1,E
26979,67362,67362,0,W
26951,67309,67366,57,N
26949,67307,67366,59,S
26958,67323,67368,45,N
26954,67316,67368,52,S
26965,67337,67370,33,N
26960,67325,67370,45,S
26972,67351,67372,21,N
26964,67334,67372,38,S
26980,67365,67374,9,N
26969,67343,67374,31,S
26973,67352,67376,24,S
26978,67361,67378,17,S
26987,67379,67380,1,N
26983,67370,67380,10,S
26988,67379,67382,3,S
26993,67388,67388,0,S
26995,67393,67394,1,N
26997,67397,67398,1,S
27001,67406,67406,0,S
27002,67407,67408,1,N
26981,67366,67410,44,E
26982,67367,67410,43,W
26985,67373,67410,37,E
26984,67372,67410,38,W
26989,67380,67412,32,E
26986,67377,67412,35,W
26991,67387,67412,25,E
26990,67382,67412,30,W
26996,67394,67414,20,E
26992,67387,67414,27,W
26999,67401,67414,13,E
26994,67392,67414,22,W
27004,67408,67416,8,E
26998,67397,67416,19,W
27007,67415,67416,1,E
27000,67402,67416,14,W
27003,67407,67418,11,W
27005,67412,67418,6,W
27008,67417,67420,3,W
27010,67422,67422,0,E
27011,67422,67422,0,W
27013,67427,67428,1,W
27014,67429,67430,1,E
27015,67432,67432,0,W
27018,67436,67436,0,E
27019,67437,67438,1,W
27021,67442,67442,0,W
27022,67443,67444,1,E
27023,67447,67448,1,W
27025,67450,67450,0,E
27027,67452,67452,0,W
27028,67457,67458,1,E
27029,67457,67458,1,W
27031,67462,67462,0,W
27033,67464,67464,0,E
27034,67467,67468,1,W
27009,67421,67470,49,N
27006,67415,67470,55,S
27017,67435,67472,37,N
27012,67424,67472,48,S
27024,67449,67474,25,N
27016,67433,67474,41,S
27032,67463,67476,13,N
27020,67442,67476,34,S
27038,67477,67478,1,N
27026,67451,67478,27,S
27030,67460,67480,20,S
27035,67469,67482,13,S
27040,67478,67484,6,S
27044,67487,67488,1,S
27046,67491,67492,1,N
27049,67496,67496,0,S
27053,67505,67506,1,N
27054,67505,67506,1,S
27059,67514,67514,0,S
27036,67471,67516,45,E
27037,67472,67516,44,W
27041,67478,67516,38,E
27039,67477,67516,39,W
27043,67485,67518,33,E
27042,67482,67518,36,W
27047,67492,67518,26,E
27045,67487,67518,31,W
27051,67499,67520,21,E
27048,67492,67520,28,W
27055,67506,67520,14,E
27050,67497,67520,23,W
27058,67513,67522,9,E
27052,67502,67522,20,W
27062,67520,67522,2,E
27056,67507,67522,15,W
27057,67512,67524,12,W
27060,67517,67524,7,W
27063,67522,67526,4,W
27065,67527,67528,1,E
27066,67527,67528,1,W
27068,67532,67532,0,W
27070,67534,67534,0,E
27071,67537,67538,1,W
27073,67541,67542,1,E
27074,67542,67542,0,W
27077,67548,67548,0,E
27076,67547,67548,1,W
27079,67552,67552,0,W
27080,67555,67556,1,E
27081,67557,67558,1,W
27084,67562,67562,0,E
27085,67562,67562,0,W
27086,67567,67568,1,W
27088,67569,67570,1,E
27089,67572,67572,0,W
27061,67519,67576,57,N
27064,67523,67576,53,S
27069,67533,67578,45,N
27067,67532,67578,46,S
27075,67547,67580,33,N
27072,67541,67580,39,S
27083,67561,67582,21,N
27078,67550,67582,32,S
27090,67575,67584,9,N
27082,67559,67584,25,S
27087,67568,67586,18,S
27092,67577,67588,11,S
27098,67589,67590,1,N
27096,67586,67590,4,S
27101,67595,67596,1,S
27105,67603,67604,1,N
27106,67604,67604,0,S
27111,67613,67614,1,S
27112,67617,67618,1,N
27091,67576,67620,44,E
27093,67577,67620,43,W
27095,67583,67620,37,E
27094,67582,67620,38,W
27099,67590,67622,32,E
27097,67587,67622,35,W
27102,67597,67622,25,E
27100,67592,67622,30,W
27107,67604,67624,20,E
27103,67597,67624,27,W
27109,67611,67624,13,E
27104,67602,67624,22,W
27114,67618,67626,8,E
27108,67607,67626,19,W
27117,67625,67626,1,E
27110,67612,67626,14,W
27113,67617,67628,11,W
27116,67622,67628,6,W
27118,67627,67630,3,W
27121,67632,67632,0,E
27122,67632,67632,0,W
27123,67637,67638,1,W
27124,67639,67640,1,E
27126,67642,67642,0,W
27128,67646,67646,0,E
27129,67647,67648,1,W
27131,67652,67652,0,W
27132,67653,67654,1,E
27133,67657,67658,1,W
27136,67660,67660,0,E
27137,67662,67662,0,W
27139,67667,67668,1,E
27140,67667,67668,1,W
27141,67672,67672,0,W
27143,67674,67674,0,E
27145,67677,67678,1,W
27119,67631,67680,49,N
27115,67622,67680,58,S
27127,67645,67682,37,N
27120,67631,67682,51,S
27135,67659,67684,25,N
27125,67640,67684,44,S
27142,67673,67686,13,N
27130,67649,67686,37,S
27149,67687,67688,1,N
27134,67658,67688,30,S
27138,67667,67690,23,S
27144,67676,67692,16,S
27148,67685,67694,9,S
27153,67694,67696,2,S
27156,67701,67702,1,N
27159,67703,67704,1,S
27162,67712,67712,0,S
27164,67715,67716,1,N
27167,67721,67722,1,S
27146,67681,67726,45,E
27147,67682,67726,44,W
27151,67688,67726,38,E
27150,67687,67726,39,W
27154,67695,67728,33,E
27152,67692,67728,36,W
27157,67702,67728,26,E
27155,67697,67728,31,W
27161,67709,67730,21,E
27158,67702,67730,28,W
27165,67716,67730,14,E
27160,67707,67730,23,W
27169,67723,67732,9,E
27163,67712,67732,20,W
27173,67730,67732,2,E
27166,67717,67732,15,W
27168,67722,67734,12,W
27170,67727,67734,7,W
27174,67732,67736,4,W
27175,67737,67738,1,E
27176,67737,67738,1,W
27178,67742,67742,0,W
27180,67744,67744,0,E
27181,67747,67748,1,W
27183,67751,67752,1,E
27184,67752,67752,0,W
27188,67758,67758,0,E
27187,67757,67758,1,W
27189,67762,67762,0,W
27190,67765,67766,1,E
27192,67767,67768,1,W
27194,67772,67772,0,E
27195,67772,67772,0,W
27197,67777,67778,1,W
27198,67779,67780,1,E
27199,67782,67782,0,W
27171,67729,67786,57,N
27172,67730,67786,56,S
27179,67743,67788,45,N
27177,67739,67788,49,S
27185,67757,67790,33,N
27182,67748,67790,42,S
27193,67771,67792,21,N
27186,67757,67792,35,S
27201,67785,67794,9,N
27191,67766,67794,28,S
27196,67775,67796,21,S
27200,67784,67798,14,S
27208,67799,67800,1,N
27205,67793,67800,7,S
27210,67802,67802,0,S
27214,67811,67812,1,S
27216,67813,67814,1,N
27219,67820,67820,0,S
27222,67827,67828,1,N
27202,67786,67830,44,E
27203,67787,67830,43,W
27206,67793,67830,37,E
27204,67792,67830,38,W
27209,67800,67832,32,E
27207,67797,67832,35,W
27212,67807,67832,25,E
27211,67802,67832,30,W
27217,67814,67834,20,E
27213,67807,67834,27,W
27220,67821,67834,13,E
27215,67812,67834,22,W
27224,67828,67836,8,E
27218,67817,67836,19,W
27227,67835,67836,1,E
27221,67822,67836,14,W
27223,67827,67838,11,W
27226,67832,67838,6,W
27228,67837,67840,3,W
27231,67842,67842,0,E
27232,67842,67842,0,W
27234,67847,67848,1,W
27235,67849,67850,1,E
27236,67852,67852,0,W
27239,67856,67856,0,E
27240,67857,67858,1,W
27241,67862,67862,0,W
27242,67863,67864,1,E
27244,67867,67868,1,W
27246,67870,67870,0,E
27247,67872,67872,0,W
27249,67877,67878,1,E
27250,67877,67878,1,W
27251,67882,67882,0,W
27254,67884,67884,0,E
27255,67887,67888,1,W
27230,67841,67890,49,N
27225,67829,67890,61,S
27237,67855,67892,37,N
27229,67838,67892,54,S
27245,67869,67894,25,N
27233,67847,67894,47,S
27252,67883,67896,13,N
27238,67856,67896,40,S
27259,67897,67898,1,N
27243,67865,67898,33,S
27248,67874,67900,26,S
27253,67883,67902,19,S
27257,67892,67904,12,S
27262,67901,67906,5,S
27266,67910,67910,0,S
27267,67911,67912,1,N
27271,67919,67920,1,S
27274,67925,67926,1,N
27277,67928,67928,0,S
27256,67891,67936,45,E
27258,67892,67936,44,W
27261,67898,67936,38,E
27260,67897,67936,39,W
27264,67905,67938,33,E
27263,67902,67938,36,W
27268,67912,67938,26,E
27265,67907,67938,31,W
27272,67919,67940,21,E
27269,67912,67940,28,W
27275,67926,67940,14,E
27270,67917,67940,23,W
27279,67933,67942,9,E
27273,67922,67942,20,W
27283,67940,67942,2,E
27276,67927,67942,15,W
27278,67932,67944,12,W
27281,67937,67944,7,W
27284,67942,67946,4,W
27286,67947,67948,1,E
27287,67947,67948,1,W
27288,67952,67952,0,W
27290,67954,67954,0,E
27292,67957,67958,1,W
27293,67961,67962,1,E
27294,67962,67962,0,W
27298,67968,67968,0,E
27297,67967,67968,1,W
27299,67972,67972,0,W
27301,67975,67976,1,E
27302,67977,67978,1,W
27305,67982,67982,0,E
27306,67982,67982,0,W
27307,67987,67988,1,W
27308,67989,67990,1,E
27310,67992,67992,0,W
27282,67939,67996,57,N
27280,67937,67996,59,S
27289,67953,67998,45,N
27285,67946,67998,52,S
27296,67967,68000,33,N
27291,67955,68000,45,S
27303,67981,68002,21,N
27295,67964,68002,38,S
27311,67995,68004,9,N
27300,67973,68004,31,S
27304,67982,68006,24,S
27309,67991,68008,17,S
27318,68009,68010,1,N
27314,68000,68010,10,S
27319,68009,68012,3,S
27324,68018,68018,0,S
27326,68023,68024,1,N
27328,68027,68028,1,S
27332,68036,68036,0,S
27333,68037,68038,1,N
27312,67996,68040,44,E
27313,67997,68040,43,W
27316,68003,68040,37,E
27315,68002,68040,38,W
27320,68010,68042,32,E
27317,68007,68042,35,W
27322,68017,68042,25,E
27321,68012,68042,30,W
27327,68024,68044,20,E
27323,68017,68044,27,W
27330,68031,68044,13,E
27325,68022,68044,22,W
27335,68038,68046,8,E
27329,68027,68046,19,W
27338,68045,68046,1,E
27331,68032,68046,14,W
27334,68037,68048,11,W
27336,68042,68048,6,W
27339,68047,68050,3,W
27341,68052,68052,0,E
27342,68052,68052,0,W
27344,68057,68058,1,W
27345,68059,68060,1,E
27346,68062,68062,0,W
27349,68066,68066,0,E
27350,68067,68068,1,W
27352,68072,68072,0,W
27353,68073,68074,1,E
27354,68077,68078,1,W
27356,68080,68080,0,E
27358,68082,68082,0,W
27359,68087,68088,1,E
27360,68087,68088,1,W
27362,68092,68092,0,W
27364,68094,68094,0,E
27365,68097,68098,1,W
27340,68051,68100,49,N
27337,68045,68100,55,S
27348,68065,68102,37,N
27343,68054,68102,48,S
27355,68079,68104,25,N
27347,68063,68104,41,S
27363,68093,68106,13,N
27351,68072,68106,34,S
27369,68107,68108,1,N
27357,68081,68108,27,S
27361,68090,68110,20,S
27366,68099,68112,13,S
27371,68108,68114,6,S
27375,68117,68118,1,S
27377,68121,68122,1,N
27380,68126,68126,0,S
27384,68135,68136,1,N
27385,68135,68136,1,S
27390,68144,68144,0,S
27367,68101,68146,45,E
27368,68102,68146,44,W
27372,68108,68146,38,E
27370,68107,68146,39,W
27374,68115,68148,33,E
27373,68112,68148,36,W
27378,68122,68148,26,E
27376,68117,68148,31,W
27382,68129,68150,21,E
27379,68122,68150,28,W
27386,68136,68150,14,E
27381,68127,68150,23,W
27389,68143,68152,9,E
27383,68132,68152,20,W
27393,68150,68152,2,E
27387,68137,68152,15,W
27388,68142,68154,12,W
27391,68147,68154,7,W
27394,68152,68156,4,W
27396,68157,68158,1,E
27397,68157,68158,1,W
27399,68162,68162,0,W
27401,68164,68164,0,E
27402,68167,68168,1,W
27404,68171,68172,1,E
27405,68172,68172,0,W
27408,68178,68178,0,E
27407,68177,68178,1,W
27410,68182,68182,0,W
27411,68185,68186,1,E
27412,68187,68188,1,W
27415,68192,68192,0,E
27416,68192,68192,0,W
27417,68197,68198,1,W
27419,68199,68200,1,E
27420,68202,68202,0,W
27392,68149,68206,57,N
27395,68153,68206,53,S
27400,68163,68208,45,N
27398,68162,68208,46,S
27406,68177,68210,33,N
27403,68171,68210,39,S
27414,68191,68212,21,N
27409,68180,68212,32,S
27421,68205,68214,9,N
27413,68189,68214,25,S
27418,68198,68216,18,S
27423,68207,68218,11,S
27429,68219,68220,1,N
27427,68216,68220,4,S
27432,68225,68226,1,S
27436,68233,68234,1,N
27437,68234,68234,0,S
27442,68243,68244,1,S
27443,68247,68248,1,N
27422,68206,68250,44,E
27424,68207,68250,43,W
27426,68213,68250,37,E
27425,68212,68250,38,W
27430,68220,68252,32,E
27428,68217,68252,35,W
27433,68227,68252,25,E
27431,68222,68252,30,W
27438,68234,68254,20,E
27434,68227,68254,27,W
27440,68241,68254,13,E
27435,68232,68254,22,W
27445,68248,68256,8,E
27439,68237,68256,19,W
27448,68255,68256,1,E
27441,68242,68256,14,W
27444,68247,68258,11,W
27447,68252,68258,6,W
27449,68257,68260,3,W
27452,68262,68262,0,E
27453,68262,68262,0,W
27454,68267,68268,1,W
27455,68269,68270,1,E
27457,68272,68272,0,W
27459,68276,68276,0,E
27460,68277,68278,1,W
27462,68282,68282,0,W
27463,68283,68284,1,E
27464,68287,68288,1,W
27467,68290,68290,0,E
27468,68292,68292,0,W
27470,68297,68298,1,E
27471,68297,68298,1,W
27472,68302,68302,0,W
27474,68304,68304,0,E
27476,68307,68308,1,W
27450,68261,68310,49,N
27446,68252,68310,58,S
27458,68275,68312,37,N
27451,68261,68312,51,S
27466,68289,68314,25,N
27456,68270,68314,44,S
27473,68303,68316,13,N
27461,68279,68316,37,S
27480,68317,68318,1,N
27465,68288,68318,30,S
27469,68297,68320,23,S
27475,68306,68322,16,S
27479,68315,68324,9,S
27484,68324,68326,2,S
27487,68331,68332,1,N
27490,68333,68334,1,S
27493,68342,68342,0,S
27495,68345,68346,1,N
27498,68351,68352,1,S
27477,68311,68356,45,E
27478,68312,68356,44,W
27482,68318,68356,38,E
27481,68317,68356,39,W
27485,68325,68358,33,E
27483,68322,68358,36,W
27488,68332,68358,26,E
27486,68327,68358,31,W
27492,68339,68360,21,E
27489,68332,68360,28,W
27496,68346,68360,14,E
27491,68337,68360,23,W
27500,68353,68362,9,E
27494,68342,68362,20,W
27504,68360,68362,2,E
27497,68347,68362,15,W
27499,68352,68364,12,W
27501,68357,68364,7,W
27505,68362,68366,4,W
27506,68367,68368,1,E
27507,68367,68368,1,W
27509,68372,68372,0,W
27511,68374,68374,0,E
27512,68377,68378,1,W
27514,68381,68382,1,E
27515,68382,68382,0,W
27519,68388,68388,0,E
27518,68387,68388,1,W
27520,68392,68392,0,W
27521,68395,68396,1,E
27523,68397,68398,1,W
27525,68402,68402,0,E
27526,68402,68402,0,W
27528,68409,68410,1,W
27529,68411,68412,1,E
27502,68359,68416,57,N
27503,68360,68416,56,S
27510,68373,68418,45,N
27508,68369,68418,49,S
27516,68387,68420,33,N
27513,68378,68420,42,S
27524,68401,68422,21,N
27517,68387,68422,35,S
27532,68420,68424,4,N
27522,68396,68424,28,S
27527,68405,68426,21,S
27531,68417,68428,11,S
27535,68429,68430,1,S
27540,68439,68440,1,N
27541,68441,68442,1,S
27545,68453,68454,1,S
27547,68458,68458,0,N
27533,68420,68460,40,E
27530,68416,68460,44,W
27536,68429,68460,31,E
27534,68423,68460,37,W
27539,68438,68462,24,E
27537,68430,68462,32,W
27543,68447,68462,15,E
27538,68437,68462,25,W
27546,68456,68464,8,E
27542,68444,68464,20,W
27544,68451,68464,13,W
27550,68465,68466,1,E
27548,68458,68466,8,W
27551,68465,68466,1,W
27552,68472,68472,0,W
27553,68474,68474,0,E
27556,68479,68480,1,W
27557,68483,68484,1,E
27558,68486,68486,0,W
27560,68492,68492,0,E
27561,68493,68494,1,W
27563,68500,68500,0,W
27565,68501,68502,1,E
27566,68507,68508,1,W
27567,68510,68510,0,E
27569,68514,68514,0,W
27554,68477,68520,43,N
27549,68465,68520,55,S
27562,68496,68522,26,N
27555,68477,68522,45,S
27570,68515,68524,9,N
27559,68489,68524,35,S
27564,68501,68526,25,S
27568,68513,68528,15,S
27573,68525,68530,5,S
27576,68534,68534,0,N
27578,68537,68538,1,S
27582,68549,68550,1,S
27584,68553,68554,1,N
27587,68561,68562,1,S
27571,68519,68566,47,E
27572,68521,68566,45,W
27574,68528,68566,38,E
27575,68528,68566,38,W
27579,68537,68568,31,E
27577,68535,68568,33,W
27581,68546,68568,22,E
27580,68542,68568,26,W
27585,68555,68570,15,E
27583,68549,68570,21,W
27589,68564,68570,6,E
27586,68556,68570,14,W
27588,68563,68572,9,W
27590,68570,68572,2,W
27593,68573,68574,1,E
27594,68577,68578,1,W
27595,68582,68582,0,E
27596,68584,68584,0,W
27599,68591,68592,1,E
27600,68591,68592,1,W
27602,68598,68598,0,W
27603,68600,68600,0,E
27604,68605,68606,1,W
27606,68609,68610,1,E
27608,68612,68612,0,W
27609,68618,68618,0,E
27610,68619,68620,1,W
27591,68572,68626,54,N
27592,68573,68626,53,S
27598,68591,68628,37,N
27597,68585,68628,43,S
27607,68610,68630,20,N
27601,68597,68630,33,S
27614,68629,68632,3,N
27605,68609,68632,23,S
27611,68621,68634,13,S
27615,68633,68636,3,S
27619,68645,68646,1,S
27622,68648,68648,0,N
27625,68657,68658,1,S
27628,68667,68668,1,N
27613,68627,68670,43,E
27612,68626,68670,44,W
27617,68636,68670,34,E
27616,68633,68670,37,W
27620,68645,68672,27,E
27618,68640,68672,32,W
27623,68654,68672,18,E
27621,68647,68672,25,W
27627,68663,68674,11,E
27624,68654,68674,20,W
27631,68672,68674,2,E
27626,68661,68674,13,W
27629,68668,68676,8,W
27632,68675,68676,1,W
27634,68681,68682,1,E
27635,68682,68682,0,W
27638,68690,68690,0,E
27637,68689,68690,1,W
27640,68696,68696,0,W
27641,68699,68700,1,E
27642,68703,68704,1,W
27645,68708,68708,0,E
27646,68710,68710,0,W
27648,68717,68718,1,E
27649,68717,68718,1,W
27651,68724,68724,0,W
27652,68726,68726,0,E
27636,68686,68730,44,N
27630,68669,68730,61,S
27643,68705,68732,27,N
27633,68681,68732,51,S
27650,68724,68734,10,N
27639,68693,68734,41,S
27644,68705,68736,31,S
27647,68717,68738,21,S
27653,68729,68740,11,S
27657,68741,68742,1,S
27658,68743,68744,1,N
27662,68753,68754,1,S
27665,68762,68762,0,N
27667,68765,68766,1,S
27655,68735,68776,41,E
27654,68731,68776,45,W
27659,68744,68776,32,E
27656,68738,68776,38,W
27663,68753,68778,25,E
27660,68745,68778,33,W
27666,68762,68778,16,E
27661,68752,68778,26,W
27669,68771,68780,9,E
27664,68759,68780,21,W
27672,68780,68780,0,E
27668,68766,68780,14,W
27670,68773,68782,9,W
27673,68780,68782,2,W
27675,68787,68788,1,W
27677,68789,68790,1,E
27678,68794,68794,0,W
27679,68798,68798,0,E
27682,68801,68802,1,W
27683,68807,68808,1,E
27684,68808,68808,0,W
27687,68816,68816,0,E
27686,68815,68816,1,W
27689,68822,68822,0,W
27691,68825,68826,1,E
27692,68829,68830,1,W
27693,68834,68834,0,E
27674,68781,68836,55,N
27671,68777,68836,59,S
27680,68800,68838,38,N
27676,68789,68838,49,S
27688,68819,68840,21,N
27681,68801,68840,39,S
27696,68838,68842,4,N
27685,68813,68842,29,S
27690,68825,68844,19,S
27695,68837,68846,9,S
27699,68849,68850,1,S
27702,68857,68858,1,N
27704,68861,68862,1,S
27709,68873,68874,1,S
27710,68876,68876,0,N
27697,68843,68880,37,E
27694,68836,68880,44,W
27701,68852,68880,28,E
27698,68843,68880,37,W
27705,68861,68882,21,E
27700,68850,68882,32,W
27707,68870,68882,12,E
27703,68857,68882,25,W
27712,68879,68884,5,E
27706,68864,68884,20,W
27708,68871,68884,13,W
27711,68878,68886,8,W
27714,68885,68886,1,W
27715,68888,68888,0,E
27716,68892,68892,0,W
27719,68897,68898,1,E
27720,68899,68900,1,W
27721,68906,68906,0,E
27722,68906,68906,0,W
27724,68913,68914,1,W
27726,68915,68916,1,E
27727,68920,68920,0,W
27729,68924,68924,0,E
27730,68927,68928,1,W
27733,68933,68934,1,E
27734,68934,68934,0,W
27717,68895,68940,45,N
27713,68885,68940,55,S
27725,68914,68942,28,N
27718,68897,68942,45,S
27731,68933,68944,11,N
27723,68909,68944,35,S
27728,68921,68946,25,S
27732,68933,68948,15,S
27737,68945,68950,5,S
27740,68952,68952,0,N
27742,68957,68958,1,S
27745,68969,68970,1,S
27748,68971,68972,1,N
27751,68981,68982,1,S
27736,68942,68986,44,E
27735,68941,68986,45,W
27739,68951,68986,35,E
27738,68948,68986,38,W
27743,68960,68988,28,E
27741,68955,68988,33,W
27746,68969,68988,19,E
27744,68962,68988,26,W
27750,68978,68990,12,E
27747,68969,68990,21,W
27753,68987,68990,3,E
27749,68976,68990,14,W
27752,68983,68992,9,W
27755,68990,68992,2,W
27757,68996,68996,0,E
27758,68997,68998,1,W
27759,69004,69004,0,W
27761,69005,69006,1,E
27763,69011,69012,1,W
27764,69014,69014,0,E
27766,69018,69018,0,W
27767,69023,69024,1,E
27768,69025,69026,1,W
27771,69032,69032,0,E
27772,69032,69032,0,W
27773,69039,69040,1,W
27775,69041,69042,1,E
27754,68990,69046,56,N
27756,68993,69046,53,S
27762,69009,69048,39,N
27760,69005,69048,43,S
27769,69028,69050,22,N
27765,69017,69050,33,S
27777,69047,69052,5,N
27770,69029,69052,23,S
27774,69041,69054,13,S
27779,69053,69056,3,S
27784,69066,69066,0,N
27783,69065,69066,1,S
27788,69077,69078,1,S
27791,69085,69086,1,N
27778,69050,69090,40,E
27776,69046,69090,44,W
27781,69059,69090,31,E
27780,69053,69090,37,W
27786,69068,69092,24,E
27782,69060,69092,32,W
27789,69077,69092,15,E
27785,69067,69092,25,W
27792,69086,69094,8,E
27787,69074,69094,20,W
27790,69081,69094,13,W
27795,69095,69096,1,E
27793,69088,69096,8,W
27796,69095,69096,1,W
27798,69102,69102,0,W
27800,69104,69104,0,E
27801,69109,69110,1,W
27803,69113,69114,1,E
27804,69116,69116,0,W
27805,69122,69122,0,E
27807,69123,69124,1,W
27809,69130,69130,0,W
27810,69131,69132,1,E
27812,69137,69138,1,W
27813,69140,69140,0,E
27815,69144,69144,0,W
27799,69104,69150,46,N
27794,69089,69150,61,S
27806,69123,69152,29,N
27797,69101,69152,51,S
27814,69142,69154,12,N
27802,69113,69154,41,S
27808,69125,69156,31,S
27811,69137,69158,21,S
27816,69149,69160,11,S
27821,69161,69162,1,N
27822,69161,69162,1,S
27826,69173,69174,1,S
27829,69180,69180,0,N
27830,69185,69186,1,S
27817,69149,69196,47,E
27818,69151,69196,45,W
27819,69158,69196,38,E
27820,69158,69196,38,W
27824,69167,69198,31,E
27823,69165,69198,33,W
27827,69176,69198,22,E
27825,69172,69198,26,W
27831,69185,69200,15,E
27828,69179,69200,21,W
27834,69194,69200,6,E
27832,69186,69200,14,W
27833,69193,69202,9,W
27837,69200,69202,2,W
27838,69203,69204,1,E
27839,69207,69208,1,W
27841,69212,69212,0,E
27842,69214,69214,0,W
27845,69221,69222,1,E
27846,69221,69222,1,W
27847,69228,69228,0,W
27848,69230,69230,0,E
27850,69235,69236,1,W
27852,69239,69240,1,E
27853,69242,69242,0,W
27855,69248,69248,0,E
27856,69249,69250,1,W
27836,69199,69256,57,N
27835,69197,69256,59,S
27843,69218,69258,40,N
27840,69209,69258,49,S
27851,69237,69260,23,N
27844,69221,69260,39,S
27857,69256,69262,6,N
27849,69233,69262,29,S
27854,69245,69264,19,S
27859,69257,69266,9,S
27863,69269,69270,1,S
27865,69275,69276,1,N
27868,69281,69282,1,S
27874,69294,69294,0,N
27872,69293,69294,1,S
27860,69257,69300,43,E
27858,69256,69300,44,W
27862,69266,69300,34,E
27861,69263,69300,37,W
27866,69275,69302,27,E
27864,69270,69302,32,W
27869,69284,69302,18,E
27867,69277,69302,25,W
27873,69293,69304,11,E
27870,69284,69304,20,W
27876,69302,69304,2,E
27871,69291,69304,13,W
27875,69298,69306,8,W
27878,69305,69306,1,W
27879,69311,69312,1,E
27880,69312,69312,0,W
27884,69320,69320,0,E
27883,69319,69320,1,W
27885,69326,69326,0,W
27887,69329,69330,1,E
27889,69333,69334,1,W
27890,69338,69338,0,E
27891,69340,69340,0,W
27893,69347,69348,1,E
27894,69347,69348,1,W
27897,69354,69354,0,W
27898,69356,69356,0,E
27881,69313,69360,47,N
27877,69305,69360,55,S
27888,69332,69362,30,N
27882,69317,69362,45,S
27895,69351,69364,13,N
27886,69329,69364,35,S
27892,69341,69366,25,S
27896,69353,69368,15,S
27903,69370,69370,0,N
27900,69365,69370,5,S
27906,69377,69378,1,S
27909,69389,69390,1,N
27910,69389,69390,1,S
27914,69401,69402,1,S
27901,69365,69406,41,E
27899,69361,69406,45,W
27904,69374,69406,32,E
27902,69368,69406,38,W
27908,69383,69408,25,E
27905,69375,69408,33,W
27912,69392,69408,16,E
27907,69382,69408,26,W
27915,69401,69410,9,E
27911,69389,69410,21,W
27918,69410,69410,0,E
27913,69396,69410,14,W
27916,69403,69412,9,W
27919,69410,69412,2,W
27921,69417,69418,1,W
27922,69419,69420,1,E
27923,69424,69424,0,W
27926,69428,69428,0,E
27927,69431,69432,1,W
27929,69437,69438,1,E
27930,69438,69438,0,W
27933,69446,69446,0,E
27931,69445,69446,1,W
27935,69452,69452,0,W
27936,69455,69456,1,E
27937,69459,69460,1,W
27939,69464,69464,0,E
27917,69408,69466,58,N
27920,69413,69466,53,S
27925,69427,69468,41,N
27924,69425,69468,43,S
27932,69446,69470,24,N
27928,69437,69470,33,S
27940,69465,69472,7,N
27934,69449,69472,23,S
27938,69461,69474,13,S
27942,69473,69476,3,S
27947,69484,69484,0,N
27948,69485,69486,1,S
27952,69497,69498,1,S
27955,69503,69504,1,N
27943,69473,69510,37,E
27941,69466,69510,44,W
27946,69482,69510,28,E
27944,69473,69510,37,W
27950,69491,69512,21,E
27945,69480,69512,32,W
27953,69500,69512,12,E
27949,69487,69512,25,W
27958,69509,69514,5,E
27951,69494,69514,20,W
27954,69501,69514,13,W
27956,69508,69516,8,W
27959,69515,69516,1,W
27960,69518,69518,0,E
27963,69522,69522,0,W
27964,69527,69528,1,E
27965,69529,69530,1,W
27967,69536,69536,0,E
27968,69536,69536,0,W
27970,69543,69544,1,W
27972,69545,69546,1,E
27973,69550,69550,0,W
27974,69554,69554,0,E
27976,69557,69558,1,W
27978,69563,69564,1,E
27979,69564,69564,0,W
27962,69522,69570,48,N
27957,69509,69570,61,S
27969,69541,69572,31,N
27961,69521,69572,51,S
27977,69560,69574,14,N
27966,69533,69574,41,S
27971,69545,69576,31,S
27975,69557,69578,21,S
27984,69579,69580,1,N
27980,69569,69580,11,S
27985,69581,69582,1,S
27990,69593,69594,1,S
27991,69598,69598,0,N
27994,69605,69606,1,S
27982,69572,69616,44,E
27981,69571,69616,45,W
27986,69581,69616,35,E
27983,69578,69616,38,W
27988,69590,69618,28,E
27987,69585,69618,33,W
27992,69599,69618,19,E
27989,69592,69618,26,W
27996,69608,69620,12,E
27993,69599,69620,21,W
28000,69617,69620,3,E
27995,69606,69620,14,W
27997,69613,69622,9,W
28001,69620,69622,2,W
28002,69626,69626,0,E
28003,69627,69628,1,W
28005,69634,69634,0,W
28006,69635,69636,1,E
28009,69641,69642,1,W
28010,69644,69644,0,E
28011,69648,69648,0,W
28013,69653,69654,1,E
28015,69655,69656,1,W
28016,69662,69662,0,E
28017,69662,69662,0,W
28019,69669,69670,1,W
28020,69671,69672,1,E
27998,69617,69676,59,N
27999,69617,69676,59,S
28007,69636,69678,42,N
28004,69629,69678,49,S
28014,69655,69680,25,N
28008,69641,69680,39,S
28021,69674,69682,8,N
28012,69653,69682,29,S
28018,69665,69684,19,S
28023,69677,69686,9,S
28026,69689,69690,1,S
28029,69693,69694,1,N
28032,69701,69702,1,S
28036,69712,69712,0,N
28037,69713,69714,1,S
28024,69680,69720,40,E
28022,69676,69720,44,W
28027,69689,69720,31,E
28025,69683,69720,37,W
28031,69698,69722,24,E
28028,69690,69722,32,W
28034,69707,69722,15,E
28030,69697,69722,25,W
28038,69716,69724,8,E
28033,69704,69724,20,W
28035,69711,69724,13,W
28041,69725,69726,1,E
28039,69718,69726,8,W
28042,69725,69726,1,W
28044,69732,69732,0,W
28045,69734,69734,0,E
28047,69739,69740,1,W
28048,69743,69744,1,E
28049,69746,69746,0,W
28052,69752,69752,0,E
28053,69753,69754,1,W
28054,69760,69760,0,W
28056,69761,69762,1,E
28057,69767,69768,1,W
28059,69770,69770,0,E
28061,69774,69774,0,W
28043,69731,69780,49,N
28040,69725,69780,55,S
28051,69750,69782,32,N
28046,69737,69782,45,S
28058,69769,69784,15,N
28050,69749,69784,35,S
28055,69761,69786,25,S
28065,69788,69788,0,N
28060,69773,69788,15,S
28064,69785,69790,5,S
28069,69797,69798,1,S
28073,69807,69808,1,N
28074,69809,69810,1,S
28078,69821,69822,1,S
28062,69779,69826,47,E
28063,69781,69826,45,W
28066,69788,69826,38,E
28067,69788,69826,38,W
28070,69797,69828,31,E
28068,69795,69828,33,W
28072,69806,69828,22,E
28071,69802,69828,26,W
28076,69815,69830,15,E
28075,69809,69830,21,W
28080,69824,69830,6,E
28077,69816,69830,14,W
28079,69823,69832,9,W
28082,69830,69832,2,W
28084,69833,69834,1,E
28085,69837,69838,1,W
28086,69842,69842,0,E
28087,69844,69844,0,W
28090,69851,69852,1,E
28091,69851,69852,1,W
28093,69858,69858,0,W
28094,69860,69860,0,E
28096,69865,69866,1,W
28098,69869,69870,1,E
28099,69872,69872,0,W
28100,69878,69878,0,E
28101,69879,69880,1,W
28081,69826,69886,60,N
28083,69833,69886,53,S
28088,69845,69888,43,N
28089,69845,69888,43,S
28095,69864,69890,26,N
28092,69857,69890,33,S
28103,69883,69892,9,N
28097,69869,69892,23,S
28102,69881,69894,13,S
28106,69893,69896,3,S
28110,69902,69902,0,N
28111,69905,69906,1,S
28116,69917,69918,1,S
28117,69921,69922,1,N
28105,69887,69930,43,E
28104,69886,69930,44,W
28108,69896,69930,34,E
28107,69893,69930,37,W
28112,69905,69932,27,E
28109,69900,69932,32,W
28114,69914,69932,18,E
28113,69907,69932,25,W
28119,69923,69934,11,E
28115,69914,69934,20,W
28122,69932,69934,2,E
28118,69921,69934,13,W
28120,69928,69936,8,W
28123,69935,69936,1,W
28126,69941,69942,1,E
28127,69942,69942,0,W
28129,69950,69950,0,E
28128,69949,69950,1,W
28131,69956,69956,0,W
28133,69959,69960,1,E
28134,69963,69964,1,W
28136,69968,69968,0,E
28137,69970,69970,0,W
28139,69977,69978,1,E
28140,69977,69978,1,W
28142,69984,69984,0,W
28143,69986,69986,0,E
28124,69940,69990,50,N
28121,69929,69990,61,S
28132,69959,69992,33,N
28125,69941,69992,51,S
28141,69978,69994,16,N
28130,69953,69994,41,S
28135,69965,69996,31,S
28147,69997,69998,1,N
28138,69977,69998,21,S
28144,69989,70000,11,S
28149,70001,70002,1,S
28153,70013,70014,1,S
28155,70016,70016,0,N
28158,70025,70026,1,S
28146,69995,70036,41,E
28145,69991,70036,45,W
28150,70004,70036,32,E
28148,69998,70036,38,W
28154,70013,70038,25,E
28151,70005,70038,33,W
28157,70022,70038,16,E
28152,70012,70038,26,W
28160,70031,70040,9,E
28156,70019,70040,21,W
28164,70040,70040,0,E
28159,70026,70040,14,W
28161,70033,70042,9,W
28165,70040,70042,2,W
28166,70047,70048,1,W
28168,70049,70050,1,E
28170,70054,70054,0,W
28171,70058,70058,0,E
28173,70061,70062,1,W
28174,70067,70068,1,E
28175,70068,70068,0,W
28179,70076,70076,0,E
28178,70075,70076,1,W
28180,70082,70082,0,W
28182,70085,70086,1,E
28183,70089,70090,1,W
28185,70094,70094,0,E
28162,70035,70096,61,N
28163,70037,70096,59,S
28169,70054,70098,44,N
28167,70049,70098,49,S
28176,70073,70100,27,N
28172,70061,70100,39,S
28184,70092,70102,10,N
28177,70073,70102,29,S
28181,70085,70104,19,S
28187,70097,70106,9,S
28190,70109,70110,1,S
28192,70111,70112,1,N
28195,70121,70122,1,S
28198,70130,70130,0,N
28201,70133,70134,1,S
28188,70103,70140,37,E
28186,70096,70140,44,W
28193,70112,70140,28,E
28189,70103,70140,37,W
28196,70121,70142,21,E
28191,70110,70142,32,W
28199,70130,70142,12,E
28194,70117,70142,25,W
28203,70139,70144,5,E
28197,70124,70144,20,W
28200,70131,70144,13,W
28202,70138,70146,8,W
28205,70145,70146,1,W
28206,70148,70148,0,E
28208,70152,70152,0,W
28210,70157,70158,1,E
28211,70159,70160,1,W
28212,70166,70166,0,E
28213,70166,70166,0,W
28216,70173,70174,1,W
28217,70175,70176,1,E
28218,70180,70180,0,W
28220,70184,70184,0,E
28222,70187,70188,1,W
28224,70193,70194,1,E
28225,70194,70194,0,W
28207,70149,70200,51,N
28204,70145,70200,55,S
28214,70168,70202,34,N
28209,70157,70202,45,S
28221,70187,70204,17,N
28215,70169,70204,35,S
28229,70206,70206,0,N
28219,70181,70206,25,S
28223,70193,70208,15,S
28228,70205,70210,5,S
28233,70217,70218,1,S
28236,70225,70226,1,N
28237,70229,70230,1,S
28242,70241,70242,1,S
28244,70244,70244,0,N
28227,70202,70246,44,E
28226,70201,70246,45,W
28231,70211,70246,35,E
28230,70208,70246,38,W
28234,70220,70248,28,E
28232,70215,70248,33,W
28238,70229,70248,19,E
28235,70222,70248,26,W
28241,70238,70250,12,E
28239,70229,70250,21,W
28245,70247,70250,3,E
28240,70236,70250,14,W
28243,70243,70252,9,W
28246,70250,70252,2,W
28248,70256,70256,0,E
28249,70257,70258,1,W
28251,70264,70264,0,W
28253,70265,70266,1,E
28254,70271,70272,1,W
28255,70274,70274,0,E
28257,70278,70278,0,W
28259,70283,70284,1,E
28260,70285,70286,1,W
28262,70292,70292,0,E
28263,70292,70292,0,W
28264,70299,70300,1,W
28267,70301,70302,1,E
28250,70263,70306,43,N
28247,70253,70306,53,S
28258,70282,70308,26,N
28252,70265,70308,43,S
28265,70301,70310,9,N
28256,70277,70310,33,S
28261,70289,70312,23,S
28266,70301,70314,13,S
28270,70313,70316,3,S
28273,70320,70320,0,N
28275,70325,70326,1,S
28279,70337,70338,1,S
28281,70339,70340,1,N
28269,70310,70350,40,E
28268,70306,70350,44,W
28272,70319,70350,31,E
28271,70313,70350,37,W
28277,70328,70352,24,E
28274,70320,70352,32,W
28280,70337,70352,15,E
28276,70327,70352,25,W
28283,70346,70354,8,E
28278,70334,70354,20,W
28282,70341,70354,13,W
28286,70355,70356,1,E
28284,70348,70356,8,W
28287,70355,70356,1,W
28290,70362,70362,0,W
28291,70364,70364,0,E
28292,70369,70370,1,W
28294,70373,70374,1,E
28295,70376,70376,0,W
28297,70382,70382,0,E
28298,70383,70384,1,W
28300,70390,70390,0,W
28301,70391,70392,1,E
28304,70397,70398,1,W
28305,70400,70400,0,E
28306,70404,70404,0,W
28288,70358,70410,52,N
28285,70349,70410,61,S
28296,70377,70412,35,N
28289,70361,70412,51,S
28302,70396,70414,18,N
28293,70373,70414,41,S
28310,70415,70416,1,N
28299,70385,70416,31,S
28303,70397,70418,21,S
28307,70409,70420,11,S
28313,70421,70422,1,S
28318,70434,70434,0,N
28317,70433,70434,1,S
28321,70445,70446,1,S
28324,70453,70454,1,N
28308,70409,70456,47,E
28309,70411,70456,45,W
28311,70418,70456,38,E
28312,70418,70456,38,W
28315,70427,70458,31,E
28314,70425,70458,33,W
28319,70436,70458,22,E
28316,70432,70458,26,W
28322,70445,70460,15,E
28320,70439,70460,21,W
28326,70454,70460,6,E
28323,70446,70460,14,W
28325,70453,70462,9,W
28328,70460,70462,2,W
28329,70463,70464,1,E
28330,70467,70468,1,W
28333,70472,70472,0,E
28334,70474,70474,0,W
28336,70481,70482,1,E
28337,70481,70482,1,W
28338,70488,70488,0,W
28339,70490,70490,0,E
28342,70495,70496,1,W
28343,70499,70500,1,E
28344,70502,70502,0,W
28346,70508,70508,0,E
28347,70509,70510,1,W
28332,70472,70516,44,N
28327,70457,70516,59,S
28340,70491,70518,27,N
28331,70469,70518,49,S
28348,70510,70520,10,N
28335,70481,70520,39,S
28341,70493,70522,29,S
28345,70505,70524,19,S
28350,70517,70526,9,S
28354,70529,70530,1,N
28355,70529,70530,1,S
28359,70541,70542,1,S
28362,70548,70548,0,N
28364,70553,70554,1,S
28351,70517,70560,43,E
28349,70516,70560,44,W
28353,70526,70560,34,E
28352,70523,70560,37,W
28357,70535,70562,27,E
28356,70530,70562,32,W
28360,70544,70562,18,E
28358,70537,70562,25,W
28365,70553,70564,11,E
28361,70544,70564,20,W
28367,70562,70564,2,E
28363,70551,70564,13,W
28366,70558,70566,8,W
28369,70565,70566,1,W
28371,70571,70572,1,E
28372,70572,70572,0,W
28375,70580,70580,0,E
28374,70579,70580,1,W
28377,70586,70586,0,W
28379,70589,70590,1,E
28380,70593,70594,1,W
28381,70598,70598,0,E
28382,70600,70600,0,W
28385,70607,70608,1,E
28386,70607,70608,1,W
28388,70614,70614,0,W
28389,70616,70616,0,E
28370,70567,70620,53,N
28368,70565,70620,55,S
28376,70586,70622,36,N
28373,70577,70622,45,S
28384,70605,70624,19,N
28378,70589,70624,35,S
28391,70624,70626,2,N
28383,70601,70626,25,S
28387,70613,70628,15,S
28392,70625,70630,5,S
28397,70637,70638,1,S
28399,70643,70644,1,N
28401,70649,70650,1,S
28407,70662,70662,0,N
28405,70661,70662,1,S
28393,70625,70666,41,E
28390,70621,70666,45,W
28395,70634,70666,32,E
28394,70628,70666,38,W
28400,70643,70668,25,E
28396,70635,70668,33,W
28403,70652,70668,16,E
28398,70642,70668,26,W
28406,70661,70670,9,E
28402,70649,70670,21,W
28409,70670,70670,0,E
28404,70656,70670,14,W
28408,70663,70672,9,W
28410,70670,70672,2,W
28412,70677,70678,1,W
28413,70679,70680,1,E
28415,70684,70684,0,W
28417,70688,70688,0,E
28418,70691,70692,1,W
28420,70697,70698,1,E
28421,70698,70698,0,W
28424,70706,70706,0,E
28423,70705,70706,1,W
28426,70712,70712,0,W
28427,70715,70716,1,E
28429,70719,70720,1,W
28431,70724,70724,0,E
28414,70681,70726,45,N
28411,70673,70726,53,S
28422,70700,70728,28,N
28416,70685,70728,43,S
28428,70719,70730,11,N
28419,70697,70730,33,S
28425,70709,70732,23,S
28430,70721,70734,13,S
28433,70733,70736,3,S
28436,70738,70738,0,N
28439,70745,70746,1,S
28443,70757,70758,1,N
28444,70757,70758,1,S
28434,70733,70770,37,E
28432,70726,70770,44,W
28438,70742,70770,28,E
28435,70733,70770,37,W
28441,70751,70772,21,E
28437,70740,70772,32,W
28445,70760,70772,12,E
28440,70747,70772,25,W
28449,70769,70774,5,E
28442,70754,70774,20,W
28446,70761,70774,13,W
28447,70768,70776,8,W
28450,70775,70776,1,W
28452,70778,70778,0,E
28454,70782,70782,0,W
28455,70787,70788,1,E
28456,70789,70790,1,W
28459,70796,70796,0,E
28460,70796,70796,0,W
28461,70803,70804,1,W
28463,70805,70806,1,E
28464,70810,70810,0,W
28466,70814,70814,0,E
28468,70817,70818,1,W
28469,70823,70824,1,E
28470,70824,70824,0,W
28451,70776,70830,54,N
28448,70769,70830,61,S
28458,70795,70832,37,N
28453,70781,70832,51,S
28465,70814,70834,20,N
28457,70793,70834,41,S
28474,70833,70836,3,N
28462,70805,70836,31,S
28467,70817,70838,21,S
28471,70829,70840,11,S
28476,70841,70842,1,S
28480,70852,70852,0,N
28482,70853,70854,1,S
28485,70865,70866,1,S
28488,70871,70872,1,N
28473,70832,70876,44,E
28472,70831,70876,45,W
28477,70841,70876,35,E
28475,70838,70876,38,W
28479,70850,70878,28,E
28478,70845,70878,33,W
28483,70859,70878,19,E
28481,70852,70878,26,W
28487,70868,70880,12,E
28484,70859,70880,21,W
28491,70877,70880,3,E
28486,70866,70880,14,W
28489,70873,70882,9,W
28492,70880,70882,2,W
28493,70886,70886,0,E
28494,70887,70888,1,W
28497,70894,70894,0,W
28498,70895,70896,1,E
28500,70901,70902,1,W
28501,70904,70904,0,E
28502,70908,70908,0,W
28505,70913,70914,1,E
28506,70915,70916,1,W
28507,70922,70922,0,E
28508,70922,70922,0,W
28511,70929,70930,1,W
28512,70931,70932,1,E
28496,70890,70936,46,N
28490,70877,70936,59,S
28503,70909,70938,29,N
28495,70889,70938,49,S
28510,70928,70940,12,N
28499,70901,70940,39,S
28504,70913,70942,29,S
28509,70925,70944,19,S
28514,70937,70946,9,S
28517,70947,70948,1,N
28518,70949,70950,1,S
28523,70961,70962,1,S
28525,70966,70966,0,N
28528,70973,70974,1,S
28515,70940,70980,40,E
28513,70936,70980,44,W
28519,70949,70980,31,E
28516,70943,70980,37,W
28522,70958,70982,24,E
28520,70950,70982,32,W
28526,70967,70982,15,E
28521,70957,70982,25,W
28529,70976,70984,8,E
28524,70964,70984,20,W
28527,70971,70984,13,W
28533,70985,70986,1,E
28530,70978,70986,8,W
28534,70985,70986,1,W
28535,70992,70992,0,W
28536,70994,70994,0,E
28538,70999,71000,1,W
28539,71003,71004,1,E
28541,71006,71006,0,W
28543,71012,71012,0,E
28544,71013,71014,1,W
28545,71020,71020,0,W
28547,71021,71022,1,E
28549,71027,71028,1,W
28550,71030,71030,0,E
28552,71034,71034,0,W
28531,70985,71040,55,N
28532,70985,71040,55,S
28540,71004,71042,38,N
28537,70997,71042,45,S
28548,71023,71044,21,N
28542,71009,71044,35,S
28555,71042,71046,4,N
28546,71021,71046,25,S
28551,71033,71048,15,S
28556,71045,71050,5,S
28560,71057,71058,1,S
28562,71061,71062,1,N
28565,71069,71070,1,S
28569,71080,71080,0,N
28570,71081,71082,1,S
28553,71039,71086,47,E
28554,71041,71086,45,W
28557,71048,71086,38,E
28558,71048,71086,38,W
28561,71057,71088,31,E
28559,71055,71088,33,W
28564,71066,71088,22,E
28563,71062,71088,26,W
28567,71075,71090,15,E
28566,71069,71090,21,W
28572,71084,71090,6,E
28568,71076,71090,14,W
28571,71083,71092,9,W
28573,71090,71092,2,W
28575,71093,71094,1,E
28576,71097,71098,1,W
28578,71102,71102,0,E
28579,71104,71104,0,W
28581,71111,71112,1,E
28582,71111,71112,1,W
28585,71118,71118,0,W
28586,71120,71120,0,E
28587,71125,71126,1,W
28589,71129,71130,1,E
28590,71132,71132,0,W
28592,71138,71138,0,E
28593,71139,71140,1,W
28577,71099,71146,47,N
28574,71093,71146,53,S
28584,71118,71148,30,N
28580,71105,71148,43,S
28591,71137,71150,13,N
28583,71117,71150,33,S
28588,71129,71152,23,S
28594,71141,71154,13,S
28599,71156,71156,0,N
28597,71153,71156,3,S
28602,71165,71166,1,S
28607,71175,71176,1,N
28608,71177,71178,1,S
28596,71147,71190,43,E
28595,71146,71190,44,W
28600,71156,71190,34,E
28598,71153,71190,37,W
28603,71165,71192,27,E
28601,71160,71192,32,W
28605,71174,71192,18,E
28604,71167,71192,25,W
28610,71183,71194,11,E
28606,71174,71194,20,W
28613,71192,71194,2,E
28609,71181,71194,13,W
28611,71188,71196,8,W
28615,71195,71196,1,W
28617,71201,71202,1,E
28618,71202,71202,0,W
28620,71210,71210,0,E
28619,71209,71210,1,W
28623,71216,71216,0,W
28624,71219,71220,1,E
28625,71223,71224,1,W
28627,71228,71228,0,E
28628,71230,71230,0,W
28631,71237,71238,1,E
28632,71237,71238,1,W
28633,71244,71244,0,W
28634,71246,71246,0,E
28614,71194,71250,56,N
28612,71189,71250,61,S
28621,71213,71252,39,N
28616,71201,71252,51,S
28629,71232,71254,22,N
28622,71213,71254,41,S
28636,71251,71256,5,N
28626,71225,71256,31,S
28630,71237,71258,21,S
28635,71249,71260,11,S
28640,71261,71262,1,S
28643,71270,71270,0,N
28645,71273,71274,1,S
28649,71285,71286,1,S
28651,71289,71290,1,N
28638,71255,71296,41,E
28637,71251,71296,45,W
28641,71264,71296,32,E
28639,71258,71296,38,W
28646,71273,71298,25,E
28642,71265,71298,33,W
28648,71282,71298,16,E
28644,71272,71298,26,W
28652,71291,71300,9,E
28647,71279,71300,21,W
28655,71300,71300,0,E
28650,71286,71300,14,W
28653,71293,71302,9,W
28656,71300,71302,2,W
28657,71307,71308,1,W
28660,71309,71310,1,E
28661,71314,71314,0,W
28662,71318,71318,0,E
28664,71321,71322,1,W
28666,71327,71328,1,E
28667,71328,71328,0,W
28670,71336,71336,0,E
28669,71335,71336,1,W
28671,71342,71342,0,W
28673,71345,71346,1,E
28675,71349,71350,1,W
28676,71354,71354,0,E
28658,71308,71356,48,N
28654,71297,71356,59,S
28665,71327,71358,31,N
28659,71309,71358,49,S
28674,71346,71360,14,N
28663,71321,71360,39,S
28668,71333,71362,29,S
28672,71345,71364,19,S
28681,71365,71366,1,N
28678,71357,71366,9,S
28682,71369,71370,1,S
28686,71381,71382,1,S
28688,71384,71384,0,N
28692,71393,71394,1,S
28679,71363,71400,37,E
28677,71356,71400,44,W
28684,71372,71400,28,E
28680,71363,71400,37,W
28687,71381,71402,21,E
28683,71370,71402,32,W
28690,71390,71402,12,E
28685,71377,71402,25,W
28694,71399,71404,5,E
28689,71384,71404,20,W
28691,71391,71404,13,W
28693,71398,71406,8,W
28697,71405,71406,1,W
28698,71408,71408,0,E
28699,71412,71412,0,W
28701,71417,71418,1,E
28702,71419,71420,1,W
28704,71426,71426,0,E
28705,71426,71426,0,W
28707,71433,71434,1,W
28708,71435,71436,1,E
28709,71440,71440,0,W
28712,71444,71444,0,E
28713,71447,71448,1,W
28715,71453,71454,1,E
28716,71454,71454,0,W
28695,71403,71460,57,N
28696,71405,71460,55,S
28703,71422,71462,40,N
28700,71417,71462,45,S
28710,71441,71464,23,N
28706,71429,71464,35,S
28717,71460,71466,6,N
28711,71441,71466,25,S
28714,71453,71468,15,S
28720,71465,71470,5,S
28724,71477,71478,1,S
28725,71479,71480,1,N
28728,71489,71490,1,S
28732,71498,71498,0,N
28734,71501,71502,1,S
28719,71462,71506,44,E
28718,71461,71506,45,W
28722,71471,71506,35,E
28721,71468,71506,38,W
28726,71480,71508,28,E
28723,71475,71508,33,W
28729,71489,71508,19,E
28727,71482,71508,26,W
28733,71498,71510,12,E
28730,71489,71510,21,W
28736,71507,71510,3,E
28731,71496,71510,14,W
28735,71503,71512,9,W
28737,71510,71512,2,W
28739,71516,71516,0,E
28741,71517,71518,1,W
28742,71524,71524,0,W
28744,71525,71526,1,E
28745,71531,71532,1,W
28746,71534,71534,0,E
28749,71538,71538,0,W
28750,71543,71544,1,E
28751,71545,71546,1,W
28753,71552,71552,0,E
28754,71552,71552,0,W
28756,71559,71560,1,W
28758,71561,71562,1,E
28740,71517,71566,49,N
28738,71513,71566,53,S
28747,71536,71568,32,N
28743,71525,71568,43,S
28755,71555,71570,15,N
28748,71537,71570,33,S
28752,71549,71572,23,S
28763,71574,71574,0,N
28757,71561,71574,13,S
28761,71573,71576,3,S
28766,71585,71586,1,S
28769,71593,71594,1,N
28771,71597,71598,1,S
28760,71570,71610,40,E
28759,71566,71610,44,W
28764,71579,71610,31,E
28762,71573,71610,37,W
28768,71588,71612,24,E
28765,71580,71612,32,W
28772,71597,71612,15,E
28767,71587,71612,25,W
28774,71606,71614,8,E
28770,71594,71614,20,W
28773,71601,71614,13,W
28778,71615,71616,1,E
28775,71608,71616,8,W
28779,71615,71616,1,W
28781,71622,71622,0,W
28782,71624,71624,0,E
28783,71629,71630,1,W
28786,71633,71634,1,E
28787,71636,71636,0,W
28788,71642,71642,0,E
28789,71643,71644,1,W
28792,71650,71650,0,W
28793,71651,71652,1,E
28795,71657,71658,1,W
28796,71660,71660,0,E
28797,71664,71664,0,W
28777,71612,71670,58,N
28776,71609,71670,61,S
28784,71631,71672,41,N
28780,71621,71672,51,S
28791,71650,71674,24,N
28785,71633,71674,41,S
28798,71669,71676,7,N
28790,71645,71676,31,S
28794,71657,71678,21,S
28799,71669,71680,11,S
28804,71681,71682,1,S
28807,71688,71688,0,N
28809,71693,71694,1,S
28812,71705,71706,1,S
28815,71707,71708,1,N
28800,71669,71716,47,E
28801,71671,71716,45,W
28802,71678,71716,38,E
28803,71678,71716,38,W
28806,71687,71718,31,E
28805,71685,71718,33,W
28810,71696,71718,22,E
28808,71692,71718,26,W
28813,71705,71720,15,E
28811,71699,71720,21,W
28817,71714,71720,6,E
28814,71706,71720,14,W
28816,71713,71722,9,W
28819,71720,71722,2,W
28820,71723,71724,1,E
28822,71727,71728,1,W
28824,71732,71732,0,E
28825,71734,71734,0,W
28827,71741,71742,1,E
28828,71741,71742,1,W
28830,71748,71748,0,W
28831,71750,71750,0,E
28833,71755,71756,1,W
28834,71759,71760,1,E
28835,71762,71762,0,W
28838,71768,71768,0,E
28839,71769,71770,1,W
28821,71726,71776,50,N
28818,71717,71776,59,S
28829,71745,71778,33,N
28823,71729,71778,49,S
28836,71764,71780,16,N
28826,71741,71780,39,S
28832,71753,71782,29,S
28843,71783,71784,1,N
28837,71765,71784,19,S
28841,71777,71786,9,S
28846,71789,71790,1,S
28851,71802,71802,0,N
28850,71801,71802,1,S
28855,71813,71814,1,S
28842,71777,71820,43,E
28840,71776,71820,44,W
28845,71786,71820,34,E
28844,71783,71820,37,W
28848,71795,71822,27,E
28847,71790,71822,32,W
28852,71804,71822,18,E
28849,71797,71822,25,W
28856,71813,71824,11,E
28853,71804,71824,20,W
28859,71822,71824,2,E
28854,71811,71824,13,W
28857,71818,71826,8,W
28861,71825,71826,1,W
28862,71831,71832,1,E
28863,71832,71832,0,W
28867,71840,71840,0,E
28865,71839,71840,1,W
28868,71846,71846,0,W
28870,71849,71850,1,E
28871,71853,71854,1,W
28872,71858,71858,0,E
28874,71860,71860,0,W
28876,71867,71868,1,E
28877,71867,71868,1,W
28879,71874,71874,0,W
28880,71876,71876,0,E
28858,71821,71880,59,N
28860,71825,71880,55,S
28866,71840,71882,42,N
28864,71837,71882,45,S
28873,71859,71884,25,N
28869,71849,71884,35,S
28881,71878,71886,8,N
28875,71861,71886,25,S
28878,71873,71888,15,S
28883,71885,71890,5,S
28888,71897,71898,1,N
28889,71897,71898,1,S
28892,71909,71910,1,S
28895,71916,71916,0,N
28897,71921,71922,1,S
28884,71885,71926,41,E
28882,71881,71926,45,W
28886,71894,71926,32,E
28885,71888,71926,38,W
28891,71903,71928,25,E
28887,71895,71928,33,W
28894,71912,71928,16,E
28890,71902,71928,26,W
28898,71921,71930,9,E
28893,71909,71930,21,W
28900,71930,71930,0,E
28896,71916,71930,14,W
28899,71923,71932,9,W
28901,71930,71932,2,W
28904,71937,71938,1,W
28905,71939,71940,1,E
28906,71944,71944,0,W
28908,71948,71948,0,E
28909,71951,71952,1,W
28912,71957,71958,1,E
28913,71958,71958,0,W
28915,71966,71966,0,E
28914,71965,71966,1,W
28917,71972,71972,0,W
28919,71975,71976,1,E
28920,71979,71980,1,W
28922,71984,71984,0,E
28903,71935,71986,51,N
28902,71933,71986,53,S
28910,71954,71988,34,N
28907,71945,71988,43,S
28918,71973,71990,17,N
28911,71957,71990,33,S
28924,71992,71992,0,N
28916,71969,71992,23,S
28921,71981,71994,13,S
28925,71993,71996,3,S
28930,72005,72006,1,S
28932,72011,72012,1,N
28935,72021,72022,1,S
28926,71993,72030,37,E
28923,71986,72030,44,W
28929,72002,72030,28,E
28927,71993,72030,37,W
28933,72013,72032,19,E
28928,72000,72032,32,W
28936,72024,72032,8,E
28931,72009,72032,23,W
28934,72018,72034,16,W
28937,72027,72034,7,W
28939,72035,72036,1,E
28940,72036,72036,0,W
28943,72046,72046,0,E
28942,72045,72046,1,W
28945,72054,72054,0,W
28946,72057,72058,1,E
28948,72063,72064,1,W
28949,72068,72068,0,E
28951,72072,72072,0,W
28952,72079,72080,1,E
28953,72081,72082,1,W
28938,72035,72090,55,N
28941,72037,72090,53,S
28947,72059,72092,33,N
28944,72053,72092,39,S
28954,72083,72094,11,N
28950,72069,72094,25,S
28955,72085,72096,11,S
28959,72101,72102,1,S
28961,72107,72108,1,N
28964,72117,72118,1,S
28968,72131,72132,1,N
28969,72133,72134,1,S
28956,72090,72136,46,E
28957,72090,72136,46,W
28960,72101,72136,35,E
28958,72099,72136,37,W
28963,72112,72138,26,E
28962,72108,72138,30,W
28966,72123,72138,15,E
28965,72117,72138,21,W
28970,72134,72140,6,E
28967,72126,72140,14,W
28971,72135,72140,5,W
28972,72144,72144,0,W
28973,72145,72146,1,E
28975,72153,72154,1,W
28977,72156,72156,0,E
28978,72162,72162,0,W
28980,72167,72168,1,E
28981,72171,72172,1,W
28982,72178,72178,0,E
28984,72180,72180,0,W
28986,72189,72190,1,E
28987,72189,72190,1,W
28976,72155,72196,41,N
28974,72149,72196,47,S
28983,72179,72198,19,N
28979,72165,72198,33,S
28985,72181,72200,19,S
28988,72197,72202,5,S
28991,72203,72204,1,N
28994,72213,72214,1,S
28998,72227,72228,1,N
28999,72229,72230,1,S
28990,72200,72240,40,E
28989,72198,72240,42,W
28993,72211,72240,29,E
28992,72207,72240,33,W
28996,72222,72242,20,E
28995,72216,72242,26,W
29000,72233,72242,9,E
28997,72225,72242,17,W
29003,72244,72244,0,E
29001,72234,72244,10,W
29002,72243,72244,1,W
29006,72252,72252,0,W
29007,72255,72256,1,E
29009,72261,72262,1,W
29010,72266,72266,0,E
29011,72270,72270,0,W
29014,72277,72278,1,E
29015,72279,72280,1,W
29016,72288,72288,0,E
29017,72288,72288,0,W
29019,72297,72298,1,W
29005,72251,72300,49,N
29004,72245,72300,55,S
29012,72275,72302,27,N
29008,72261,72302,41,S
29020,72299,72304,5,N
29013,72277,72304,27,S
29018,72293,72306,13,S
29023,72309,72310,1,S
29027,72323,72324,1,N
29029,72325,72326,1,S
29032,72341,72342,1,S
29021,72299,72346,47,E
29022,72306,72346,40,W
29024,72310,72346,36,E
29025,72315,72346,31,W
29026,72321,72348,27,E
29028,72324,72348,24,W
29030,72332,72348,16,E
29031,72333,72348,15,W
29034,72343,72350,7,E
29033,72342,72350,8,W
29036,72351,72352,1,W
29037,72354,72354,0,E
29039,72360,72360,0,W
29040,72365,72366,1,E
29041,72369,72370,1,W
29044,72376,72376,0,E
29045,72378,72378,0,W
29046,72387,72388,1,E
29047,72387,72388,1,W
29050,72396,72396,0,W
29051,72398,72398,0,E
29035,72347,72406,59,N
29038,72357,72406,49,S
29042,72371,72408,37,N
29043,72373,72408,35,S
29049,72395,72410,15,N
29048,72389,72410,21,S
29052,72405,72412,7,S
29056,72419,72420,1,N
29058,72421,72422,1,S
29062,72437,72438,1,S
29065,72443,72444,1,N
29054,72409,72450,41,E
29053,72405,72450,45,W
29057,72420,72450,30,E
29055,72414,72450,36,W
29060,72431,72452,21,E
29059,72423,72452,29,W
29064,72442,72452,10,E
29061,72432,72452,20,W
29068,72453,72454,1,E
29063,72441,72454,13,W
29066,72450,72454,4,W
29069,72459,72460,1,W
29070,72464,72464,0,E
29072,72468,72468,0,W
29074,72475,72476,1,E
29075,72477,72478,1,W
29077,72486,72486,0,E
29078,72486,72486,0,W
29080,72495,72496,1,W
29081,72497,72498,1,E
29083,72504,72504,0,W
29084,72508,72508,0,E
29071,72467,72510,43,N
29067,72453,72510,57,S
29079,72491,72512,21,N
29073,72469,72512,43,S
29076,72485,72514,29,S
29086,72515,72516,1,N
29082,72501,72516,15,S
29087,72517,72518,1,S
29092,72533,72534,1,S
29093,72539,72540,1,N
29096,72549,72550,1,S
29088,72519,72556,37,E
29085,72513,72556,43,W
29090,72530,72556,26,E
29089,72522,72556,34,W
29095,72541,72558,17,E
29091,72531,72558,27,W
29098,72552,72558,6,E
29094,72540,72558,18,W
29097,72549,72560,11,W
29099,72558,72560,2,W
29101,72563,72564,1,E
29103,72567,72568,1,W
29104,72574,72574,0,E
29105,72576,72576,0,W
29107,72585,72586,1,E
29108,72585,72586,1,W
29110,72594,72594,0,W
29111,72596,72596,0,E
29113,72603,72604,1,W
29114,72607,72608,1,E
29116,72612,72612,0,W
29100,72563,72616,53,N
29102,72565,72616,51,S
29109,72587,72618,31,N
29106,72581,72618,37,S
29115,72611,72620,9,N
29112,72597,72620,23,S
29117,72613,72622,9,S
29120,72629,72630,1,S
29123,72635,72636,1,N
29126,72645,72646,1,S
29118,72618,72660,42,E
29119,72621,72660,39,W
29121,72629,72660,31,E
29122,72630,72660,30,W
29125,72640,72662,22,E
29124,72639,72662,23,W
29128,72651,72662,11,E
29127,72648,72662,14,W
29132,72662,72664,2,E
29129,72657,72664,7,W
29133,72666,72666,0,W
29134,72673,72674,1,E
29135,72675,72676,1,W
29138,72684,72684,0,E
29139,72684,72684,0,W
29141,72693,72694,1,W
29142,72695,72696,1,E
29143,72702,72702,0,W
29144,72706,72706,0,E
29147,72711,72712,1,W
29148,72717,72718,1,E
29130,72659,72720,61,N
29131,72661,72720,59,S
29137,72683,72722,39,N
29136,72677,72722,45,S
29145,72707,72724,17,N
29140,72693,72724,31,S
29146,72709,72726,17,S
29150,72725,72728,3,S
29153,72731,72732,1,N
29156,72741,72742,1,S
29159,72755,72756,1,N
29161,72757,72758,1,S
29151,72728,72766,38,E
29149,72720,72766,46,W
29155,72739,72766,27,E
29152,72729,72766,37,W
29158,72750,72768,18,E
29154,72738,72768,30,W
29162,72761,72768,7,E
29157,72747,72768,21,W
29160,72756,72770,14,W
29163,72765,72770,5,W
29164,72772,72772,0,E
29166,72774,72774,0,W
29168,72783,72784,1,E
29169,72783,72784,1,W
29171,72792,72792,0,W
29172,72794,72794,0,E
29173,72801,72802,1,W
29176,72805,72806,1,E
29177,72810,72810,0,W
29178,72816,72816,0,E
29179,72819,72820,1,W
29167,72779,72826,47,N
29165,72773,72826,53,S
29174,72803,72828,25,N
29170,72789,72828,39,S
29181,72827,72830,3,N
29175,72805,72830,25,S
29180,72821,72832,11,S
29184,72837,72838,1,S
29189,72851,72852,1,N
29190,72853,72854,1,S
29182,72827,72870,43,E
29183,72828,72870,42,W
29186,72838,72870,32,E
29185,72837,72870,33,W
29188,72849,72872,23,E
29187,72846,72872,26,W
29192,72860,72872,12,E
29191,72855,72872,17,W
29195,72871,72874,3,E
29193,72864,72874,10,W
29196,72873,72874,1,W
29198,72882,72882,0,E
29199,72882,72882,0,W
29201,72891,72892,1,W
29202,72893,72894,1,E
29204,72900,72900,0,W
29206,72904,72904,0,E
29207,72909,72910,1,W
29208,72915,72916,1,E
29210,72918,72918,0,W
29212,72926,72926,0,E
29213,72927,72928,1,W
29197,72875,72930,55,N
29194,72869,72930,61,S
29203,72899,72932,33,N
29200,72885,72932,47,S
29211,72923,72934,11,N
29205,72901,72934,33,S
29209,72917,72936,19,S
29214,72933,72938,5,S
29218,72947,72948,1,N
29220,72949,72950,1,S
29224,72965,72966,1,S
29226,72971,72972,1,N
29216,72937,72976,39,E
29215,72936,72976,40,W
29219,72948,72976,28,E
29217,72945,72976,31,W
29222,72959,72978,19,E
29221,72954,72978,24,W
29225,72970,72978,8,E
29223,72963,72978,15,W
29227,72972,72980,8,W
29229,72981,72982,1,E
29230,72981,72982,1,W
29231,72990,72990,0,W
29232,72992,72992,0,E
29235,72999,73000,1,W
29236,73003,73004,1,E
29237,73008,73008,0,W
29239,73014,73014,0,E
29240,73017,73018,1,W
29242,73025,73026,1,E
29243,73026,73026,0,W
29233,72995,73036,41,N
29228,72981,73036,55,S
29241,73019,73038,19,N
29234,72997,73038,41,S
29238,73013,73040,27,S
29244,73029,73042,13,S
29247,73043,73044,1,N
29249,73045,73046,1,S
29253,73061,73062,1,S
29255,73067,73068,1,N
29258,73077,73078,1,S
29246,73036,73080,44,E
29245,73035,73080,45,W
29250,73047,73080,33,E
29248,73044,73080,36,W
29252,73058,73082,24,E
29251,73053,73082,29,W
29256,73069,73082,13,E
29254,73062,73082,20,W
29259,73080,73084,4,E
29257,73071,73084,13,W
29260,73080,73084,4,W
29261,73089,73090,1,W
29263,73091,73092,1,E
29265,73098,73098,0,W
29266,73102,73102,0,E
29267,73107,73108,1,W
29269,73113,73114,1,E
29271,73116,73116,0,W
29272,73124,73124,0,E
29274,73125,73126,1,W
29275,73134,73134,0,W
29276,73135,73136,1,E
29262,73091,73140,49,N
29264,73093,73140,47,S
29270,73115,73142,27,N
29268,73109,73142,33,S
29277,73139,73144,5,N
29273,73125,73144,19,S
29278,73141,73146,5,S
29282,73157,73158,1,S
29285,73163,73164,1,N
29288,73173,73174,1,S
29280,73146,73186,40,E
29279,73143,73186,43,W
29283,73157,73186,29,E
29281,73152,73186,34,W
29286,73168,73188,20,E
29284,73161,73188,27,W
29289,73179,73188,9,E
29287,73170,73188,18,W
29294,73190,73190,0,E
29290,73179,73190,11,W
29292,73188,73190,2,W
29295,73197,73198,1,W
29296,73201,73202,1,E
29298,73206,73206,0,W
29300,73212,73212,0,E
29301,73215,73216,1,W
29303,73223,73224,1,E
29304,73224,73224,0,W
29306,73234,73234,0,E
29305,73233,73234,1,W
29309,73242,73242,0,W
29291,73187,73246,59,N
29293,73189,73246,57,S
29299,73211,73248,37,N
29297,73205,73248,43,S
29307,73235,73250,15,N
29302,73221,73250,29,S
29308,73237,73252,15,S
29312,73253,73254,1,S
29314,73259,73260,1,N
29317,73269,73270,1,S
29321,73283,73284,1,N
29322,73285,73286,1,S
29310,73245,73290,45,E
29311,73251,73290,39,W
29313,73256,73290,34,E
29315,73260,73290,30,W
29316,73267,73292,25,E
29318,73269,73292,23,W
29319,73278,73292,14,E
29320,73278,73292,14,W
29324,73289,73294,5,E
29323,73287,73294,7,W
29325,73296,73296,0,W
29326,73300,73300,0,E
29328,73305,73306,1,W
29330,73311,73312,1,E
29331,73314,73314,0,W
29333,73322,73322,0,E
29334,73323,73324,1,W
29336,73332,73332,0,W
29338,73333,73334,1,E
29339,73341,73342,1,W
29340,73344,73344,0,E
29329,73307,73350,43,N
29327,73301,73350,49,S
29335,73331,73352,21,N
29332,73317,73352,35,S
29337,73333,73354,21,S
29343,73355,73356,1,N
29341,73349,73356,7,S
29346,73365,73366,1,S
29351,73379,73380,1,N
29352,73381,73382,1,S
29344,73355,73396,41,E
29342,73350,73396,46,W
29347,73366,73396,30,E
29345,73359,73396,37,W
29349,73377,73398,21,E
29348,73368,73398,30,W
29354,73388,73398,10,E
29350,73377,73398,21,W
29357,73399,73400,1,E
29353,73386,73400,14,W
29355,73395,73400,5,W
29359,73404,73404,0,W
29360,73410,73410,0,E
29362,73413,73414,1,W
29363,73421,73422,1,E
29364,73422,73422,0,W
29368,73432,73432,0,E
29367,73431,73432,1,W
29369,73440,73440,0,W
29370,73443,73444,1,E
29372,73449,73450,1,W
29374,73454,73454,0,E
29358,73403,73456,53,N
29356,73397,73456,59,S
29365,73427,73458,31,N
29361,73413,73458,45,S
29373,73451,73460,9,N
29366,73429,73460,31,S
29371,73445,73462,17,S
29376,73461,73464,3,S
29379,73475,73476,1,N
29382,73477,73478,1,S
29385,73493,73494,1,S
29377,73465,73500,35,E
29375,73458,73500,42,W
29380,73476,73500,24,E
29378,73467,73500,33,W
29384,73487,73502,15,E
29381,73476,73502,26,W
29387,73498,73502,4,E
29383,73485,73502,17,W
29386,73494,73504,10,W
29389,73503,73504,1,W
29391,73509,73510,1,E
29392,73512,73512,0,W
29393,73520,73520,0,E
29394,73521,73522,1,W
29397,73530,73530,0,W
29398,73531,73532,1,E
29399,73539,73540,1,W
29401,73542,73542,0,E
29403,73548,73548,0,W
29404,73553,73554,1,E
29406,73557,73558,1,W
29388,73499,73560,61,N
29390,73509,73560,51,S
29395,73523,73562,39,N
29396,73525,73562,37,S
29402,73547,73564,17,N
29400,73541,73564,23,S
29405,73557,73566,9,S
29409,73571,73572,1,N
29410,73573,73574,1,S
29415,73589,73590,1,S
29417,73595,73596,1,N
29407,73564,73606,42,E
29408,73566,73606,40,W
29411,73575,73606,31,E
29412,73575,73606,31,W
29414,73586,73608,22,E
29413,73584,73608,24,W
29418,73597,73608,11,E
29416,73593,73608,15,W
29421,73608,73610,2,E
29419,73602,73610,8,W
29422,73611,73612,1,W
29424,73619,73620,1,E
29425,73620,73620,0,W
29428,73630,73630,0,E
29427,73629,73630,1,W
29430,73638,73638,0,W
29431,73641,73642,1,E
29433,73647,73648,1,W
29434,73652,73652,0,E
29436,73656,73656,0,W
29437,73663,73664,1,E
29423,73619,73666,47,N
29420,73605,73666,61,S
29432,73643,73668,25,N
29426,73621,73668,47,S
29439,73667,73670,3,N
29429,73637,73670,33,S
29435,73653,73672,19,S
29440,73669,73674,5,S
29444,73685,73686,1,S
29446,73691,73692,1,N
29449,73701,73702,1,S
29441,73674,73710,36,E
29438,73665,73710,45,W
29445,73685,73710,25,E
29442,73674,73710,36,W
29448,73696,73712,16,E
29443,73683,73712,29,W
29451,73707,73712,5,E
29447,73692,73712,20,W
29450,73701,73714,13,W
29452,73710,73714,4,W
29455,73718,73718,0,E
29456,73719,73720,1,W
29457,73728,73728,0,W
29458,73729,73730,1,E
29460,73737,73738,1,W
29462,73740,73740,0,E
29463,73746,73746,0,W
29465,73751,73752,1,E
29466,73755,73756,1,W
29467,73762,73762,0,E
29469,73764,73764,0,W
29453,73715,73770,55,N
29454,73717,73770,53,S
29461,73739,73772,33,N
29459,73733,73772,39,S
29468,73763,73774,11,N
29464,73749,73774,25,S
29470,73765,73776,11,S
29473,73781,73782,1,S
29476,73787,73788,1,N
29479,73797,73798,1,S
29483,73811,73812,1,N
29484,73813,73814,1,S
29471,73773,73816,43,E
29472,73773,73816,43,W
29475,73784,73816,32,E
29474,73782,73816,34,W
29478,73795,73818,23,E
29477,73791,73818,27,W
29481,73806,73818,12,E
29480,73800,73818,18,W
29485,73817,73820,3,E
29482,73809,73820,11,W
29486,73818,73820,2,W
29488,73828,73828,0,E
29487,73827,73828,1,W
29491,73836,73836,0,W
29492,73839,73840,1,E
29494,73845,73846,1,W
29495,73850,73850,0,E
29496,73854,73854,0,W
29499,73861,73862,1,E
29500,73863,73864,1,W
29501,73872,73872,0,E
29502,73872,73872,0,W
29490,73835,73876,41,N
29489,73829,73876,47,S
29497,73859,73878,19,N
29493,73845,73878,33,S
29498,73861,73880,19,S
29503,73877,73882,5,S
29505,73883,73884,1,N
29508,73893,73894,1,S
29512,73907,73908,1,N
29514,73909,73910,1,S
29506,73883,73920,37,E
29504,73881,73920,39,W
29509,73894,73920,26,E
29507,73890,73920,30,W
29511,73905,73922,17,E
29510,73899,73922,23,W
29515,73916,73922,6,E
29513,73908,73922,14,W
29516,73917,73924,7,W
29518,73926,73926,0,W
29519,73927,73928,1,E
29521,73935,73936,1,W
29522,73938,73938,0,E
29524,73944,73944,0,W
29525,73949,73950,1,E
29526,73953,73954,1,W
29529,73960,73960,0,E
29530,73962,73962,0,W
29531,73971,73972,1,E
29532,73971,73972,1,W
29520,73931,73980,49,N
29517,73925,73980,55,S
29527,73955,73982,27,N
29523,73941,73982,41,S
29534,73979,73984,5,N
29528,73957,73984,27,S
29533,73973,73986,13,S
29537,73989,73990,1,S
29541,74003,74004,1,N
29543,74005,74006,1,S
29547,74021,74022,1,S
29536,73982,74026,44,E
29535,73980,74026,46,W
29539,73993,74026,33,E
29538,73989,74026,37,W
29542,74004,74028,24,E
29540,73998,74028,30,W
29545,74015,74028,13,E
29544,74007,74028,21,W
29549,74026,74030,4,E
29546,74016,74030,14,W
29548,74025,74030,5,W
29551,74034,74034,0,W
29553,74037,74038,1,E
29554,74043,74044,1,W
29555,74048,74048,0,E
29557,74052,74052,0,W
29559,74059,74060,1,E
29560,74061,74062,1,W
29562,74070,74070,0,E
29563,74070,74070,0,W
29565,74079,74080,1,W
29566,74081,74082,1,E
29550,74027,74086,59,N
29552,74037,74086,49,S
29556,74051,74088,37,N
29558,74053,74088,35,S
29564,74075,74090,15,N
29561,74069,74090,21,S
29567,74085,74092,7,S
29571,74099,74100,1,N
29572,74101,74102,1,S
29577,74117,74118,1,S
29578,74123,74124,1,N
29569,74092,74130,38,E
29568,74088,74130,42,W
29573,74103,74130,27,E
29570,74097,74130,33,W
29575,74114,74132,18,E
29574,74106,74132,26,W
29580,74125,74132,7,E
29576,74115,74132,17,W
29579,74124,74134,10,W
29582,74133,74134,1,W
29583,74136,74136,0,E
29584,74142,74142,0,W
29586,74147,74148,1,E
29588,74151,74152,1,W
29589,74158,74158,0,E
29590,74160,74160,0,W
29592,74169,74170,1,E
29593,74169,74170,1,W
29595,74178,74178,0,W
29596,74180,74180,0,E
29598,74187,74188,1,W
29585,74147,74190,43,N
29581,74133,74190,57,S
29594,74171,74192,21,N
29587,74149,74192,43,S
29591,74165,74194,29,S
29600,74195,74196,1,N
29597,74181,74196,15,S
29602,74197,74198,1,S
29605,74213,74214,1,S
29608,74219,74220,1,N
29611,74229,74230,1,S
29599,74191,74236,45,E
29601,74196,74236,40,W
29603,74202,74236,34,E
29604,74205,74236,31,W
29606,74213,74238,25,E
29607,74214,74238,24,W
29610,74224,74238,14,E
29609,74223,74238,15,W
29613,74235,74240,5,E
29612,74232,74240,8,W
29614,74241,74242,1,W
29617,74246,74246,0,E
29618,74250,74250,0,W
29619,74257,74258,1,E
29620,74259,74260,1,W
29623,74268,74268,0,E
29624,74268,74268,0,W
29626,74277,74278,1,W
29627,74279,74280,1,E
29628,74286,74286,0,W
29629,74290,74290,0,E
29615,74243,74296,53,N
29616,74245,74296,51,S
29622,74267,74298,31,N
29621,74261,74298,37,S
29630,74291,74300,9,N
29625,74277,74300,23,S
29631,74293,74302,9,S
29635,74309,74310,1,S
29638,74315,74316,1,N
29641,74325,74326,1,S
29633,74301,74340,39,E
29632,74295,74340,45,W
29636,74312,74340,28,E
29634,74304,74340,36,W
29640,74323,74342,19,E
29637,74313,74342,29,W
29643,74334,74342,8,E
29639,74322,74342,20,W
29642,74331,74344,13,W
29645,74340,74344,4,W
29647,74345,74346,1,E
29648,74349,74350,1,W
29649,74356,74356,0,E
29651,74358,74358,0,W
29653,74367,74368,1,E
29654,74367,74368,1,W
29656,74376,74376,0,W
29657,74378,74378,0,E
29658,74385,74386,1,W
29661,74389,74390,1,E
29662,74394,74394,0,W
29644,74339,74400,61,N
29646,74341,74400,59,S
29652,74363,74402,39,N
29650,74357,74402,45,S
29659,74387,74404,17,N
29655,74373,74404,31,S
29660,74389,74406,17,S
29665,74405,74408,3,S
29666,74411,74412,1,N
29669,74421,74422,1,S
29674,74435,74436,1,N
29675,74437,74438,1,S
29663,74400,74446,46,E
29664,74403,74446,43,W
29667,74411,74446,35,E
29668,74412,74446,34,W
29671,74422,74448,26,E
29670,74421,74448,27,W
29673,74433,74448,15,E
29672,74430,74448,18,W
29677,74444,74450,6,E
29676,74439,74450,11,W
29678,74448,74450,2,W
29680,74455,74456,1,E
29681,74457,74458,1,W
29683,74466,74466,0,E
29684,74466,74466,0,W
29686,74475,74476,1,W
29687,74477,74478,1,E
29689,74484,74484,0,W
29691,74488,74488,0,E
29692,74493,74494,1,W
29693,74499,74500,1,E
29695,74502,74502,0,W
29682,74459,74506,47,N
29679,74453,74506,53,S
29688,74483,74508,25,N
29685,74469,74508,39,S
29696,74507,74510,3,N
29690,74485,74510,25,S
29694,74501,74512,11,S
29699,74517,74518,1,S
29703,74531,74532,1,N
29705,74533,74534,1,S
29697,74510,74550,40,E
29698,74511,74550,39,W
29701,74521,74550,29,E
29700,74520,74550,30,W
29704,74532,74552,20,E
29702,74529,74552,23,W
29707,74543,74552,9,E
29706,74538,74552,14,W
29710,74554,74554,0,E
29708,74547,74554,7,W
29712,74556,74556,0,W
29714,74565,74566,1,E
29715,74565,74566,1,W
29716,74574,74574,0,W
29717,74576,74576,0,E
29720,74583,74584,1,W
29721,74587,74588,1,E
29722,74592,74592,0,W
29724,74598,74598,0,E
29725,74601,74602,1,W
29711,74555,74610,55,N
29709,74549,74610,61,S
29718,74579,74612,33,N
29713,74565,74612,47,S
29726,74603,74614,11,N
29719,74581,74614,33,S
29723,74597,74616,19,S
29729,74613,74618,5,S
29732,74627,74628,1,N
29734,74629,74630,1,S
29738,74645,74646,1,S
29740,74651,74652,1,N
29727,74609,74656,47,E
29728,74610,74656,46,W
29731,74620,74656,36,E
29730,74619,74656,37,W
29735,74631,74658,27,E
29733,74628,74658,30,W
29737,74642,74658,16,E
29736,74637,74658,21,W
29741,74653,74660,7,E
29739,74646,74660,14,W
29742,74655,74660,5,W
29744,74664,74664,0,E
29745,74664,74664,0,W
29746,74673,74674,1,W
29748,74675,74676,1,E
29750,74682,74682,0,W
29751,74686,74686,0,E
29752,74691,74692,1,W
29754,74697,74698,1,E
29756,74700,74700,0,W
29757,74708,74708,0,E
29759,74709,74710,1,W
29747,74675,74716,41,N
29743,74661,74716,55,S
29755,74699,74718,19,N
29749,74677,74718,41,S
29753,74693,74720,27,S
29758,74709,74722,13,S
29762,74723,74724,1,N
29763,74725,74726,1,S
29767,74741,74742,1,S
29770,74747,74748,1,N
29773,74757,74758,1,S
29761,74719,74760,41,E
29760,74718,74760,42,W
29765,74730,74760,30,E
29764,74727,74760,33,W
29768,74741,74762,21,E
29766,74736,74762,26,W
29771,74752,74762,10,E
29769,74745,74762,17,W
29774,74763,74764,1,E
29772,74754,74764,10,W
29775,74763,74764,1,W
29777,74772,74772,0,W
29779,74774,74774,0,E
29780,74781,74782,1,W
29781,74785,74786,1,E
29783,74790,74790,0,W
29785,74796,74796,0,E
29786,74799,74800,1,W
29788,74807,74808,1,E
29789,74808,74808,0,W
29791,74818,74818,0,E
29790,74817,74818,1,W
29776,74771,74820,49,N
29778,74773,74820,47,S
29784,74795,74822,27,N
29782,74789,74822,33,S
29792,74819,74824,5,N
29787,74805,74824,19,S
29793,74821,74826,5,S
29797,74837,74838,1,S
29799,74843,74844,1,N
29802,74853,74854,1,S
29795,74829,74866,37,E
29794,74826,74866,40,W
29798,74840,74866,26,E
29796,74835,74866,31,W
29801,74851,74868,17,E
29800,74844,74868,24,W
29804,74862,74868,6,E
29803,74853,74868,15,W
29805,74862,74870,8,W
29808,74871,74872,1,W
29809,74873,74874,1,E
29810,74880,74880,0,W
29811,74884,74884,0,E
29813,74889,74890,1,W
29815,74895,74896,1,E
29816,74898,74898,0,W
29818,74906,74906,0,E
29819,74907,74908,1,W
29821,74916,74916,0,W
29823,74917,74918,1,E
29806,74867,74926,59,N
29807,74869,74926,57,S
29814,74891,74928,37,N
29812,74885,74928,43,S
29820,74915,74930,15,N
29817,74901,74930,29,S
29822,74917,74932,15,S
29826,74933,74934,1,S
29828,74939,74940,1,N
29831,74949,74950,1,S
29836,74963,74964,1,N
29837,74965,74966,1,S
29825,74928,74970,42,E
29824,74925,74970,45,W
29829,74939,74970,31,E
29827,74934,74970,36,W
29832,74950,74972,22,E
29830,74943,74972,29,W
29834,74961,74972,11,E
29833,74952,74972,20,W
29839,74972,74974,2,E
29835,74961,74974,13,W
29838,74970,74974,4,W
29840,74979,74980,1,W
29842,74983,74984,1,E
29844,74988,74988,0,W
29845,74994,74994,0,E
29847,74997,74998,1,W
29848,75005,75006,1,E
29849,75006,75006,0,W
29853,75016,75016,0,E
29852,75015,75016,1,W
29854,75024,75024,0,W
29855,75027,75028,1,E
29843,74987,75030,43,N
29841,74981,75030,49,S
29850,75011,75032,21,N
29846,74997,75032,35,S
29851,75013,75034,21,S
29858,75035,75036,1,N
29856,75029,75036,7,S
29861,75045,75046,1,S
29864,75059,75060,1,N
29867,75061,75062,1,S
29859,75038,75076,38,E
29857,75033,75076,43,W
29862,75049,75076,27,E
29860,75042,75076,34,W
29865,75060,75078,18,E
29863,75051,75078,27,W
29869,75071,75078,7,E
29866,75060,75078,18,W
29868,75069,75080,11,W
29871,75078,75080,2,W
29872,75082,75082,0,E
29874,75087,75088,1,W
29876,75093,75094,1,E
29877,75096,75096,0,W
29878,75104,75104,0,E
29879,75105,75106,1,W
29882,75114,75114,0,W
29883,75115,75116,1,E
29884,75123,75124,1,W
29886,75126,75126,0,E
29888,75132,75132,0,W
29873,75083,75136,53,N
29870,75077,75136,59,S
29880,75107,75138,31,N
29875,75093,75138,45,S
29887,75131,75140,9,N
29881,75109,75140,31,S
29885,75125,75142,17,S
29890,75141,75144,3,S
29894,75155,75156,1,N
29895,75157,75158,1,S
29900,75173,75174,1,S
29889,75137,75180,43,E
29891,75141,75180,39,W
29892,75148,75180,32,E
29893,75150,75180,30,W
29896,75159,75182,23,E
29897,75159,75182,23,W
29899,75170,75182,12,E
29898,75168,75182,14,W
29903,75181,75184,3,E
29901,75177,75184,7,W
29904,75186,75186,0,W
29906,75192,75192,0,E
29907,75195,75196,1,W
29909,75203,75204,1,E
29910,75204,75204,0,W
29913,75214,75214,0,E
29912,75213,75214,1,W
29915,75222,75222,0,W
29916,75225,75226,1,E
29918,75231,75232,1,W
29919,75236,75236,0,E
29902,75179,75240,61,N
29905,75189,75240,51,S
29908,75203,75242,39,N
29911,75205,75242,37,S
29917,75227,75244,17,N
29914,75221,75244,23,S
29920,75237,75246,9,S
29924,75251,75252,1,N
29925,75253,75254,1,S
29929,75269,75270,1,S
29931,75275,75276,1,N
29922,75247,75286,39,E
29921,75240,75286,46,W
29926,75258,75286,28,E
29923,75249,75286,37,W
29930,75269,75288,19,E
29927,75258,75288,30,W
29933,75280,75288,8,E
29928,75267,75288,21,W
29932,75276,75290,14,W
29935,75285,75290,5,W
29936,75291,75292,1,E
29937,75294,75294,0,W
29940,75302,75302,0,E
29941,75303,75304,1,W
29942,75312,75312,0,W
29943,75313,75314,1,E
29945,75321,75322,1,W
29947,75324,75324,0,E
29948,75330,75330,0,W
29950,75335,75336,1,E
29951,75339,75340,1,W
29938,75299,75346,47,N
29934,75285,75346,61,S
29946,75323,75348,25,N
29939,75301,75348,47,S
29953,75347,75350,3,N
29944,75317,75350,33,S
29949,75333,75352,19,S
29955,75349,75354,5,S
29958,75365,75366,1,S
29961,75371,75372,1,N
29964,75381,75382,1,S
29952,75346,75390,44,E
29954,75348,75390,42,W
29956,75357,75390,33,E
29957,75357,75390,33,W
29960,75368,75392,24,E
29959,75366,75392,26,W
29963,75379,75392,13,E
29962,75375,75392,17,W
29966,75390,75394,4,E
29965,75384,75394,10,W
29967,75393,75394,1,W
29970,75401,75402,1,E
29971,75402,75402,0,W
29973,75412,75412,0,E
29972,75411,75412,1,W
29976,75420,75420,0,W
29977,75423,75424,1,E
29979,75429,75430,1,W
29980,75434,75434,0,E
29981,75438,75438,0,W
29984,75445,75446,1,E
29985,75447,75448,1,W
29968,75395,75450,55,N
29969,75397,75450,53,S
29975,75419,75452,33,N
29974,75413,75452,39,S
29982,75443,75454,11,N
29978,75429,75454,25,S
29983,75445,75456,11,S
29988,75461,75462,1,S
29990,75467,75468,1,N
29993,75477,75478,1,S
29997,75491,75492,1,N
29999,75493,75494,1,S
29986,75456,75496,40,E
29987,75456,75496,40,W
29991,75467,75496,29,E
29989,75465,75496,31,W
29994,75478,75498,20,E
29992,75474,75498,24,W
29996,75489,75498,9,E
29995,75483,75498,15,W
30000,75500,75500,0,E
29998,75492,75500,8,W
30001,75501,75502,1,W
30003,75510,75510,0,W
30004,75511,75512,1,E
30006,75519,75520,1,W
30007,75522,75522,0,E
30009,75528,75528,0,W
30010,75533,75534,1,E
30011,75537,75538,1,W
30014,75544,75544,0,E
30015,75546,75546,0,W
30005,75515,75556,41,N
30002,75509,75556,47,S
30012,75539,75558,19,N
30008,75525,75558,33,S
30013,75541,75560,19,S
30018,75557,75562,5,S
30019,75563,75564,1,N
30022,75573,75574,1,S
30026,75587,75588,1,N
30028,75589,75590,1,S
30016,75555,75600,45,E
30017,75555,75600,45,W
30021,75566,75600,34,E
30020,75564,75600,36,W
30024,75577,75602,25,E
30023,75573,75602,29,W
30027,75588,75602,14,E
30025,75582,75602,20,W
30030,75599,75604,5,E
30029,75591,75604,13,W
30031,75600,75604,4,W
30033,75610,75610,0,E
30035,75611,75612,1,W
30036,75622,75622,0,W
30038,75624,75624,0,E
30039,75633,75634,1,W
30040,75638,75638,0,E
30043,75644,75644,0,W
30044,75652,75652,0,E
30045,75655,75656,1,W
30034,75611,75660,49,N
30032,75605,75660,55,S
30041,75640,75662,22,N
30037,75624,75662,38,S
30042,75643,75664,21,S
30046,75662,75666,4,S
30049,75669,75670,1,N
30052,75681,75682,1,S
30055,75698,75698,0,N
30057,75700,75700,0,S
30047,75666,75706,40,E
30048,75666,75706,40,W
30051,75680,75706,26,E
30050,75677,75706,29,W
30054,75694,75708,14,E
30053,75688,75708,20,W
30058,75708,75708,0,E
30056,75699,75708,9,W
30059,75710,75710,0,W
30062,75722,75722,0,E
30061,75721,75722,1,W
30064,75732,75732,0,W
30065,75736,75736,0,E
30067,75743,75744,1,W
30068,75750,75750,0,E
30069,75754,75754,0,W
30072,75764,75764,0,E
30063,75727,75766,39,N
30060,75719,75766,47,S
30070,75756,75768,12,N
30066,75738,75768,30,S
30071,75757,75770,13,S
30074,75776,75776,0,S
30077,75785,75786,1,N
30080,75795,75796,1,S
30076,75778,75810,32,E
30073,75765,75810,45,W
30079,75792,75810,18,E
30075,75776,75810,34,W
30082,75806,75812,6,E
30078,75787,75812,25,W
30081,75798,75812,14,W
30083,75809,75814,5,W
30086,75820,75820,0,E
30087,75820,75820,0,W
30088,75831,75832,1,W
30090,75834,75834,0,E
30091,75842,75842,0,W
30093,75848,75848,0,E
30095,75853,75854,1,W
30096,75862,75862,0,E
30097,75864,75864,0,W
30084,75814,75870,56,N
30085,75814,75870,56,S
30092,75843,75872,29,N
30089,75833,75872,39,S
30099,75872,75874,2,N
30094,75852,75874,22,S
30098,75871,75876,5,S
30103,75890,75890,0,S
30106,75901,75902,1,N
30109,75909,75910,1,S
30101,75876,75916,40,E
30100,75875,75916,41,W
30104,75890,75916,26,E
30102,75886,75916,30,W
30107,75904,75918,14,E
30105,75897,75918,21,W
30110,75918,75918,0,E
30108,75908,75918,10,W
30111,75919,75920,1,W
30114,75930,75930,0,W
30115,75932,75932,0,E
30116,75941,75942,1,W
30117,75946,75946,0,E
30119,75952,75952,0,W
30121,75960,75960,0,E
30122,75963,75964,1,W
30124,75974,75974,0,E
30125,75974,75974,0,W
30113,75930,75976,46,N
30112,75928,75976,48,S
30120,75959,75978,19,N
30118,75947,75978,31,S
30123,75966,75980,14,S
30126,75985,75986,1,S
30128,75988,75988,0,N
30132,76004,76004,0,S
30135,76017,76018,1,N
30129,75988,76020,32,E
30127,75985,76020,35,W
30131,76002,76020,18,E
30130,75996,76020,24,W
30134,76016,76022,6,E
30133,76007,76022,15,W
30136,76018,76022,4,W
30139,76030,76030,0,E
30138,76029,76030,1,W
30140,76040,76040,0,W
30142,76044,76044,0,E
30144,76051,76052,1,W
30145,76058,76058,0,E
30147,76062,76062,0,W
30148,76072,76072,0,E
30149,76073,76074,1,W
30143,76046,76080,34,N
30137,76023,76080,57,S
30150,76075,76082,7,N
30141,76042,76082,40,S
30146,76061,76084,23,S
30151,76080,76086,6,S
30155,76099,76100,1,S
30157,76104,76104,0,N
30161,76118,76118,0,S
30153,76086,76126,40,E
30152,76084,76126,42,W
30156,76100,76126,26,E
30154,76095,76126,31,W
30159,76114,76128,14,E
30158,76106,76128,22,W
30162,76128,76128,0,E
30160,76117,76128,11,W
30163,76128,76130,2,W
30166,76139,76140,1,W
30167,76142,76142,0,E
30168,76150,76150,0,W
30170,76156,76156,0,E
30171,76161,76162,1,W
30173,76170,76170,0,E
30174,76172,76172,0,W
30177,76184,76184,0,E
30176,76183,76184,1,W
30164,76133,76186,53,N
30165,76137,76186,49,S
30172,76162,76188,26,N
30169,76156,76188,32,S
30175,76175,76190,15,S
30178,76191,76192,1,N
30179,76194,76194,0,S
30184,76213,76214,1,S
30186,76220,76220,0,N
30181,76198,76230,32,E
30180,76194,76230,36,W
30183,76212,76230,18,E
30182,76205,76230,25,W
30187,76226,76232,6,E
30185,76216,76232,16,W
30188,76227,76232,5,W
30190,76238,76238,0,W
30191,76240,76240,0,E
30193,76249,76250,1,W
30195,76254,76254,0,E
30196,76260,76260,0,W
30197,76268,76268,0,E
30199,76271,76272,1,W
30201,76282,76282,0,E
30202,76282,76282,0,W
30192,76249,76290,41,N
30189,76232,76290,58,S
30200,76278,76292,14,N
30194,76251,76292,41,S
30198,76270,76294,24,S
30203,76289,76296,7,S
30207,76307,76308,1,N
30208,76308,76308,0,S
30213,76327,76328,1,S
30205,76296,76336,40,E
30204,76293,76336,43,W
30209,76310,76336,26,E
30206,76304,76336,32,W
30211,76324,76338,14,E
30210,76315,76338,23,W
30216,76338,76338,0,E
30212,76326,76338,12,W
30215,76337,76340,3,W
30218,76348,76348,0,W
30219,76352,76352,0,E
30220,76359,76360,1,W
30223,76366,76366,0,E
30224,76370,76370,0,W
30225,76380,76380,0,E
30226,76381,76382,1,W
30228,76392,76392,0,W
30230,76394,76394,0,E
30214,76336,76396,60,N
30217,76346,76396,50,S
30221,76365,76398,33,N
30222,76365,76398,33,S
30229,76394,76400,6,N
30227,76384,76400,16,S
30231,76403,76404,1,S
30235,76422,76422,0,S
30237,76423,76424,1,N
30233,76408,76440,32,E
30232,76403,76440,37,W
30236,76422,76440,18,E
30234,76414,76440,26,W
30239,76436,76442,6,E
30238,76425,76442,17,W
30240,76436,76442,6,W
30242,76447,76448,1,W
30243,76450,76450,0,E
30245,76458,76458,0,W
30247,76464,76464,0,E
30248,76469,76470,1,W
30249,76478,76478,0,E
30251,76480,76480,0,W
30254,76492,76492,0,E
30253,76491,76492,1,W
30244,76452,76500,48,N
30241,76441,76500,59,S
30252,76481,76502,21,N
30246,76460,76502,42,S
30250,76479,76504,25,S
30255,76498,76506,8,S
30258,76510,76510,0,N
30260,76517,76518,1,S
30265,76536,76536,0,S
30266,76539,76540,1,N
30257,76506,76546,40,E
30256,76502,76546,44,W
30261,76520,76546,26,E
30259,76513,76546,33,W
30263,76534,76548,14,E
30262,76524,76548,24,W
30268,76548,76548,0,E
30264,76535,76548,13,W
30267,76546,76550,4,W
30270,76557,76558,1,W
30271,76562,76562,0,E
30273,76568,76568,0,W
30275,76576,76576,0,E
30276,76579,76580,1,W
30277,76590,76590,0,E
30278,76590,76590,0,W
30281,76601,76602,1,W
30282,76604,76604,0,E
30272,76568,76606,38,N
30269,76555,76606,51,S
30280,76597,76608,11,N
30274,76574,76608,34,S
30279,76593,76610,17,S
30283,76612,76612,0,S
30287,76626,76626,0,N
30288,76631,76632,1,S
30285,76618,76650,32,E
30284,76612,76650,38,W
30289,76632,76650,18,E
30286,76623,76650,27,W
30292,76646,76652,6,E
30290,76634,76652,18,W
30291,76645,76652,7,W
30295,76656,76656,0,W
30296,76660,76660,0,E
30297,76667,76668,1,W
30299,76674,76674,0,E
30300,76678,76678,0,W
30303,76688,76688,0,E
30304,76689,76690,1,W
30305,76700,76700,0,W
30306,76702,76702,0,E
30294,76655,76710,55,N
30293,76650,76710,60,S
30301,76684,76712,28,N
30298,76669,76712,43,S
30309,76713,76714,1,N
30302,76688,76714,26,S
30307,76707,76716,9,S
30312,76726,76726,0,S
30315,76742,76742,0,N
30318,76745,76746,1,S
30310,76716,76756,40,E
30308,76711,76756,45,W
30313,76730,76756,26,E
30311,76722,76756,34,W
30316,76744,76758,14,E
30314,76733,76758,25,W
30320,76758,76758,0,E
30317,76744,76758,14,W
30319,76755,76760,5,W
30322,76766,76766,0,W
30324,76772,76772,0,E
30325,76777,76778,1,W
30327,76786,76786,0,E
30328,76788,76788,0,W
30331,76800,76800,0,E
30329,76799,76800,1,W
30333,76810,76810,0,W
30334,76814,76814,0,E
30323,76771,76816,45,N
30321,76764,76816,52,S
30330,76800,76818,18,N
30326,76783,76818,35,S
30332,76802,76820,18,S
30335,76821,76822,1,S
30338,76829,76830,1,N
30340,76840,76840,0,S
30345,76858,76858,0,N
30337,76828,76860,32,E
30336,76821,76860,39,W
30341,76842,76860,18,E
30339,76832,76860,28,W
30344,76856,76862,6,E
30342,76843,76862,19,W
30343,76854,76862,8,W
30347,76865,76866,1,W
30348,76870,76870,0,E
30349,76876,76876,0,W
30351,76884,76884,0,E
30353,76887,76888,1,W
30355,76898,76898,0,E
30356,76898,76898,0,W
30357,76909,76910,1,W
30358,76912,76912,0,E
30352,76887,76920,33,N
30346,76859,76920,61,S
30359,76916,76922,6,N
30350,76878,76922,44,S
30354,76897,76924,27,S
30360,76916,76926,10,S
30364,76935,76936,1,S
30367,76945,76946,1,N
30369,76954,76954,0,S
30362,76926,76966,40,E
30361,76920,76966,46,W
30365,76940,76966,26,E
30363,76931,76966,35,W
30370,76954,76968,14,E
30366,76942,76968,26,W
30372,76968,76968,0,E
30368,76953,76968,15,W
30371,76964,76970,6,W
30375,76975,76976,1,W
30376,76982,76982,0,E
30377,76986,76986,0,W
30379,76996,76996,0,E
30380,76997,76998,1,W
30382,77008,77008,0,W
30383,77010,77010,0,E
30385,77019,77020,1,W
30386,77024,77024,0,E
30374,76974,77026,52,N
30373,76973,77026,53,S
30381,77003,77028,25,N
30378,76992,77028,36,S
30384,77011,77030,19,S
30389,77032,77032,0,N
30387,77030,77032,2,S
30392,77049,77050,1,S
30395,77061,77062,1,N
30398,77068,77068,0,S
30390,77038,77070,32,E
30388,77030,77070,40,W
30393,77052,77070,18,E
30391,77041,77070,29,W
30397,77066,77072,6,E
30394,77052,77072,20,W
30396,77063,77072,9,W
30399,77074,77074,0,W
30400,77080,77080,0,E
30401,77085,77086,1,W
30404,77094,77094,0,E
30405,77096,77096,0,W
30408,77108,77108,0,E
30407,77107,77108,1,W
30409,77118,77118,0,W
30411,77122,77122,0,E
30403,77090,77130,40,N
30402,77087,77130,43,S
30410,77119,77132,13,N
30406,77106,77132,26,S
30412,77125,77134,9,S
30416,77144,77144,0,S
30417,77148,77148,0,N
30421,77163,77164,1,S
30414,77136,77176,40,E
30413,77129,77176,47,W
30418,77150,77176,26,E
30415,77140,77176,36,W
30422,77164,77178,14,E
30419,77151,77178,27,W
30425,77178,77178,0,E
30420,77162,77178,16,W
30423,77173,77180,7,W
30427,77184,77184,0,W
30428,77192,77192,0,E
30429,77195,77196,1,W
30432,77206,77206,0,E
30433,77206,77206,0,W
30434,77217,77218,1,W
30436,77220,77220,0,E
30437,77228,77228,0,W
30438,77234,77234,0,E
30424,77177,77236,59,N
30426,77182,77236,54,S
30431,77206,77238,32,N
30430,77201,77238,37,S
30439,77235,77240,5,N
30435,77220,77240,20,S
30440,77239,77242,3,S
30444,77258,77258,0,S
30447,77264,77264,0,N
30450,77277,77278,1,S
30442,77248,77280,32,E
30441,77239,77280,41,W
30446,77262,77280,18,E
30443,77250,77280,30,W
30449,77276,77282,6,E
30445,77261,77282,21,W
30448,77272,77282,10,W
30451,77283,77284,1,W
30452,77290,77290,0,E
30454,77294,77294,0,W
30456,77304,77304,0,E
30457,77305,77306,1,W
30459,77316,77316,0,W
30460,77318,77318,0,E
30462,77327,77328,1,W
30463,77332,77332,0,E
30465,77338,77338,0,W
30453,77293,77340,47,N
30455,77296,77340,44,S
30461,77322,77342,20,N
30458,77315,77342,27,S
30464,77334,77344,10,S
30468,77351,77352,1,N
30469,77353,77354,1,S
30473,77372,77372,0,S
30475,77380,77380,0,N
30466,77346,77386,40,E
30467,77349,77386,37,W
30470,77360,77386,26,E
30471,77360,77386,26,W
30474,77374,77388,14,E
30472,77371,77388,17,W
30477,77388,77388,0,E
30476,77382,77388,6,W
30479,77393,77394,1,W
30480,77402,77402,0,E
30481,77404,77404,0,W
30485,77416,77416,0,E
30484,77415,77416,1,W
30486,77426,77426,0,W
30488,77430,77430,0,E
30489,77437,77438,1,W
30491,77444,77444,0,E
30482,77409,77446,37,N
30478,77391,77446,55,S
30490,77438,77448,10,N
30483,77410,77448,38,S
30487,77429,77450,21,S
30492,77448,77452,4,S
30496,77467,77468,1,N
30497,77467,77468,1,S
30501,77486,77486,0,S
30494,77458,77490,32,E
30493,77448,77490,42,W
30499,77472,77490,18,E
30495,77459,77490,31,W
30502,77486,77492,6,E
30498,77470,77492,22,W
30500,77481,77492,11,W
30503,77492,77494,2,W
30505,77500,77500,0,E
30506,77503,77504,1,W
30508,77514,77514,0,E
30509,77514,77514,0,W
30512,77525,77526,1,W
30513,77528,77528,0,E
30514,77536,77536,0,W
30515,77542,77542,0,E
30517,77547,77548,1,W
30504,77496,77550,54,N
30507,77505,77550,45,S
30511,77525,77552,27,N
30510,77524,77552,28,S
30518,77554,77554,0,N
30516,77543,77554,11,S
30521,77562,77562,0,S
30525,77581,77582,1,S
30526,77583,77584,1,N
30519,77556,77596,40,E
30520,77558,77596,38,W
30523,77570,77596,26,E
30522,77569,77596,27,W
30527,77584,77598,14,E
30524,77580,77598,18,W
30529,77598,77598,0,E
30528,77591,77598,7,W
30531,77602,77602,0,W
30533,77612,77612,0,E
30534,77613,77614,1,W
30536,77624,77624,0,W
30537,77626,77626,0,E
30538,77635,77636,1,W
30540,77640,77640,0,E
30542,77646,77646,0,W
30543,77654,77654,0,E
30532,77612,77656,44,N
30530,77600,77656,56,S
30541,77641,77658,17,N
30535,77619,77658,39,S
30539,77638,77660,22,S
30544,77657,77662,5,S
30548,77670,77670,0,N
30549,77676,77676,0,S
30553,77695,77696,1,S
30546,77668,77700,32,E
30545,77657,77700,43,W
30551,77682,77700,18,E
30547,77668,77700,32,W
30554,77696,77702,6,E
30550,77679,77702,23,W
30552,77690,77702,12,W
30556,77701,77704,3,W
30557,77710,77710,0,E
30558,77712,77712,0,W
30561,77724,77724,0,E
30560,77723,77724,1,W
30564,77734,77734,0,W
30565,77738,77738,0,E
30566,77745,77746,1,W
30568,77752,77752,0,E
30569,77756,77756,0,W
30555,77699,77760,61,N
30559,77714,77760,46,S
30562,77728,77762,34,N
30563,77733,77762,29,S
30570,77757,77764,7,N
30567,77752,77764,12,S
30573,77771,77772,1,S
30576,77786,77786,0,N
30578,77790,77790,0,S
30571,77766,77806,40,E
30572,77767,77806,39,W
30575,77780,77806,26,E
30574,77778,77806,28,W
30579,77794,77808,14,E
30577,77789,77808,19,W
30581,77808,77808,0,E
30580,77800,77808,8,W
30583,77811,77812,1,W
30585,77822,77822,0,E
30586,77822,77822,0,W
30588,77833,77834,1,W
30589,77836,77836,0,E
30591,77844,77844,0,W
30593,77850,77850,0,E
30594,77855,77856,1,W
30595,77864,77864,0,E
30584,77815,77866,51,N
30582,77809,77866,57,S
30590,77844,77868,24,N
30587,77828,77868,40,S
30592,77847,77870,23,S
30596,77866,77872,6,S
30598,77873,77874,1,N
30601,77885,77886,1,S
30605,77902,77902,0,N
30606,77904,77904,0,S
30600,77878,77910,32,E
30597,77866,77910,44,W
30603,77892,77910,18,E
30599,77877,77910,33,W
30607,77906,77912,6,E
30602,77888,77912,24,W
30604,77899,77912,13,W
30608,77910,77914,4,W
30609,77920,77920,0,E
30610,77921,77922,1,W
30613,77932,77932,0,W
30614,77934,77934,0,E
30616,77943,77944,1,W
30617,77948,77948,0,E
30618,77954,77954,0,W
30621,77962,77962,0,E
30622,77965,77966,1,W
30612,77931,77970,39,N
30611,77923,77970,47,S
30619,77960,77972,12,N
30615,77942,77972,30,S
30620,77961,77974,13,S
30625,77980,77980,0,S
30627,77989,77990,1,N
30630,77999,78000,1,S
30623,77976,78016,40,E
30624,77976,78016,40,W
30628,77990,78016,26,E
30626,77987,78016,29,W
30631,78004,78018,14,E
30629,77998,78018,20,W
30635,78018,78018,0,E
30632,78009,78018,9,W
30636,78020,78020,0,W
30638,78032,78032,0,E
30637,78031,78032,1,W
30640,78042,78042,0,W
30641,78046,78046,0,E
30643,78053,78054,1,W
30645,78060,78060,0,E
30646,78064,78064,0,W
30647,78074,78074,0,E
30633,78018,78076,58,N
30634,78018,78076,58,S
30642,78047,78078,31,N
30639,78037,78078,41,S
30650,78076,78080,4,N
30644,78056,78080,24,S
30648,78075,78082,7,S
30653,78094,78094,0,S
30656,78105,78106,1,N
30658,78113,78114,1,S
30652,78088,78120,32,E
30649,78075,78120,45,W
30655,78102,78120,18,E
30651,78086,78120,34,W
30659,78116,78122,6,E
30654,78097,78122,25,W
30657,78108,78122,14,W
30660,78119,78124,5,W
30661,78130,78130,0,E
30662,78130,78130,0,W
30665,78141,78142,1,W
30666,78144,78144,0,E
30668,78152,78152,0,W
30669,78158,78158,0,E
30671,78163,78164,1,W
30673,78172,78172,0,E
30674,78174,78174,0,W
30664,78134,78180,46,N
30663,78132,78180,48,S
30670,78163,78182,19,N
30667,78151,78182,31,S
30672,78170,78184,14,S
30677,78189,78190,1,S
30678,78192,78192,0,N
30682,78208,78208,0,S
30685,78221,78222,1,N
30676,78186,78226,40,E
30675,78185,78226,41,W
30680,78200,78226,26,E
30679,78196,78226,30,W
30683,78214,78228,14,E
30681,78207,78228,21,W
30687,78228,78228,0,E
30684,78218,78228,10,W
30688,78229,78230,1,W
30689,78240,78240,0,W
30690,78242,78242,0,E
30693,78251,78252,1,W
30694,78256,78256,0,E
30695,78262,78262,0,W
30697,78270,78270,0,E
30698,78273,78274,1,W
30701,78284,78284,0,E
30702,78284,78284,0,W
30692,78250,78286,36,N
30686,78227,78286,59,S
30699,78279,78288,9,N
30691,78246,78288,42,S
30696,78265,78290,25,S
30700,78284,78292,8,S
30705,78303,78304,1,S
30707,78308,78308,0,N
30710,78322,78322,0,S
30704,78298,78330,32,E
30703,78295,78330,35,W
30708,78312,78330,18,E
30706,78306,78330,24,W
30711,78326,78332,6,E
30709,78317,78332,15,W
30712,78328,78332,4,W
30715,78340,78340,0,E
30714,78339,78340,1,W
30717,78350,78350,0,W
30718,78354,78354,0,E
30720,78361,78362,1,W
30722,78368,78368,0,E
30723,78372,78372,0,W
30725,78382,78382,0,E
30726,78383,78384,1,W
30713,78337,78390,53,N
30716,78341,78390,49,S
30721,78366,78392,26,N
30719,78360,78392,32,S
30724,78379,78394,15,S
30728,78395,78396,1,N
30730,78398,78398,0,S
30734,78417,78418,1,S
30735,78424,78424,0,N
30729,78396,78436,40,E
30727,78394,78436,42,W
30732,78410,78436,26,E
30731,78405,78436,31,W
30736,78424,78438,14,E
30733,78416,78438,22,W
30739,78438,78438,0,E
30737,78427,78438,11,W
30740,78438,78440,2,W
30741,78449,78450,1,W
30742,78452,78452,0,E
30745,78460,78460,0,W
30746,78466,78466,0,E
30747,78471,78472,1,W
30749,78480,78480,0,E
30751,78482,78482,0,W
30754,78494,78494,0,E
30753,78493,78494,1,W
30743,78453,78496,43,N
30738,78436,78496,60,S
30750,78482,78498,16,N
30744,78455,78498,43,S
30748,78474,78500,26,S
30752,78493,78502,9,S
30757,78511,78512,1,N
30758,78512,78512,0,S
30762,78531,78532,1,S
30756,78508,78540,32,E
30755,78504,78540,36,W
30760,78522,78540,18,E
30759,78515,78540,25,W
30763,78536,78542,6,E
30761,78526,78542,16,W
30764,78537,78542,5,W
30766,78548,78548,0,W
30768,78550,78550,0,E
30769,78559,78560,1,W
30770,78564,78564,0,E
30773,78570,78570,0,W
30774,78578,78578,0,E
30775,78581,78582,1,W
30777,78592,78592,0,E
30778,78592,78592,0,W
30765,78540,78600,60,N
30767,78550,78600,50,S
30771,78569,78602,33,N
30772,78569,78602,33,S
30779,78598,78604,6,N
30776,78588,78604,16,S
30782,78607,78608,1,S
30786,78626,78626,0,S
30787,78627,78628,1,N
30781,78606,78646,40,E
30780,78603,78646,43,W
30784,78620,78646,26,E
30783,78614,78646,32,W
30788,78634,78648,14,E
30785,78625,78648,23,W
30792,78648,78648,0,E
30789,78636,78648,12,W
30791,78647,78650,3,W
30794,78658,78658,0,W
30795,78662,78662,0,E
30797,78669,78670,1,W
30798,78676,78676,0,E
30799,78680,78680,0,W
30802,78690,78690,0,E
30803,78691,78692,1,W
30805,78702,78702,0,W
30806,78704,78704,0,E
30793,78656,78706,50,N
30790,78645,78706,61,S
30801,78685,78708,23,N
30796,78664,78708,44,S
30800,78683,78710,27,S
30804,78702,78712,10,S
30808,78714,78714,0,N
30810,78721,78722,1,S
30814,78740,78740,0,S
30815,78743,78744,1,N
30809,78718,78750,32,E
30807,78713,78750,37,W
30812,78732,78750,18,E
30811,78724,78750,26,W
30816,78746,78752,6,E
30813,78735,78752,17,W
30817,78746,78752,6,W
30818,78757,78758,1,W
30820,78760,78760,0,E
30821,78768,78768,0,W
30823,78774,78774,0,E
30825,78779,78780,1,W
30826,78788,78788,0,E
30827,78790,78790,0,W
30831,78802,78802,0,E
30830,78801,78802,1,W
30822,78772,78810,38,N
30819,78759,78810,51,S
30829,78801,78812,11,N
30824,78778,78812,34,S
30828,78797,78814,17,S
30833,78816,78816,0,S
30836,78830,78830,0,N
30839,78835,78836,1,S
30842,78854,78854,0,S
30834,78816,78856,40,E
30832,78812,78856,44,W
30837,78830,78856,26,E
30835,78823,78856,33,W
30840,78844,78858,14,E
30838,78834,78858,24,W
30844,78858,78858,0,E
30841,78845,78858,13,W
30843,78856,78860,4,W
30846,78867,78868,1,W
30847,78872,78872,0,E
30849,78878,78878,0,W
30850,78886,78886,0,E
30852,78889,78890,1,W
30854,78900,78900,0,E
30855,78900,78900,0,W
30857,78911,78912,1,W
30858,78914,78914,0,E
30845,78859,78916,57,N
30848,78873,78916,43,S
30851,78888,78918,30,N
30853,78892,78918,26,S
30859,78917,78920,3,N
30856,78911,78920,9,S
30862,78930,78930,0,S
30866,78946,78946,0,N
30867,78949,78950,1,S
30861,78928,78960,32,E
30860,78922,78960,38,W
30864,78942,78960,18,E
30863,78933,78960,27,W
30869,78956,78962,6,E
30865,78944,78962,18,W
30868,78955,78962,7,W
30870,78966,78966,0,W
30872,78970,78970,0,E
30874,78977,78978,1,W
30875,78984,78984,0,E
30877,78988,78988,0,W
30878,78998,78998,0,E
30879,78999,79000,1,W
30882,79010,79010,0,W
30883,79012,79012,0,E
30873,78975,79020,45,N
30871,78968,79020,52,S
30880,79004,79022,18,N
30876,78987,79022,35,S
30881,79006,79024,18,S
30885,79025,79026,1,S
30888,79033,79034,1,N
30891,79044,79044,0,S
30894,79062,79062,0,N
30895,79063,79064,1,S
30886,79026,79066,40,E
30884,79021,79066,45,W
30889,79040,79066,26,E
30887,79032,79066,34,W
30892,79054,79068,14,E
30890,79043,79068,25,W
30897,79068,79068,0,E
30893,79054,79068,14,W
30896,79065,79070,5,W
30898,79076,79076,0,W
30900,79082,79082,0,E
30901,79087,79088,1,W
30903,79096,79096,0,E
30904,79098,79098,0,W
30907,79110,79110,0,E
30906,79109,79110,1,W
30910,79120,79120,0,W
30911,79124,79124,0,E
30902,79091,79126,35,N
30899,79082,79126,44,S
30908,79120,79128,8,N
30905,79101,79128,27,S
30909,79120,79130,10,S
30914,79139,79140,1,S
30916,79149,79150,1,N
30919,79158,79158,0,S
30913,79138,79170,32,E
30912,79131,79170,39,W
30917,79152,79170,18,E
30915,79142,79170,28,W
30921,79166,79172,6,E
30918,79153,79172,19,W
30920,79164,79172,8,W
30922,79175,79176,1,W
30925,79180,79180,0,E
30926,79186,79186,0,W
30927,79194,79194,0,E
30929,79197,79198,1,W
30931,79208,79208,0,E
30932,79208,79208,0,W
30934,79223,79224,1,W
30935,79227,79228,1,E
30924,79178,79230,52,N
30923,79177,79230,53,S
30930,79207,79232,25,N
30928,79196,79232,36,S
30933,79215,79234,19,S
30937,79241,79242,1,S
30939,79247,79248,1,N
30942,79267,79268,1,S
30938,79246,79276,30,E
30936,79238,79276,38,W
30941,79265,79276,11,E
30940,79253,79276,23,W
30943,79268,79278,10,W
30945,79284,79284,0,E
30944,79283,79284,1,W
30948,79298,79298,0,W
30949,79303,79304,1,E
30950,79313,79314,1,W
30952,79322,79322,0,E
30954,79328,79328,0,W
30946,79287,79336,49,N
30947,79293,79336,43,S
30953,79327,79338,11,N
30951,79319,79338,19,S
30957,79345,79346,1,S
30960,79367,79368,1,N
30961,79371,79372,1,S
30955,79341,79380,39,E
30956,79343,79380,37,W
30959,79360,79380,20,E
30958,79358,79380,22,W
30963,79379,79382,3,E
30962,79373,79382,9,W
30964,79388,79388,0,W
30966,79398,79398,0,E
30967,79403,79404,1,W
30969,79417,79418,1,E
30970,79418,79418,0,W
30972,79433,79434,1,W
30973,79436,79436,0,E
30968,79407,79440,33,N
30965,79397,79440,43,S
30971,79423,79442,19,S
30974,79447,79448,1,N
30976,79449,79450,1,S
30980,79475,79476,1,S
30977,79455,79486,31,E
30975,79448,79486,38,W
30979,79474,79486,12,E
30978,79463,79486,23,W
30981,79478,79488,10,W
30983,79493,79494,1,E
30984,79493,79494,1,W
30986,79508,79508,0,W
30987,79512,79512,0,E
30988,79523,79524,1,W
30991,79531,79532,1,E
30992,79538,79538,0,W
30982,79487,79546,59,N
30985,79501,79546,45,S
30989,79527,79548,21,N
30990,79527,79548,21,S
30994,79553,79554,1,S
30996,79567,79568,1,N
30999,79579,79580,1,S
30993,79550,79590,40,E
30995,79553,79590,37,W
30998,79569,79590,21,E
30997,79568,79590,22,W
31001,79588,79592,4,E
31000,79583,79592,9,W
31002,79598,79598,0,W
31005,79607,79608,1,E
31006,79613,79614,1,W
31007,79626,79626,0,E
31008,79628,79628,0,W
31010,79643,79644,1,W
31011,79645,79646,1,E
31004,79607,79650,43,N
31003,79605,79650,45,S
31012,79647,79652,5,N
31009,79631,79652,21,S
31013,79657,79658,1,S
31017,79683,79684,1,S
31019,79687,79688,1,N
31015,79664,79696,32,E
31014,79658,79696,38,W
31018,79683,79696,13,E
31016,79673,79696,23,W
31020,79688,79698,10,W
31021,79702,79702,0,E
31022,79703,79704,1,W
31024,79718,79718,0,W
31025,79721,79722,1,E
31027,79733,79734,1,W
31029,79740,79740,0,E
31030,79748,79748,0,W
31026,79727,79756,29,N
31023,79709,79756,47,S
31028,79735,79758,23,S
31032,79761,79762,1,S
31034,79767,79768,1,N
31037,79787,79788,1,S
31031,79759,79800,41,E
31033,79763,79800,37,W
31035,79778,79800,22,E
31036,79778,79800,22,W
31039,79797,79802,5,E
31038,79793,79802,9,W
31041,79808,79808,0,W
31043,79816,79816,0,E
31044,79823,79824,1,W
31045,79835,79836,1,E
31046,79838,79838,0,W
31050,79854,79854,0,E
31049,79853,79854,1,W
31040,79807,79860,53,N
31042,79813,79860,47,S
31048,79847,79862,15,N
31047,79839,79862,23,S
31051,79865,79866,1,S
31055,79887,79888,1,N
31056,79891,79892,1,S
31053,79873,79906,33,E
31052,79868,79906,38,W
31057,79892,79906,14,E
31054,79883,79906,23,W
31058,79898,79908,10,W
31059,79911,79912,1,E
31060,79913,79914,1,W
31063,79928,79928,0,W
31064,79930,79930,0,E
31066,79943,79944,1,W
31067,79949,79950,1,E
31068,79958,79958,0,W
31062,79927,79966,39,N
31061,79917,79966,49,S
31069,79967,79968,1,N
31065,79943,79968,25,S
31071,79969,79970,1,S
31075,79995,79996,1,S
31078,80007,80008,1,N
31070,79968,80010,42,E
31072,79973,80010,37,W
31073,79987,80010,23,E
31074,79988,80010,22,W
31077,80006,80012,6,E
31076,80003,80012,9,W
31079,80018,80018,0,W
31081,80025,80026,1,E
31082,80033,80034,1,W
31083,80044,80044,0,E
31086,80048,80048,0,W
31087,80063,80064,1,E
31088,80063,80064,1,W
31084,80047,80070,23,N
31080,80021,80070,49,S
31085,80047,80072,25,S
31089,80073,80074,1,S
31092,80087,80088,1,N
31094,80099,80100,1,S
31091,80082,80116,34,E
31090,80078,80116,38,W
31095,80101,80116,15,E
31093,80093,80116,23,W
31096,80108,80118,10,W
31097,80120,80120,0,E
31098,80123,80124,1,W
31101,80138,80138,0,W
31102,80139,80140,1,E
31104,80153,80154,1,W
31105,80158,80158,0,E
31107,80168,80168,0,W
31100,80127,80176,49,N
31099,80125,80176,51,S
31106,80167,80178,11,N
31103,80151,80178,27,S
31108,80177,80180,3,S
31113,80203,80204,1,S
31114,80207,80208,1,N
31109,80177,80220,43,E
31110,80183,80220,37,W
31111,80196,80220,24,E
31112,80198,80220,22,W
31116,80215,80222,7,E
31115,80213,80222,9,W
31117,80228,80228,0,W
31119,80234,80234,0,E
31120,80243,80244,1,W
31122,80253,80254,1,E
31124,80258,80258,0,W
31125,80272,80272,0,E
31126,80273,80274,1,W
31121,80247,80280,33,N
31118,80229,80280,51,S
31123,80255,80282,27,S
31127,80281,80284,3,S
31128,80287,80288,1,N
31132,80307,80308,1,S
31130,80291,80326,35,E
31129,80288,80326,38,W
31133,80310,80326,16,E
31131,80303,80326,23,W
31134,80318,80328,10,W
31136,80329,80330,1,E
31138,80333,80334,1,W
31139,80348,80348,0,E
31140,80348,80348,0,W
31142,80363,80364,1,W
31144,80367,80368,1,E
31145,80378,80378,0,W
31135,80327,80386,59,N
31137,80333,80386,53,S
31143,80367,80388,21,N
31141,80359,80388,29,S
31146,80385,80390,5,S
31150,80407,80408,1,N
31152,80411,80412,1,S
31147,80386,80430,44,E
31148,80393,80430,37,W
31149,80405,80430,25,E
31151,80408,80430,22,W
31154,80424,80432,8,E
31153,80423,80432,9,W
31156,80438,80438,0,W
31157,80443,80444,1,E
31159,80453,80454,1,W
31160,80462,80462,0,E
31162,80468,80468,0,W
31163,80481,80482,1,E
31164,80483,80484,1,W
31158,80447,80490,43,N
31155,80437,80490,53,S
31165,80487,80492,5,N
31161,80463,80492,29,S
31166,80489,80494,5,S
31170,80515,80516,1,S
31172,80527,80528,1,N
31168,80500,80536,36,E
31167,80498,80536,38,W
31171,80519,80536,17,E
31169,80513,80536,23,W
31174,80538,80538,0,E
31173,80528,80538,10,W
31176,80543,80544,1,W
31177,80557,80558,1,E
31178,80558,80558,0,W
31181,80573,80574,1,W
31182,80576,80576,0,E
31183,80588,80588,0,W
31179,80567,80596,29,N
31175,80541,80596,55,S
31180,80567,80598,31,S
31184,80593,80600,7,S
31187,80607,80608,1,N
31190,80619,80620,1,S
31185,80595,80640,45,E
31186,80603,80640,37,W
31188,80614,80640,26,E
31189,80618,80640,22,W
31191,80633,80642,9,E
31192,80633,80642,9,W
31195,80648,80648,0,W
31196,80652,80652,0,E
31197,80663,80664,1,W
31199,80671,80672,1,E
31200,80678,80678,0,W
31202,80690,80690,0,E
31203,80693,80694,1,W
31194,80647,80700,53,N
31193,80645,80700,55,S
31201,80687,80702,15,N
31198,80671,80702,31,S
31204,80697,80704,7,S
31207,80723,80724,1,S
31209,80727,80728,1,N
31206,80709,80746,37,E
31205,80708,80746,38,W
31210,80728,80746,18,E
31208,80723,80746,23,W
31212,80747,80748,1,E
31211,80738,80748,10,W
31214,80753,80754,1,W
31215,80766,80766,0,E
31217,80768,80768,0,W
31219,80783,80784,1,W
31220,80785,80786,1,E
31221,80798,80798,0,W
31223,80804,80804,0,E
31216,80767,80806,39,N
31213,80749,80806,57,S
31224,80807,80808,1,N
31218,80775,80808,33,S
31222,80801,80810,9,S
31227,80827,80828,1,S
31231,80847,80848,1,N
31226,80823,80850,27,E
31225,80813,80850,37,W
31229,80842,80850,8,E
31228,80828,80850,22,W
31230,80843,80852,9,W
31233,80858,80858,0,W
31234,80861,80862,1,E
31235,80873,80874,1,W
31237,80880,80880,0,E
31239,80888,80888,0,W
31240,80899,80900,1,E
31241,80903,80904,1,W
31238,80887,80910,23,N
31232,80853,80910,57,S
31236,80879,80912,33,S
31242,80905,80914,9,S
31245,80927,80928,1,N
31246,80931,80932,1,S
31243,80918,80956,38,E
31244,80918,80956,38,W
31248,80937,80956,19,E
31247,80933,80956,23,W
31250,80956,80958,2,E
31249,80948,80958,10,W
31252,80963,80964,1,W
31254,80975,80976,1,E
31255,80978,80978,0,W
31258,80994,80994,0,E
31257,80993,80994,1,W
31260,81008,81008,0,W
31262,81013,81014,1,E
31253,80967,81016,49,N
31251,80957,81016,59,S
31259,81007,81018,11,N
31256,80983,81018,35,S
31261,81009,81020,11,S
31265,81035,81036,1,S
31267,81047,81048,1,N
31264,81032,81060,28,E
31263,81023,81060,37,W
31268,81051,81060,9,E
31266,81038,81060,22,W
31269,81053,81062,9,W
31271,81068,81068,0,W
31272,81070,81070,0,E
31273,81083,81084,1,W
31276,81089,81090,1,E
31277,81098,81098,0,W
31278,81108,81108,0,E
31280,81113,81114,1,W
31274,81087,81120,33,N
31270,81061,81120,59,S
31275,81087,81122,35,S
31279,81113,81124,11,S
31281,81127,81128,1,N
31284,81139,81140,1,S
31282,81127,81166,39,E
31283,81128,81166,38,W
31286,81146,81166,20,E
31285,81143,81166,23,W
31289,81165,81168,3,E
31287,81158,81168,10,W
31291,81173,81174,1,W
31292,81184,81184,0,E
31293,81188,81188,0,W
31295,81203,81204,1,E
31296,81203,81204,1,W
31299,81218,81218,0,W
31300,81222,81222,0,E
31290,81167,81226,59,N
31288,81165,81226,61,S
31297,81207,81228,21,N
31294,81191,81228,37,S
31298,81217,81230,13,S
31303,81243,81244,1,S
31304,81247,81248,1,N
31302,81241,81270,29,E
31301,81233,81270,37,W
31306,81260,81270,10,E
31305,81248,81270,22,W
31307,81263,81272,9,W
31309,81278,81278,0,W
31310,81279,81280,1,E
31312,81293,81294,1,W
31314,81298,81298,0,E
31315,81308,81308,0,W
31316,81317,81318,1,E
31318,81323,81324,1,W
31311,81287,81330,43,N
31308,81269,81330,61,S
31319,81327,81332,5,N
31313,81295,81332,37,S
31317,81321,81334,13,S
31322,81347,81348,1,S
31325,81367,81368,1,N
31327,81373,81374,1,S
31320,81336,81376,40,E
31321,81338,81376,38,W
31324,81355,81376,21,E
31323,81353,81376,23,W
31328,81374,81378,4,E
31326,81368,81378,10,W
31329,81383,81384,1,W
31330,81393,81394,1,E
31331,81398,81398,0,W
31334,81412,81412,0,E
31335,81413,81414,1,W
31337,81428,81428,0,W
31338,81431,81432,1,E
31333,81407,81436,29,N
31332,81399,81436,37,S
31336,81425,81438,13,S
31340,81447,81448,1,N
31342,81451,81452,1,S
31346,81477,81478,1,S
31341,81450,81480,30,E
31339,81443,81480,37,W
31344,81469,81480,11,E
31343,81458,81480,22,W
31345,81473,81482,9,W
31348,81488,81488,0,E
31349,81488,81488,0,W
31351,81503,81504,1,W
31352,81507,81508,1,E
31353,81518,81518,0,W
31354,81526,81526,0,E
31357,81533,81534,1,W
31347,81487,81540,53,N
31350,81503,81540,37,S
31355,81527,81542,15,N
31356,81529,81542,13,S
31360,81555,81556,1,S
31363,81567,81568,1,N
31365,81581,81582,1,S
31358,81545,81586,41,E
31359,81548,81586,38,W
31362,81564,81586,22,E
31361,81563,81586,23,W
31366,81583,81588,5,E
31364,81578,81588,10,W
31367,81593,81594,1,W
31368,81602,81602,0,E
31371,81608,81608,0,W
31372,81621,81622,1,E
31373,81623,81624,1,W
31375,81638,81638,0,W
31376,81640,81640,0,E
31369,81607,81646,39,N
31370,81607,81646,39,S
31377,81647,81648,1,N
31374,81633,81648,15,S
31379,81659,81660,1,S
31384,81685,81686,1,S
31385,81687,81688,1,N
31380,81659,81690,31,E
31378,81653,81690,37,W
31382,81678,81690,12,E
31381,81668,81690,22,W
31383,81683,81692,9,W
31386,81697,81698,1,E
31387,81698,81698,0,W
31389,81713,81714,1,W
31390,81716,81716,0,E
31392,81728,81728,0,W
31393,81735,81736,1,E
31395,81743,81744,1,W
31391,81727,81750,23,N
31388,81711,81750,39,S
31394,81737,81752,15,S
31398,81763,81764,1,S
31399,81767,81768,1,N
31403,81789,81790,1,S
31396,81754,81796,42,E
31397,81758,81796,38,W
31400,81773,81796,23,E
31401,81773,81796,23,W
31404,81792,81798,6,E
31402,81788,81798,10,W
31405,81803,81804,1,W
31407,81811,81812,1,E
31409,81818,81818,0,W
31410,81830,81830,0,E
31411,81833,81834,1,W
31414,81848,81848,0,W
31415,81849,81850,1,E
31406,81807,81856,49,N
31408,81815,81856,41,S
31413,81847,81858,11,N
31412,81841,81858,17,S
31417,81867,81868,1,S
31420,81887,81888,1,N
31422,81893,81894,1,S
31418,81868,81900,32,E
31416,81863,81900,37,W
31421,81887,81900,13,E
31419,81878,81900,22,W
31423,81893,81902,9,W
31424,81906,81906,0,E
31425,81908,81908,0,W
31427,81923,81924,1,W
31428,81925,81926,1,E
31430,81938,81938,0,W
31431,81944,81944,0,E
31433,81953,81954,1,W
31429,81927,81960,33,N
31426,81919,81960,41,S
31432,81945,81962,17,S
31435,81967,81968,1,N
31437,81971,81972,1,S
31440,81997,81998,1,S
31434,81963,82006,43,E
31436,81968,82006,38,W
31438,81982,82006,24,E
31439,81983,82006,23,W
31442,82001,82008,7,E
31441,81998,82008,10,W
31444,82013,82014,1,W
31445,82020,82020,0,E
31447,82028,82028,0,W
31448,82039,82040,1,E
31449,82043,82044,1,W
31452,82058,82058,0,E
31453,82058,82058,0,W
31443,82007,82066,59,N
31446,82023,82066,43,S
31450,82047,82068,21,N
31451,82049,82068,19,S
31455,82075,82076,1,S
31457,82087,82088,1,N
31460,82101,82102,1,S
31456,82077,82110,33,E
31454,82073,82110,37,W
31459,82096,82110,14,E
31458,82088,82110,22,W
31461,82103,82112,9,W
31462,82115,82116,1,E
31463,82118,82118,0,W
31467,82134,82134,0,E
31466,82133,82134,1,W
31468,82148,82148,0,W
31470,82153,82154,1,E
31471,82163,82164,1,W
31464,82127,82170,43,N
31465,82127,82170,43,S
31472,82167,82172,5,N
31469,82153,82172,19,S
31475,82179,82180,1,S
31478,82205,82206,1,S
31479,82207,82208,1,N
31473,82172,82216,44,E
31474,82178,82216,38,W
31476,82191,82216,25,E
31477,82193,82216,23,W
31481,82210,82218,8,E
31480,82208,82218,10,W
31482,82223,82224,1,W
31483,82229,82230,1,E
31485,82238,82238,0,W
31487,82248,82248,0,E
31488,82253,82254,1,W
31490,82267,82268,1,E
31491,82268,82268,0,W
31486,82247,82276,29,N
31484,82231,82276,45,S
31489,82257,82278,21,S
31492,82283,82284,1,S
31495,82287,82288,1,N
31498,82309,82310,1,S
31494,82286,82320,34,E
31493,82283,82320,37,W
31497,82305,82320,15,E
31496,82298,82320,22,W
31499,82313,82322,9,W
31500,82324,82324,0,E
31502,82328,82328,0,W
31504,82343,82344,1,E
31505,82343,82344,1,W
31506,82358,82358,0,W
31508,82362,82362,0,E
31510,82373,82374,1,W
31501,82327,82380,53,N
31503,82335,82380,45,S
31509,82367,82382,15,N
31507,82361,82382,21,S
31512,82387,82388,1,S
31516,82407,82408,1,N
31517,82413,82414,1,S
31511,82381,82426,45,E
31513,82388,82426,38,W
31514,82400,82426,26,E
31515,82403,82426,23,W
31519,82419,82428,9,E
31518,82418,82428,10,W
31520,82433,82434,1,W
31521,82438,82438,0,E
31524,82448,82448,0,W
31525,82457,82458,1,E
31526,82463,82464,1,W
31528,82476,82476,0,E
31529,82478,82478,0,W
31523,82447,82486,39,N
31522,82439,82486,47,S
31530,82487,82488,1,N
31527,82465,82488,23,S
31531,82491,82492,1,S
31536,82517,82518,1,S
31538,82527,82528,1,N
31533,82495,82530,35,E
31532,82493,82530,37,W
31535,82514,82530,16,E
31534,82508,82530,22,W
31537,82523,82532,9,W
31539,82533,82534,1,E
31540,82538,82538,0,W
31542,82552,82552,0,E
31543,82553,82554,1,W
31545,82568,82568,0,W
31547,82571,82572,1,E
31548,82583,82584,1,W
31544,82567,82590,23,N
31541,82543,82590,47,S
31546,82569,82592,23,S
31550,82595,82596,1,S
31552,82607,82608,1,N
31555,82621,82622,1,S
31549,82590,82636,46,E
31551,82598,82636,38,W
31553,82609,82636,27,E
31554,82613,82636,23,W
31556,82628,82638,10,E
31557,82628,82638,10,W
31558,82643,82644,1,W
31561,82647,82648,1,E
31562,82658,82658,0,W
31563,82666,82666,0,E
31565,82673,82674,1,W
31566,82685,82686,1,E
31568,82688,82688,0,W
31559,82647,82696,49,N
31560,82647,82696,49,S
31567,82687,82698,11,N
31564,82673,82698,25,S
31569,82699,82700,1,S
31574,82725,82726,1,S
31575,82727,82728,1,N
31571,82704,82740,36,E
31570,82703,82740,37,W
31573,82723,82740,17,E
31572,82718,82740,22,W
31577,82742,82742,0,E
31576,82733,82742,9,W
31578,82748,82748,0,W
31580,82761,82762,1,E
31581,82763,82764,1,W
31584,82778,82778,0,W
31585,82780,82780,0,E
31586,82793,82794,1,W
31582,82767,82800,33,N
31579,82751,82800,49,S
31583,82777,82802,25,S
31588,82803,82804,1,S
31589,82807,82808,1,N
31593,82842,82842,0,S
31587,82799,82846,47,E
31590,82808,82846,38,W
31591,82818,82846,28,E
31592,82831,82846,15,W
31594,82846,82848,2,E
31595,82854,82854,0,W
31597,82874,82874,0,E
31598,82877,82878,1,W
31600,82900,82900,0,W
31601,82902,82902,0,E
31596,82867,82906,39,N
31599,82881,82906,25,S
31602,82920,82920,0,S
31604,82927,82928,1,N
31605,82930,82950,20,E
31603,82923,82950,27,W
31606,82946,82950,4,W
31607,82958,82958,0,E
31609,82969,82970,1,W
31610,82986,82986,0,E
31612,82992,82992,0,W
31611,82987,83010,23,N
31608,82959,83010,51,S
31613,82998,83012,14,S
31616,83037,83038,1,S
31619,83047,83048,1,N
31614,83014,83056,42,E
31615,83015,83056,41,W
31618,83042,83056,14,E
31617,83038,83056,18,W
31620,83061,83062,1,W
31621,83070,83070,0,E
31623,83084,83084,0,W
31624,83098,83098,0,E
31626,83107,83108,1,W
31625,83107,83116,9,N
31622,83076,83116,40,S
31627,83115,83118,3,S
31631,83154,83154,0,S
31628,83126,83160,34,E
31629,83130,83160,30,W
31632,83154,83160,6,E
31630,83153,83160,7,W
31634,83176,83176,0,W
31635,83182,83182,0,E
31637,83199,83200,1,W
31638,83210,83210,0,E
31633,83167,83220,53,N
31636,83193,83220,27,S
31640,83227,83228,1,N
31641,83232,83232,0,S
31642,83238,83266,28,E
31639,83222,83266,44,W
31644,83266,83266,0,E
31643,83245,83266,21,W
31645,83268,83268,0,W
31648,83291,83292,1,W
31649,83294,83294,0,E
31651,83314,83314,0,W
31652,83322,83322,0,E
31647,83287,83326,39,N
31646,83271,83326,55,S
31650,83310,83328,18,S
31654,83347,83348,1,N
31655,83349,83350,1,S
31656,83350,83370,20,E
31653,83337,83370,33,W
31657,83360,83370,10,W
31658,83378,83378,0,E
31659,83383,83384,1,W
31661,83406,83406,0,E
31662,83406,83406,0,W
31663,83407,83430,23,N
31660,83388,83430,42,S
31664,83427,83432,5,S
31669,83466,83466,0,S
31670,83467,83468,1,N
31666,83434,83476,42,E
31665,83429,83476,47,W
31668,83462,83476,14,E
31667,83452,83476,24,W
31671,83475,83478,3,W
31672,83490,83490,0,E
31673,83498,83498,0,W
31675,83518,83518,0,E
31676,83521,83522,1,W
31677,83527,83536,9,N
31674,83505,83536,31,S
31678,83544,83544,0,S
31680,83546,83580,34,E
31679,83544,83580,36,W
31682,83574,83580,6,E
31681,83567,83580,13,W
31685,83590,83590,0,W
31686,83602,83602,0,E
31687,83613,83614,1,W
31689,83630,83630,0,E
31690,83636,83636,0,W
31684,83587,83640,53,N
31683,83583,83640,57,S
31688,83622,83642,20,S
31691,83647,83648,1,N
31694,83661,83662,1,S
31692,83658,83686,28,E
31693,83659,83686,27,W
31696,83686,83686,0,E
31695,83682,83686,4,W
31698,83705,83706,1,W
31700,83714,83714,0,E
31701,83728,83728,0,W
31703,83742,83742,0,E
31699,83707,83746,39,N
31697,83700,83746,46,S
31702,83739,83748,9,S
31705,83767,83768,1,N
31708,83778,83778,0,S
31706,83770,83790,20,E
31704,83751,83790,39,W
31707,83774,83790,16,W
31710,83798,83798,0,E
31709,83797,83798,1,W
31712,83820,83820,0,W
31713,83826,83826,0,E
31715,83843,83844,1,W
31714,83827,83850,23,N
31711,83817,83850,33,S
31717,83856,83856,0,S
31720,83887,83888,1,N
31716,83854,83896,42,E
31718,83866,83896,30,W
31719,83882,83896,14,E
31721,83889,83896,7,W
31723,83910,83910,0,E
31724,83912,83912,0,W
31726,83935,83936,1,W
31727,83938,83938,0,E
31728,83947,83956,9,N
31722,83895,83956,61,S
31725,83934,83958,24,S
31731,83973,83974,1,S
31730,83966,84000,34,E
31729,83958,84000,42,W
31733,83994,84000,6,E
31732,83981,84000,19,W
31734,84004,84004,0,W
31737,84022,84022,0,E
31738,84027,84028,1,W
31739,84050,84050,0,E
31740,84050,84050,0,W
31735,84007,84060,53,N
31736,84012,84060,48,S
31741,84051,84062,11,S
31742,84067,84068,1,N
31745,84090,84090,0,S
31744,84078,84106,28,E
31743,84073,84106,33,W
31747,84106,84106,0,E
31746,84096,84106,10,W
31748,84119,84120,1,W
31751,84134,84134,0,E
31752,84142,84142,0,W
31753,84162,84162,0,E
31749,84127,84166,39,N
31750,84129,84166,37,S
31755,84168,84168,0,S
31756,84187,84188,1,N
31759,84207,84208,1,S
31758,84190,84210,20,E
31754,84165,84210,45,W
31757,84188,84210,22,W
31760,84211,84212,1,W
31761,84218,84218,0,E
31762,84234,84234,0,W
31764,84246,84246,0,E
31766,84257,84258,1,W
31765,84247,84270,23,N
31763,84246,84270,24,S
31769,84285,84286,1,S
31772,84307,84308,1,N
31767,84274,84316,42,E
31768,84280,84316,36,W
31770,84302,84316,14,E
31771,84303,84316,13,W
31774,84326,84326,0,W
31775,84330,84330,0,E
31776,84349,84350,1,W
31777,84358,84358,0,E
31780,84372,84372,0,W
31779,84367,84376,9,N
31773,84324,84376,52,S
31778,84363,84378,15,S
31783,84402,84402,0,S
31781,84386,84420,34,E
31782,84395,84420,25,W
31784,84414,84420,6,E
31785,84418,84420,2,W
31789,84442,84442,0,E
31788,84441,84442,1,W
31790,84464,84464,0,W
31791,84470,84470,0,E
31786,84427,84480,53,N
31787,84441,84480,39,S
31792,84480,84482,2,S
31793,84487,84488,1,N
31797,84519,84520,1,S
31795,84498,84526,28,E
31794,84487,84526,39,W
31798,84526,84526,0,E
31796,84510,84526,16,W
31799,84533,84534,1,W
31801,84554,84554,0,E
31802,84556,84556,0,W
31804,84579,84580,1,W
31805,84582,84582,0,E
31800,84547,84586,39,N
31803,84558,84586,28,S
31806,84597,84598,1,S
31808,84607,84608,1,N
31809,84610,84630,20,E
31807,84602,84630,28,W
31810,84625,84630,5,W
31812,84638,84638,0,E
31813,84648,84648,0,W
31814,84666,84666,0,E
31816,84671,84672,1,W
31815,84667,84690,23,N
31811,84636,84690,54,S
31817,84675,84692,17,S
31820,84714,84714,0,S
31823,84727,84728,1,N
31818,84694,84736,42,E
31819,84694,84736,42,W
31822,84722,84736,14,E
31821,84717,84736,19,W
31824,84740,84740,0,W
31825,84750,84750,0,E
31827,84763,84764,1,W
31828,84778,84778,0,E
31829,84786,84786,0,W
31830,84787,84796,9,N
31826,84753,84796,43,S
31831,84792,84798,6,S
31834,84831,84832,1,S
31832,84806,84840,34,E
31833,84809,84840,31,W
31836,84834,84840,6,E
31835,84832,84840,8,W
31838,84855,84856,1,W
31839,84862,84862,0,E
31841,84878,84878,0,W
31842,84890,84890,0,E
31837,84847,84900,53,N
31840,84870,84900,30,S
31844,84907,84908,1,N
31845,84909,84910,1,S
31846,84918,84946,28,E
31843,84901,84946,45,W
31848,84946,84946,0,E
31847,84924,84946,22,W
31849,84947,84948,1,W
31852,84970,84970,0,W
31853,84974,84974,0,E
31855,84993,84994,1,W
31856,85002,85002,0,E
31851,84967,85006,39,N
31850,84948,85006,58,S
31854,84987,85008,21,S
31858,85026,85026,0,S
31859,85027,85028,1,N
31860,85030,85050,20,E
31857,85016,85050,34,W
31861,85039,85050,11,W
31862,85058,85058,0,E
31863,85062,85062,0,W
31866,85086,85086,0,E
31865,85085,85086,1,W
31869,85108,85108,0,W
31867,85087,85110,23,N
31864,85065,85110,45,S
31868,85104,85112,8,S
31873,85143,85144,1,S
31874,85147,85148,1,N
31870,85114,85156,42,E
31871,85131,85156,25,W
31872,85142,85156,14,E
31875,85154,85156,2,W
31876,85170,85170,0,E
31877,85177,85178,1,W
31879,85198,85198,0,E
31880,85200,85200,0,W
31881,85207,85216,9,N
31878,85182,85216,34,S
31882,85221,85222,1,S
31884,85226,85260,34,E
31883,85223,85260,37,W
31886,85254,85260,6,E
31885,85246,85260,14,W
31889,85269,85270,1,W
31890,85282,85282,0,E
31891,85292,85292,0,W
31893,85310,85310,0,E
31894,85315,85316,1,W
31888,85267,85320,53,N
31887,85260,85320,60,S
31892,85299,85322,23,S
31895,85327,85328,1,N
31896,85338,85338,0,S
31897,85338,85366,28,E
31898,85338,85366,28,W
31900,85366,85366,0,E
31899,85361,85366,5,W
31902,85384,85384,0,W
31904,85394,85394,0,E
31905,85407,85408,1,W
31907,85422,85422,0,E
31903,85387,85426,39,N
31901,85377,85426,49,S
31906,85416,85428,12,S
31909,85447,85448,1,N
31912,85455,85456,1,S
31910,85450,85470,20,E
31908,85430,85470,40,W
31911,85453,85470,17,W
31913,85476,85476,0,W
31914,85478,85478,0,E
31916,85499,85500,1,W
31917,85506,85506,0,E
31919,85522,85522,0,W
31918,85507,85530,23,N
31915,85494,85530,36,S
31920,85533,85534,1,S
31924,85567,85568,1,N
31926,85572,85572,0,S
31921,85534,85576,42,E
31922,85545,85576,31,W
31923,85562,85576,14,E
31925,85568,85576,8,W
31927,85590,85590,0,E
31928,85591,85592,1,W
31930,85614,85614,0,W
31931,85618,85618,0,E
31932,85627,85636,9,N
31929,85611,85636,25,S
31935,85650,85650,0,S
31934,85646,85680,34,E
31933,85637,85680,43,W
31937,85674,85680,6,E
31936,85660,85680,20,W
31938,85683,85684,1,W
31941,85702,85702,0,E
31942,85706,85706,0,W
31945,85730,85730,0,E
31944,85729,85730,1,W
31939,85687,85740,53,N
31940,85689,85740,51,S
31943,85728,85742,14,S
31946,85747,85748,1,N
31949,85767,85768,1,S
31948,85758,85786,28,E
31947,85752,85786,34,W
31951,85786,85786,0,E
31950,85775,85786,11,W
31952,85798,85798,0,W
31955,85814,85814,0,E
31956,85821,85822,1,W
31957,85842,85842,0,E
31958,85844,85844,0,W
31954,85807,85846,39,N
31953,85806,85846,40,S
31959,85845,85848,3,S
31960,85867,85868,1,N
31963,85884,85884,0,S
31962,85870,85890,20,E
31961,85867,85890,23,W
31964,85890,85890,0,W
31965,85898,85898,0,E
31966,85913,85914,1,W
31968,85926,85926,0,E
31970,85936,85936,0,W
31969,85927,85950,23,N
31967,85923,85950,27,S
31973,85962,85962,0,S
31976,85987,85988,1,N
31971,85954,85996,42,E
31972,85959,85996,37,W
31974,85982,85996,14,E
31975,85982,85996,14,W
31978,86005,86006,1,W
31979,86010,86010,0,E
31980,86028,86028,0,W
31981,86038,86038,0,E
31984,86051,86052,1,W
31983,86047,86056,9,N
31977,86001,86056,55,S
31982,86040,86058,18,S
31987,86079,86080,1,S
31985,86066,86100,34,E
31986,86074,86100,26,W
31988,86094,86100,6,E
31989,86097,86100,3,W
31992,86120,86120,0,W
31993,86122,86122,0,E
31994,86143,86144,1,W
31995,86150,86150,0,E
31990,86107,86160,53,N
31991,86118,86160,42,S
31996,86157,86162,5,S
31998,86167,86168,1,N
32001,86196,86196,0,S
31999,86178,86206,28,E
31997,86166,86206,40,W
32002,86206,86206,0,E
32000,86189,86206,17,W
32003,86212,86212,0,W
32005,86234,86234,0,E
32007,86235,86236,1,W
32008,86258,86258,0,W
32009,86262,86262,0,E
32004,86227,86266,39,N
32006,86235,86266,31,S
32010,86274,86274,0,S
32012,86287,86288,1,N
32013,86290,86310,20,E
32011,86281,86310,29,W
32014,86304,86310,6,W
32016,86318,86318,0,E
32017,86327,86328,1,W
32018,86346,86346,0,E
32020,86350,86350,0,W
32019,86347,86370,23,N
32015,86313,86370,57,S
32021,86352,86372,20,S
32024,86391,86392,1,S
