Car_Number,Arrive,Depart,Wait,Direction
3,0,0,0,E
4,0,0,0,W
1,0,60,60,N
2,0,60,60,S
5,98,105,7,W
6,122,123,1,E
7,183,183,0,N
9,201,201,0,S
8,196,210,14,W
10,244,246,2,E
11,294,315,21,W
13,366,366,0,E
12,366,375,9,N
15,402,402,0,S
14,392,420,28,W
16,488,525,37,E
17,490,525,35,W
18,549,585,36,N
20,603,603,0,S
21,610,630,20,E
19,588,630,42,W
22,686,687,1,W
23,732,732,0,N
24,732,735,3,E
25,784,786,2,W
26,804,804,0,S
27,854,855,1,E
28,882,882,0,W
29,915,915,0,N
30,976,978,2,E
31,980,981,1,W
32,1005,1005,0,S
33,1078,1080,2,W
35,1098,1098,0,E
34,1098,1110,12,N
36,1176,1176,0,W
37,1206,1215,9,S
38,1220,1260,40,E
39,1274,1275,1,W
40,1281,1320,39,N
41,1342,1365,23,E
42,1372,1374,2,W
43,1407,1425,18,S
44,1464,1464,0,N
45,1464,1470,6,E
46,1470,1470,0,W
47,1568,1575,7,W
48,1586,1587,1,E
49,1608,1635,27,S
50,1647,1647,0,N
51,1666,1680,14,W
52,1708,1710,2,E
53,1764,1785,21,W
56,1830,1830,0,E
55,1830,1845,15,N
54,1809,1845,36,S
57,1862,1890,28,W
58,1952,1995,43,E
59,1960,1995,35,W
61,2013,2055,42,N
60,2010,2055,45,S
63,2074,2100,26,E
62,2058,2100,42,W
64,2156,2157,1,W
65,2196,2196,0,N
66,2196,2205,9,E
68,2254,2256,2,W
67,2211,2265,54,S
69,2318,2319,1,E
70,2352,2352,0,W
71,2379,2379,0,N
72,2412,2412,0,S
73,2440,2442,2,E
74,2450,2451,1,W
75,2548,2550,2,W
77,2562,2562,0,E
76,2562,2580,18,N
78,2613,2613,0,S
79,2646,2646,0,W
80,2684,2730,46,E
81,2744,2745,1,W
82,2745,2790,45,N
84,2814,2814,0,S
83,2806,2835,29,E
85,2842,2844,2,W
86,2928,2928,0,N
87,2928,2940,12,E
88,2940,2940,0,W
89,3015,3015,0,S
90,3038,3045,7,W
91,3050,3051,1,E
92,3111,3111,0,N
93,3136,3150,14,W
94,3172,3174,2,E
95,3216,3216,0,S
96,3234,3255,21,W
98,3294,3294,0,E
97,3294,3315,21,N
99,3332,3360,28,W
100,3416,3417,1,E
101,3417,3420,3,S
102,3430,3465,35,W
103,3477,3525,48,N
105,3538,3570,32,E
104,3528,3570,42,W
107,3626,3627,1,W
106,3618,3630,12,S
108,3660,3660,0,N
109,3660,3675,15,E
110,3779,3780,1,W
111,3850,3885,35,E
113,3932,3933,1,W
114,3945,3945,0,N
112,3930,3945,15,S
115,4040,4041,1,E
116,4085,4095,10,W
118,4230,4230,0,E
119,4238,4239,1,W
117,4230,4260,30,N
120,4242,4260,18,S
121,4391,4410,19,W
122,4420,4422,2,E
124,4544,4545,1,W
123,4515,4575,60,N
125,4554,4575,21,S
126,4610,4620,10,E
127,4697,4725,28,W
128,4800,4800,0,N
129,4800,4830,30,E
130,4850,4851,1,W
131,4866,4890,24,S
132,4990,4992,2,E
133,5003,5040,37,W
134,5085,5100,15,N
135,5156,5157,1,W
137,5180,5181,1,E
136,5178,5205,27,S
138,5309,5355,46,W
140,5370,5370,0,E
139,5370,5415,45,N
141,5462,5463,1,W
142,5490,5520,30,S
143,5560,5565,5,E
144,5615,5616,1,W
145,5655,5655,0,N
146,5750,5775,25,E
147,5768,5775,7,W
148,5802,5835,33,S
149,5921,5922,1,W
150,5940,5940,0,N
151,5940,5985,45,E
152,6074,6090,16,W
154,6130,6132,2,E
153,6114,6150,36,S
156,6227,6228,1,W
155,6225,6255,30,N
157,6320,6321,1,E
158,6380,6405,25,W
159,6426,6465,39,S
161,6510,6510,0,E
162,6533,6534,1,W
160,6510,6570,60,N
164,6700,6720,20,E
163,6686,6720,34,W
165,6738,6780,42,S
166,6795,6795,0,N
167,6839,6840,1,W
168,6890,6930,40,E
169,6992,7035,43,W
172,7080,7080,0,E
171,7080,7095,15,N
170,7050,7095,45,S
173,7145,7146,1,W
174,7270,7272,2,E
175,7298,7299,1,W
177,7365,7410,45,N
176,7362,7410,48,S
178,7467,7467,0,W
179,7481,7482,1,E
180,7636,7665,29,W
182,7692,7692,0,E
181,7680,7725,45,N
183,7708,7725,17,S
184,7805,7806,1,W
185,7903,7905,2,E
186,7974,7980,6,W
187,7995,8040,45,N
188,8054,8055,1,S
189,8114,8115,1,E
190,8143,8190,47,W
192,8312,8313,1,W
193,8325,8325,0,E
191,8310,8355,45,N
194,8400,8460,60,S
195,8481,8505,24,W
196,8536,8538,2,E
198,8650,8652,2,W
197,8625,8670,45,N
200,8747,8748,1,E
199,8746,8775,29,S
201,8819,8820,1,W
203,8958,8958,0,E
202,8940,8985,45,N
204,8988,9030,42,W
205,9092,9093,1,S
206,9157,9159,2,W
207,9169,9171,2,E
208,9255,9300,45,N
209,9326,9345,19,W
210,9380,9381,1,E
211,9438,9438,0,S
212,9495,9495,0,W
214,9591,9591,0,E
213,9570,9615,45,N
215,9664,9666,2,W
217,9802,9804,2,E
216,9784,9825,41,S
218,9833,9870,37,W
219,9885,9930,45,N
220,10002,10002,0,W
221,10013,10014,1,E
222,10130,10140,10,S
223,10171,10185,14,W
225,10224,10224,0,E
224,10200,10245,45,N
226,10340,10341,1,W
227,10435,10437,2,E
228,10476,10476,0,S
229,10509,10509,0,W
230,10515,10560,45,N
231,10646,10647,1,E
232,10678,10710,32,W
235,10847,10848,1,W
236,10857,10857,0,E
234,10830,10875,45,N
233,10822,10875,53,S
237,10986,11025,39,W
238,11031,11031,0,E
239,11090,11091,1,N
240,11107,11109,2,S
241,11125,11130,5,W
242,11205,11235,30,E
243,11264,11265,1,W
245,11379,11379,0,E
244,11350,11400,50,N
246,11392,11400,8,S
247,11403,11445,42,W
248,11542,11550,8,W
249,11553,11553,0,E
250,11610,11610,0,N
252,11681,11682,1,W
251,11677,11715,38,S
253,11727,11760,33,E
254,11820,11865,45,W
256,11901,11901,0,E
255,11870,11925,55,N
258,11962,11964,2,S
257,11959,11970,11,W
259,12075,12075,0,E
260,12098,12099,1,W
261,12130,12135,5,N
262,12237,12237,0,W
263,12247,12249,2,S
264,12249,12285,36,E
265,12376,12390,14,W
267,12423,12423,0,E
266,12390,12450,60,N
268,12515,12516,1,W
269,12532,12555,23,S
270,12597,12600,3,E
272,12654,12654,0,W
271,12650,12660,10,N
273,12771,12810,39,E
274,12793,12810,17,W
275,12817,12870,53,S
276,12910,12912,2,N
277,12932,12933,1,W
278,12945,12945,0,E
279,13071,13071,0,W
280,13102,13104,2,S
281,13119,13125,6,E
282,13170,13185,15,N
283,13210,13230,20,W
284,13293,13335,42,E
285,13349,13350,1,W
286,13387,13395,8,S
287,13430,13431,1,N
288,13467,13467,0,E
289,13488,13488,0,W
291,13641,13650,9,E
290,13627,13650,23,W
293,13690,13710,20,N
292,13672,13710,38,S
294,13766,13767,1,W
295,13815,13860,45,E
296,13905,13905,0,W
297,13950,13950,0,N
298,13957,13959,2,S
299,13989,13989,0,E
300,14044,14070,26,W
301,14163,14175,12,E
302,14183,14184,1,W
303,14210,14235,25,N
304,14242,14244,2,S
305,14322,14322,0,W
306,14337,14337,0,E
308,14470,14472,2,N
307,14461,14490,29,W
309,14511,14511,0,E
311,14541,14541,0,W
310,14527,14550,23,S
312,14611,14613,2,E
314,14621,14622,1,W
313,14620,14655,35,N
315,14691,14691,0,S
316,14701,14703,2,W
317,14711,14712,1,E
318,14770,14772,2,N
319,14781,14805,24,W
320,14811,14811,0,E
322,14861,14862,1,W
321,14855,14865,10,S
323,14911,14913,2,E
325,14941,14943,2,W
324,14920,14970,50,N
326,15011,15015,4,E
328,15021,15021,0,W
329,15070,15075,5,N
327,15019,15075,56,S
331,15111,15120,9,E
330,15101,15120,19,W
333,15183,15183,0,S
335,15220,15222,2,N
334,15211,15225,14,E
332,15181,15225,44,W
336,15261,15261,0,W
337,15311,15330,19,E
338,15341,15342,1,W
340,15370,15390,20,N
339,15347,15390,43,S
341,15411,15435,24,E
342,15421,15435,14,W
344,15511,15513,2,S
346,15520,15522,2,N
345,15511,15540,29,E
343,15501,15540,39,W
347,15581,15582,1,W
348,15611,15645,34,E
349,15661,15663,2,W
350,15670,15705,35,N
351,15675,15705,30,S
352,15711,15750,39,E
353,15741,15750,9,W
355,15820,15822,2,N
357,15839,15840,1,S
354,15811,15855,44,E
356,15821,15855,34,W
358,15901,15903,2,W
359,15911,15912,1,E
361,15981,15981,0,W
363,16011,16011,0,E
360,15970,16020,50,N
362,16003,16020,17,S
364,16061,16065,4,W
365,16111,16113,2,E
366,16120,16125,5,N
368,16167,16167,0,S
367,16141,16170,29,W
369,16211,16212,1,E
370,16221,16221,0,W
371,16270,16272,2,N
372,16301,16302,1,W
373,16311,16311,0,E
374,16331,16335,4,S
375,16381,16383,2,W
376,16411,16413,2,E
377,16420,16440,20,N
378,16461,16485,24,W
380,16511,16512,1,E
381,16541,16542,1,W
379,16495,16545,50,S
382,16570,16572,2,N
383,16611,16611,0,E
384,16621,16623,2,W
385,16659,16659,0,S
386,16701,16701,0,W
387,16711,16713,2,E
388,16720,16755,35,N
389,16781,16800,19,W
390,16811,16812,1,E
391,16823,16860,37,S
393,16870,16872,2,N
392,16861,16905,44,W
394,16911,16911,0,E
395,16941,16941,0,W
396,16987,16989,2,S
397,17011,17013,2,E
399,17021,17022,1,W
398,17020,17070,50,N
401,17111,17115,4,E
400,17101,17115,14,W
403,17170,17175,5,N
402,17151,17175,24,S
405,17211,17220,9,E
404,17181,17220,39,W
406,17261,17262,1,W
408,17315,17316,1,S
409,17320,17322,2,N
407,17311,17325,14,E
410,17341,17343,2,W
411,17411,17430,19,E
412,17421,17430,9,W
413,17470,17490,20,N
414,17479,17490,11,S
416,17511,17535,24,E
415,17501,17535,34,W
417,17581,17583,2,W
419,17620,17622,2,N
418,17611,17640,29,E
421,17661,17661,0,W
420,17643,17700,57,S
422,17711,17745,34,E
423,17741,17745,4,W
424,17770,17805,35,N
425,17807,17808,1,S
426,17811,17850,39,E
427,17821,17850,29,W
428,17901,17901,0,W
430,17920,17922,2,N
429,17911,17955,44,E
432,17981,17982,1,W
433,18011,18012,1,E
431,17971,18015,44,S
434,18054,18060,6,E
435,18061,18063,2,W
437,18095,18096,1,W
438,18097,18099,2,E
436,18070,18120,50,N
440,18134,18135,1,N
441,18135,18135,0,S
442,18140,18165,25,E
439,18129,18165,36,W
443,18163,18168,5,W
444,18183,18183,0,E
445,18197,18198,1,W
446,18198,18225,27,N
447,18206,18225,19,S
450,18262,18264,2,N
448,18226,18270,44,E
449,18231,18270,39,W
452,18269,18273,4,E
451,18265,18273,8,W
454,18299,18300,1,W
455,18312,18312,0,E
456,18326,18330,4,N
453,18277,18330,53,S
458,18348,18348,0,S
459,18355,18375,20,E
457,18333,18375,42,W
460,18367,18378,11,W
462,18398,18399,1,E
463,18401,18402,1,W
461,18390,18435,45,N
464,18419,18435,16,S
467,18454,18456,2,N
466,18441,18480,39,E
465,18435,18480,45,W
468,18469,18483,14,W
469,18484,18486,2,E
471,18503,18504,1,W
473,18527,18528,1,E
474,18537,18537,0,W
472,18518,18540,22,N
470,18490,18540,50,S
475,18561,18561,0,S
478,18582,18582,0,N
476,18570,18585,15,E
477,18571,18585,14,W
479,18605,18606,1,W
480,18613,18615,2,E
482,18639,18639,0,W
481,18632,18645,13,S
483,18646,18648,2,N
484,18656,18690,34,E
485,18673,18690,17,W
486,18699,18699,0,E
488,18707,18708,1,W
490,18741,18741,0,W
491,18742,18744,2,E
489,18710,18750,40,N
487,18703,18750,47,S
493,18774,18774,0,N
492,18774,18774,0,S
495,18785,18795,10,E
494,18775,18795,20,W
496,18809,18810,1,W
497,18828,18828,0,E
499,18843,18843,0,W
498,18838,18855,17,N
500,18845,18855,10,S
501,18871,18900,29,E
502,18877,18900,23,W
504,18911,18912,1,W
505,18914,18915,1,E
507,18945,18945,0,W
508,18957,18957,0,E
503,18902,18960,58,N
506,18916,18960,44,S
509,18966,18966,0,N
511,18987,18987,0,S
512,19000,19005,5,E
510,18979,19005,26,W
513,19013,19014,1,W
515,19043,19044,1,E
516,19047,19047,0,W
514,19030,19065,35,N
517,19058,19065,7,S
520,19094,19095,1,N
519,19086,19110,24,E
518,19081,19110,29,W
521,19115,19116,1,W
523,19129,19131,2,E
524,19149,19149,0,W
525,19158,19170,12,N
522,19129,19170,41,S
528,19200,19200,0,S
526,19172,19215,43,E
527,19183,19215,32,W
529,19215,19218,3,E
530,19217,19218,1,W
532,19251,19251,0,W
533,19258,19260,2,E
531,19222,19275,53,N
534,19271,19275,4,S
536,19286,19287,1,N
537,19301,19320,19,E
535,19285,19320,35,W
538,19319,19323,4,W
540,19344,19344,0,E
542,19353,19353,0,W
541,19350,19380,30,N
539,19342,19380,38,S
545,19413,19413,0,S
546,19414,19416,2,N
543,19387,19425,38,E
544,19387,19425,38,W
547,19421,19428,7,W
548,19430,19431,1,E
549,19455,19455,0,W
550,19473,19473,0,E
551,19478,19485,7,N
552,19484,19485,1,S
554,19516,19530,14,E
553,19489,19530,41,W
555,19523,19533,10,W
558,19557,19557,0,W
559,19559,19560,1,E
556,19542,19590,48,N
557,19555,19590,35,S
562,19606,19608,2,N
564,19626,19626,0,S
561,19602,19635,33,E
560,19591,19635,44,W
563,19625,19638,13,W
565,19645,19647,2,E
566,19659,19659,0,W
568,19688,19689,1,E
567,19670,19695,25,N
570,19697,19698,1,S
573,19734,19734,0,N
572,19731,19740,9,E
569,19693,19740,47,W
571,19727,19743,16,W
574,19761,19761,0,W
576,19774,19776,2,E
577,19795,19797,2,W
578,19798,19800,2,N
575,19768,19800,32,S
581,19839,19839,0,S
579,19817,19845,28,E
580,19829,19845,16,W
582,19860,19860,0,E
584,19863,19863,0,W
585,19897,19899,2,W
583,19862,19905,43,N
587,19910,19911,1,S
588,19926,19926,0,N
586,19903,19950,47,E
589,19931,19950,19,W
590,19946,19953,7,E
591,19965,19965,0,W
593,19989,19989,0,E
595,19999,20001,2,W
594,19990,20010,20,N
592,19981,20010,29,S
598,20052,20052,0,S
596,20032,20055,23,E
597,20033,20055,22,W
600,20067,20067,0,W
601,20075,20076,1,E
602,20101,20103,2,W
599,20054,20115,61,N
603,20118,20118,0,N
605,20123,20124,1,S
604,20118,20160,42,E
606,20135,20160,25,W
607,20161,20163,2,E
608,20169,20169,0,W
612,20204,20205,1,E
611,20203,20205,2,W
609,20182,20220,38,N
610,20194,20220,26,S
614,20246,20247,1,N
615,20247,20265,18,E
613,20237,20265,28,W
617,20271,20271,0,W
618,20290,20292,2,E
619,20305,20307,2,W
620,20310,20325,15,N
616,20265,20325,60,S
622,20336,20337,1,S
621,20333,20370,37,E
623,20339,20370,31,W
624,20373,20373,0,W
626,20376,20376,0,E
628,20407,20409,2,W
629,20419,20421,2,E
625,20374,20430,56,N
627,20407,20430,23,S
630,20438,20439,1,N
632,20462,20475,13,E
631,20441,20475,34,W
633,20475,20478,3,W
636,20505,20505,0,E
637,20509,20511,2,W
635,20502,20535,33,N
634,20478,20535,57,S
640,20549,20550,1,S
641,20566,20568,2,N
639,20548,20580,32,E
638,20543,20580,37,W
642,20577,20583,6,W
643,20591,20592,1,E
644,20611,20613,2,W
647,20634,20634,0,E
646,20630,20640,10,N
645,20620,20640,20,S
649,20677,20685,8,E
648,20645,20685,40,W
650,20679,20688,9,W
653,20713,20715,2,W
654,20720,20721,1,E
652,20694,20745,51,N
651,20691,20745,54,S
656,20758,20760,2,N
657,20762,20763,1,S
658,20763,20790,27,E
655,20747,20790,43,W
659,20781,20793,12,W
660,20806,20808,2,E
661,20815,20817,2,W
662,20822,20850,28,N
663,20833,20850,17,S
667,20886,20886,0,N
664,20849,20895,46,E
665,20849,20895,46,W
668,20892,20898,6,E
666,20883,20898,15,W
670,20917,20919,2,W
671,20935,20937,2,E
673,20951,20952,1,W
672,20950,20955,5,N
669,20904,20955,51,S
674,20975,20976,1,S
675,20978,21000,22,E
676,20985,21000,15,W
679,21021,21021,0,E
678,21019,21021,2,W
681,21053,21054,1,W
677,21014,21060,46,N
680,21046,21060,14,S
683,21078,21078,0,N
682,21064,21105,41,E
684,21087,21105,18,W
685,21107,21108,1,E
687,21121,21123,2,W
689,21150,21150,0,E
690,21155,21156,1,W
688,21142,21165,23,N
686,21117,21165,48,S
691,21188,21189,1,S
694,21206,21207,1,N
693,21193,21210,17,E
692,21189,21210,21,W
695,21223,21225,2,W
696,21236,21237,1,E
697,21257,21258,1,W
699,21270,21270,0,N
698,21259,21270,11,S
700,21279,21315,36,E
701,21291,21315,24,W
702,21322,21324,2,E
703,21325,21327,2,W
706,21359,21360,1,W
707,21365,21366,1,E
705,21334,21375,41,N
704,21330,21375,45,S
709,21398,21399,1,N
710,21401,21402,1,S
711,21408,21420,12,E
708,21393,21420,27,W
712,21427,21429,2,W
713,21451,21453,2,E
714,21461,21462,1,W
715,21462,21480,18,N
716,21472,21480,8,S
717,21494,21525,31,E
718,21495,21525,30,W
720,21529,21531,2,W
721,21537,21537,0,E
723,21563,21564,1,W
724,21580,21582,2,E
719,21526,21585,59,N
722,21543,21585,42,S
725,21590,21591,1,N
727,21614,21615,1,S
728,21623,21630,7,E
726,21597,21630,33,W
729,21631,21633,2,W
730,21643,21645,2,E
732,21647,21648,1,W
734,21663,21663,0,E
735,21663,21663,0,W
736,21679,21681,2,W
738,21683,21684,1,E
733,21654,21690,36,N
731,21647,21690,43,S
739,21684,21693,9,N
737,21680,21693,13,S
744,21714,21714,0,N
743,21713,21714,1,S
741,21703,21735,32,E
740,21695,21735,40,W
745,21723,21738,15,E
742,21711,21738,27,W
746,21727,21741,14,W
747,21743,21744,1,E
748,21743,21744,1,W
751,21759,21759,0,W
752,21763,21765,2,E
754,21775,21777,2,W
756,21783,21783,0,E
757,21791,21792,1,W
749,21744,21795,51,N
750,21746,21795,49,S
753,21774,21798,24,N
755,21779,21798,19,S
759,21804,21804,0,N
761,21812,21813,1,S
764,21834,21834,0,N
758,21803,21840,37,E
760,21807,21840,33,W
762,21823,21843,20,E
763,21823,21843,20,W
766,21843,21846,3,E
765,21839,21846,7,W
768,21855,21855,0,W
769,21863,21864,1,E
771,21871,21873,2,W
773,21883,21885,2,E
774,21887,21888,1,W
770,21864,21900,36,N
767,21845,21900,55,S
775,21894,21903,9,N
772,21878,21903,25,S
778,21911,21912,1,S
781,21924,21924,0,N
776,21903,21945,42,E
777,21903,21945,42,W
780,21923,21948,25,E
779,21919,21948,29,W
783,21943,21951,8,E
782,21935,21951,16,W
785,21951,21954,3,W
787,21963,21963,0,E
788,21967,21969,2,W
790,21983,21984,1,E
791,21983,21984,1,W
793,21999,21999,0,W
786,21954,22005,51,N
784,21944,22005,61,S
792,21984,22008,24,N
789,21977,22008,31,S
795,22010,22011,1,S
796,22014,22014,0,N
802,22044,22044,0,N
800,22043,22044,1,S
794,22003,22050,47,E
797,22015,22050,35,W
798,22023,22053,30,E
799,22031,22053,22,W
801,22043,22056,13,E
803,22047,22056,9,W
804,22063,22065,2,E
805,22063,22065,2,W
808,22079,22080,1,W
809,22083,22083,0,E
810,22095,22095,0,W
811,22103,22104,1,E
806,22074,22110,36,N
807,22076,22110,34,S
812,22104,22113,9,N
813,22109,22113,4,S
817,22134,22134,0,N
818,22142,22143,1,S
815,22123,22155,32,E
814,22111,22155,44,W
819,22143,22158,15,E
816,22127,22158,31,W
820,22143,22161,18,W
822,22163,22164,1,E
821,22159,22164,5,W
825,22175,22176,1,W
826,22183,22185,2,E
827,22191,22191,0,W
829,22203,22203,0,E
830,22207,22209,2,W
823,22164,22215,51,N
824,22175,22215,40,S
828,22194,22218,24,N
831,22208,22218,10,S
834,22224,22224,0,N
836,22241,22242,1,S
838,22254,22254,0,N
832,22223,22260,37,E
833,22223,22260,37,W
837,22243,22263,20,E
835,22239,22263,24,W
840,22263,22266,3,E
839,22255,22266,11,W
841,22271,22272,1,W
843,22283,22284,1,E
845,22287,22287,0,W
846,22303,22305,2,E
847,22303,22305,2,W
844,22284,22320,36,N
842,22274,22320,46,S
849,22314,22323,9,N
848,22307,22323,16,S
853,22340,22341,1,S
855,22344,22344,0,N
851,22323,22365,42,E
850,22319,22365,46,W
854,22343,22368,25,E
852,22335,22368,33,W
857,22363,22371,8,E
856,22351,22371,20,W
858,22367,22374,7,W
861,22383,22383,0,E
862,22383,22383,0,W
863,22399,22401,2,W
864,22403,22404,1,E
867,22415,22416,1,W
860,22374,22425,51,N
859,22373,22425,52,S
865,22404,22428,24,N
866,22406,22428,22,S
870,22434,22434,0,N
871,22439,22440,1,S
876,22464,22464,0,N
868,22423,22470,47,E
869,22431,22470,39,W
872,22443,22473,30,E
873,22447,22473,26,W
874,22463,22476,13,E
875,22463,22476,13,W
878,22479,22479,0,W
879,22483,22485,2,E
881,22495,22497,2,W
882,22503,22503,0,E
884,22511,22512,1,W
885,22523,22524,1,E
887,22527,22527,0,W
880,22494,22530,36,N
877,22472,22530,58,S
886,22524,22533,9,N
883,22505,22533,28,S
888,22538,22539,1,S
891,22554,22554,0,N
894,22571,22572,1,S
889,22543,22575,32,E
890,22543,22575,32,W
893,22563,22578,15,E
892,22559,22578,19,W
895,22575,22581,6,W
896,22583,22584,1,E
898,22591,22593,2,W
899,22603,22605,2,E
901,22607,22608,1,W
903,22623,22623,0,E
904,22623,22623,0,W
897,22584,22635,51,N
900,22604,22635,31,S
902,22614,22638,24,N
905,22637,22638,1,S
908,22644,22644,0,N
911,22670,22671,1,S
913,22674,22674,0,N
907,22643,22680,37,E
906,22639,22680,41,W
910,22663,22683,20,E
909,22655,22683,28,W
914,22683,22686,3,E
912,22671,22686,15,W
915,22687,22689,2,W
917,22703,22704,1,E
918,22703,22704,1,W
920,22719,22719,0,W
921,22723,22725,2,E
923,22735,22737,2,W
919,22704,22740,36,N
916,22703,22740,37,S
922,22734,22743,9,N
924,22736,22743,7,S
928,22764,22764,0,N
930,22769,22770,1,S
925,22743,22785,42,E
926,22751,22785,34,W
927,22763,22788,25,E
929,22767,22788,21,W
931,22783,22791,8,E
932,22783,22791,8,W
934,22799,22800,1,W
936,22803,22803,0,E
937,22815,22815,0,W
938,22823,22824,1,E
940,22831,22833,2,W
933,22794,22845,51,N
935,22802,22845,43,S
939,22824,22848,24,N
941,22835,22848,13,S
944,22854,22854,0,N
947,22868,22869,1,S
950,22884,22884,0,N
942,22843,22890,47,E
943,22847,22890,43,W
945,22863,22893,30,E
946,22863,22893,30,W
949,22883,22896,13,E
948,22879,22896,17,W
951,22895,22899,4,W
953,22903,22905,2,E
954,22911,22911,0,W
956,22923,22923,0,E
957,22927,22929,2,W
959,22943,22944,1,E
960,22943,22944,1,W
955,22914,22950,36,N
952,22901,22950,49,S
961,22944,22953,9,N
958,22934,22953,19,S
964,22967,22968,1,S
965,22974,22974,0,N
963,22963,22995,32,E
962,22959,22995,36,W
967,22983,22998,15,E
966,22975,22998,23,W
968,22991,23001,10,W
970,23003,23004,1,E
972,23007,23007,0,W
973,23023,23025,2,E
974,23023,23025,2,W
977,23039,23040,1,W
978,23043,23043,0,E
971,23004,23055,51,N
969,23000,23055,55,S
976,23034,23058,24,N
975,23033,23058,25,S
981,23064,23064,0,N
982,23066,23067,1,S
986,23094,23094,0,N
980,23063,23100,37,E
979,23055,23100,45,W
984,23083,23103,20,E
983,23071,23103,32,W
988,23103,23106,3,E
985,23087,23106,19,W
989,23103,23109,6,W
990,23119,23121,2,W
991,23123,23124,1,E
994,23135,23136,1,W
995,23143,23145,2,E
996,23151,23151,0,W
992,23124,23160,36,N
987,23099,23160,61,S
997,23154,23163,9,N
993,23132,23163,31,S
999,23165,23166,1,S
1003,23184,23184,0,N
1004,23198,23199,1,S
998,23163,23205,42,E
1000,23167,23205,38,W
1001,23183,23208,25,E
1002,23183,23208,25,W
1006,23203,23211,8,E
1005,23199,23211,12,W
1008,23215,23217,2,W
1009,23223,23223,0,E
1011,23231,23232,1,W
1012,23243,23244,1,E
1014,23247,23247,0,W
1007,23214,23265,51,N
1010,23231,23265,34,S
1013,23244,23268,24,N
1017,23264,23268,4,S
1018,23274,23274,0,N
1022,23297,23298,1,S
1024,23304,23304,0,N
1015,23263,23310,47,E
1016,23263,23310,47,W
1020,23283,23313,30,E
1019,23279,23313,34,W
1023,23303,23316,13,E
1021,23295,23316,21,W
1025,23311,23319,8,W
1026,23323,23325,2,E
1027,23327,23328,1,W
1030,23343,23343,0,E
1031,23343,23343,0,W
1032,23359,23361,2,W
1034,23363,23364,1,E
1029,23334,23370,36,N
1028,23330,23370,40,S
1035,23364,23373,9,N
1033,23363,23373,10,S
1039,23394,23394,0,N
1040,23396,23397,1,S
1037,23383,23415,32,E
1036,23375,23415,40,W
1041,23403,23418,15,E
1038,23391,23418,27,W
1042,23407,23421,14,W
1043,23423,23424,1,E
1044,23423,23424,1,W
1047,23439,23439,0,W
1048,23443,23445,2,E
1050,23455,23457,2,W
1052,23463,23463,0,E
1053,23471,23472,1,W
1045,23424,23475,51,N
1046,23429,23475,46,S
1049,23454,23478,24,N
1051,23462,23478,16,S
1055,23484,23484,0,N
1057,23495,23496,1,S
1060,23514,23514,0,N
1054,23483,23520,37,E
1056,23487,23520,33,W
1058,23503,23523,20,E
1059,23503,23523,20,W
1062,23523,23526,3,E
1061,23519,23526,7,W
1064,23535,23535,0,W
1065,23543,23544,1,E
1067,23551,23553,2,W
1069,23563,23565,2,E
1070,23567,23568,1,W
1066,23544,23580,36,N
1063,23528,23580,52,S
1071,23574,23583,9,N
1068,23561,23583,22,S
1074,23594,23595,1,S
1077,23604,23604,0,N
1072,23583,23625,42,E
1073,23583,23625,42,W
1076,23603,23628,25,E
1075,23599,23628,29,W
1079,23623,23631,8,E
1078,23615,23631,16,W
1081,23631,23634,3,W
1083,23643,23643,0,E
1084,23647,23649,2,W
1086,23663,23664,1,E
1087,23663,23664,1,W
1089,23679,23679,0,W
1082,23634,23685,51,N
1080,23627,23685,58,S
1088,23664,23688,24,N
1085,23660,23688,28,S
1092,23694,23694,0,N
1091,23693,23694,1,S
1097,23724,23724,0,N
1098,23726,23727,1,S
1090,23683,23730,47,E
1093,23695,23730,35,W
1094,23703,23733,30,E
1095,23711,23733,22,W
1096,23723,23736,13,E
1099,23727,23736,9,W
1100,23743,23745,2,E
1101,23743,23745,2,W
1104,23759,23760,1,W
1105,23763,23763,0,E
1106,23775,23775,0,W
1107,23783,23784,1,E
1102,23754,23790,36,N
1103,23759,23790,31,S
1108,23784,23793,9,N
1110,23792,23793,1,S
1113,23814,23814,0,N
1116,23825,23826,1,S
1111,23803,23835,32,E
1109,23791,23835,44,W
1114,23823,23838,15,E
1112,23807,23838,31,W
1115,23823,23841,18,W
1118,23843,23844,1,E
1117,23839,23844,5,W
1120,23855,23856,1,W
1122,23863,23865,2,E
1123,23871,23871,0,W
1125,23883,23883,0,E
1126,23887,23889,2,W
1119,23844,23895,51,N
1121,23858,23895,37,S
1124,23874,23898,24,N
1127,23891,23898,7,S
1130,23904,23904,0,N
1133,23924,23925,1,S
1134,23934,23934,0,N
1128,23903,23940,37,E
1129,23903,23940,37,W
1132,23923,23943,20,E
1131,23919,23943,24,W
1136,23943,23946,3,E
1135,23935,23946,11,W
1137,23951,23952,1,W
1139,23963,23964,1,E
1141,23967,23967,0,W
1142,23983,23985,2,E
1143,23983,23985,2,W
1140,23964,24000,36,N
1138,23957,24000,43,S
1145,23994,24003,9,N
1144,23990,24003,13,S
1151,24024,24024,0,N
1149,24023,24024,1,S
1147,24003,24045,42,E
1146,23999,24045,46,W
1150,24023,24048,25,E
1148,24015,24048,33,W
1153,24043,24051,8,E
1152,24031,24051,20,W
1154,24047,24054,7,W
1157,24063,24063,0,E
1158,24063,24063,0,W
1159,24079,24081,2,W
1160,24083,24084,1,E
1163,24095,24096,1,W
1155,24054,24105,51,N
1156,24056,24105,49,S
1161,24084,24108,24,N
1162,24089,24108,19,S
1166,24114,24114,0,N
1167,24122,24123,1,S
1172,24144,24144,0,N
1164,24103,24150,47,E
1165,24111,24150,39,W
1168,24123,24153,30,E
1169,24127,24153,26,W
1170,24143,24156,13,E
1171,24143,24156,13,W
1174,24159,24159,0,W
1175,24163,24165,2,E
1177,24175,24177,2,W
1178,24183,24183,0,E
1180,24191,24192,1,W
1181,24203,24204,1,E
1183,24207,24207,0,W
1176,24174,24210,36,N
1173,24155,24210,55,S
1182,24204,24213,9,N
1179,24188,24213,25,S
1184,24221,24222,1,S
1187,24234,24234,0,N
1185,24223,24255,32,E
1186,24223,24255,32,W
1189,24243,24258,15,E
1188,24239,24258,19,W
1191,24255,24261,6,W
1192,24263,24264,1,E
1194,24271,24273,2,W
1195,24283,24285,2,E
1197,24287,24288,1,W
1199,24303,24303,0,E
1200,24303,24303,0,W
1193,24264,24315,51,N
1190,24254,24315,61,S
1198,24294,24318,24,N
1196,24287,24318,31,S
1202,24320,24321,1,S
1204,24324,24324,0,N
1209,24354,24354,0,N
1208,24353,24354,1,S
1203,24323,24360,37,E
1201,24319,24360,41,W
1206,24343,24363,20,E
1205,24335,24363,28,W
1210,24363,24366,3,E
1207,24351,24366,15,W
1211,24367,24369,2,W
1212,24383,24384,1,E
1213,24383,24384,1,W
1216,24399,24399,0,W
1217,24403,24405,2,E
1219,24415,24417,2,W
1214,24384,24420,36,N
1215,24386,24420,34,S
1218,24414,24423,9,N
1220,24419,24423,4,S
1224,24444,24444,0,N
1226,24452,24453,1,S
1221,24423,24465,42,E
1222,24431,24465,34,W
1223,24443,24468,25,E
1225,24447,24468,21,W
1227,24463,24471,8,E
1228,24463,24471,8,W
1230,24479,24480,1,W
1231,24483,24483,0,E
1233,24495,24495,0,W
1234,24503,24504,1,E
1236,24511,24513,2,W
1229,24474,24525,51,N
1232,24485,24525,40,S
1235,24504,24528,24,N
1237,24518,24528,10,S
1240,24534,24534,0,N
1243,24551,24552,1,S
1246,24564,24564,0,N
1238,24523,24570,47,E
1239,24527,24570,43,W
1241,24543,24573,30,E
1242,24543,24573,30,W
1245,24563,24576,13,E
1244,24559,24576,17,W
1247,24575,24579,4,W
1248,24583,24585,2,E
1250,24591,24591,0,W
1252,24603,24603,0,E
1253,24607,24609,2,W
1255,24623,24624,1,E
1256,24623,24624,1,W
1251,24594,24630,36,N
1249,24584,24630,46,S
1257,24624,24633,9,N
1254,24617,24633,16,S
1260,24650,24651,1,S
1261,24654,24654,0,N
1259,24643,24675,32,E
1258,24639,24675,36,W
1263,24663,24678,15,E
1262,24655,24678,23,W
1264,24671,24681,10,W
1266,24683,24684,1,E
1268,24687,24687,0,W
1269,24703,24705,2,E
1270,24703,24705,2,W
1273,24719,24720,1,W
1274,24723,24723,0,E
1267,24684,24735,51,N
1265,24683,24735,52,S
1271,24714,24738,24,N
1272,24716,24738,22,S
1277,24744,24744,0,N
1278,24749,24750,1,S
1282,24774,24774,0,N
1276,24743,24780,37,E
1275,24735,24780,45,W
1280,24763,24783,20,E
1279,24751,24783,32,W
1284,24783,24786,3,E
1281,24767,24786,19,W
1285,24783,24789,6,W
1286,24799,24801,2,W
1287,24803,24804,1,E
1290,24815,24816,1,W
1291,24823,24825,2,E
1292,24831,24831,0,W
1288,24804,24840,36,N
1283,24782,24840,58,S
1293,24834,24843,9,N
1289,24815,24843,28,S
1296,24848,24849,1,S
1299,24864,24864,0,N
1301,24881,24882,1,S
1294,24843,24885,42,E
1295,24847,24885,38,W
1297,24863,24888,25,E
1298,24863,24888,25,W
1302,24883,24891,8,E
1300,24879,24891,12,W
1304,24895,24897,2,W
1305,24903,24903,0,E
1306,24911,24912,1,W
1308,24923,24924,1,E
1310,24927,24927,0,W
1303,24894,24945,51,N
1307,24914,24945,31,S
1309,24924,24948,24,N
1313,24947,24948,1,S
1314,24954,24954,0,N
1318,24980,24981,1,S
1320,24984,24984,0,N
1311,24943,24990,47,E
1312,24943,24990,47,W
1316,24963,24993,30,E
1315,24959,24993,34,W
1319,24983,24996,13,E
1317,24975,24996,21,W
1321,24991,24999,8,W
1322,25003,25005,2,E
1323,25007,25008,1,W
1326,25023,25023,0,E
1327,25023,25023,0,W
1328,25039,25041,2,W
1329,25043,25044,1,E
1325,25014,25050,36,N
1324,25013,25050,37,S
1330,25044,25053,9,N
1331,25046,25053,7,S
1335,25074,25074,0,N
1336,25079,25080,1,S
1333,25063,25095,32,E
1332,25055,25095,40,W
1337,25083,25098,15,E
1334,25071,25098,27,W
1338,25087,25101,14,W
1339,25103,25104,1,E
1340,25103,25104,1,W
1343,25119,25119,0,W
1344,25123,25125,2,E
1346,25135,25137,2,W
1347,25143,25143,0,E
1349,25151,25152,1,W
1341,25104,25155,51,N
1342,25112,25155,43,S
1345,25134,25158,24,N
1348,25145,25158,13,S
1351,25164,25164,0,N
1353,25178,25179,1,S
1356,25194,25194,0,N
1350,25163,25200,37,E
1352,25167,25200,33,W
1354,25183,25203,20,E
1355,25183,25203,20,W
1358,25203,25206,3,E
1357,25199,25206,7,W
1360,25215,25215,0,W
1361,25218,25218,0,E
1363,25227,25227,0,W
1364,25233,25233,0,E
1366,25239,25239,0,W
1368,25248,25248,0,E
1369,25251,25251,0,W
1362,25224,25260,36,N
1359,25211,25260,49,S
1367,25246,25263,17,N
1365,25235,25263,28,S
1370,25259,25266,7,S
1373,25268,25269,1,N
1376,25283,25284,1,S
1378,25290,25290,0,N
1371,25263,25305,42,E
1372,25263,25305,42,W
1375,25278,25308,30,E
1374,25275,25308,33,W
1379,25293,25311,18,E
1377,25287,25311,24,W
1382,25308,25314,6,E
1380,25299,25314,15,W
1383,25311,25317,6,W
1385,25323,25323,0,E
1386,25323,25323,0,W
1389,25335,25335,0,W
1390,25338,25338,0,E
1391,25347,25347,0,W
1392,25353,25353,0,E
1395,25359,25359,0,W
1384,25312,25365,53,N
1381,25307,25365,58,S
1388,25334,25368,34,N
1387,25331,25368,37,S
1394,25356,25371,15,N
1393,25355,25371,16,S
1398,25378,25380,2,N
1399,25379,25380,1,S
1404,25400,25401,1,N
1405,25403,25404,1,S
1396,25368,25410,42,E
1397,25371,25410,39,W
1400,25383,25413,30,E
1401,25383,25413,30,W
1403,25398,25416,18,E
1402,25395,25416,21,W
1407,25413,25419,6,E
1406,25407,25419,12,W
1408,25419,25422,3,W
1411,25428,25428,0,E
1412,25431,25431,0,W
1413,25443,25443,0,E
1414,25443,25443,0,W
1417,25455,25455,0,W
1418,25458,25458,0,E
1420,25467,25467,0,W
1409,25422,25470,48,N
1410,25427,25470,43,S
1415,25444,25473,29,N
1416,25451,25473,22,S
1419,25466,25476,10,N
1422,25475,25476,1,S
1424,25488,25488,0,N
1427,25499,25500,1,S
1430,25510,25512,2,N
1421,25473,25515,42,E
1423,25479,25515,36,W
1425,25488,25518,30,E
1426,25491,25518,27,W
1428,25503,25521,18,E
1429,25503,25521,18,W
1432,25518,25524,6,E
1431,25515,25524,9,W
1434,25527,25527,0,W
1436,25533,25533,0,E
1437,25539,25539,0,W
1439,25548,25548,0,E
1440,25551,25551,0,W
1442,25563,25563,0,E
1443,25563,25563,0,W
1435,25532,25575,43,N
1433,25523,25575,52,S
1441,25554,25578,24,N
1438,25547,25578,31,S
1446,25576,25581,5,N
1444,25571,25581,10,S
1450,25595,25596,1,S
1451,25598,25599,1,N
1447,25578,25620,42,E
1445,25575,25620,45,W
1449,25593,25623,30,E
1448,25587,25623,36,W
1453,25608,25626,18,E
1452,25599,25626,27,W
1457,25623,25629,6,E
1454,25611,25629,18,W
1458,25623,25632,9,W
1459,25635,25635,0,W
1460,25638,25638,0,E
1463,25647,25647,0,W
1464,25653,25653,0,E
1465,25659,25659,0,W
1468,25668,25668,0,E
1469,25671,25671,0,W
1456,25620,25680,60,N
1455,25619,25680,61,S
1461,25642,25683,41,N
1462,25643,25683,40,S
1466,25664,25686,22,N
1467,25667,25686,19,S
1472,25686,25689,3,N
1473,25691,25692,1,S
1477,25708,25710,2,N
1479,25715,25716,1,S
1470,25683,25725,42,E
1471,25683,25725,42,W
1475,25698,25728,30,E
1474,25695,25728,33,W
1478,25713,25731,18,E
1476,25707,25731,24,W
1481,25728,25734,6,E
1480,25719,25734,15,W
1483,25731,25737,6,W
1485,25743,25743,0,E
1486,25743,25743,0,W
1488,25755,25755,0,W
1489,25758,25758,0,E
1491,25767,25767,0,W
1492,25773,25773,0,E
1494,25779,25779,0,W
1482,25730,25785,55,N
1484,25739,25785,46,S
1487,25752,25788,36,N
1490,25763,25788,25,S
1493,25774,25791,17,N
1495,25787,25791,4,S
1498,25796,25797,1,N
1501,25811,25812,1,S
1503,25818,25818,0,N
1496,25788,25830,42,E
1497,25791,25830,39,W
1499,25803,25833,30,E
1500,25803,25833,30,W
1504,25818,25836,18,E
1502,25815,25836,21,W
1506,25833,25839,6,E
1505,25827,25839,12,W
1508,25839,25842,3,W
1510,25848,25848,0,E
1511,25851,25851,0,W
1514,25863,25863,0,E
1515,25863,25863,0,W
1516,25875,25875,0,W
1517,25878,25878,0,E
1520,25887,25887,0,W
1509,25840,25890,50,N
1507,25835,25890,55,S
1513,25862,25893,31,N
1512,25859,25893,34,S
1519,25884,25896,12,N
1518,25883,25896,13,S
1523,25906,25908,2,N
1524,25907,25908,1,S
1529,25928,25929,1,N
1530,25931,25932,1,S
1521,25893,25935,42,E
1522,25899,25935,36,W
1525,25908,25938,30,E
1526,25911,25938,27,W
1527,25923,25941,18,E
1528,25923,25941,18,W
1532,25938,25944,6,E
1531,25935,25944,9,W
1533,25947,25947,0,W
1535,25953,25953,0,E
1537,25959,25959,0,W
1538,25968,25968,0,E
1539,25971,25971,0,W
1542,25983,25983,0,E
1543,25983,25983,0,W
1534,25950,25995,45,N
1536,25955,25995,40,S
1540,25972,25998,26,N
1541,25979,25998,19,S
1544,25994,26001,7,N
1547,26003,26004,1,S
1550,26016,26016,0,N
1552,26027,26028,1,S
1546,25998,26040,42,E
1545,25995,26040,45,W
1549,26013,26043,30,E
1548,26007,26043,36,W
1553,26028,26046,18,E
1551,26019,26046,27,W
1556,26043,26049,6,E
1554,26031,26049,18,W
1557,26043,26052,9,W
1559,26055,26055,0,W
1560,26058,26058,0,E
1562,26067,26067,0,W
1563,26073,26073,0,E
1565,26079,26079,0,W
1567,26088,26088,0,E
1568,26091,26091,0,W
1555,26038,26100,62,N
1558,26051,26100,49,S
1561,26060,26103,43,N
1564,26075,26103,28,S
1566,26082,26106,24,N
1569,26099,26106,7,S
1572,26104,26109,5,N
1575,26123,26124,1,S
1576,26126,26127,1,N
1570,26103,26145,42,E
1571,26103,26145,42,W
1574,26118,26148,30,E
1573,26115,26148,33,W
1578,26133,26151,18,E
1577,26127,26151,24,W
1582,26148,26154,6,E
1579,26139,26154,15,W
1583,26151,26157,6,W
1584,26163,26163,0,E
1585,26163,26163,0,W
1588,26175,26175,0,W
1589,26178,26178,0,E
1590,26187,26187,0,W
1592,26193,26193,0,E
1594,26199,26199,0,W
1581,26148,26205,57,N
1580,26147,26205,58,S
1586,26170,26208,38,N
1587,26171,26208,37,S
1591,26192,26211,19,N
1593,26195,26211,16,S
1597,26214,26214,0,N
1598,26219,26220,1,S
1602,26236,26238,2,N
1604,26243,26244,1,S
1595,26208,26250,42,E
1596,26211,26250,39,W
1599,26223,26253,30,E
1600,26223,26253,30,W
1603,26238,26256,18,E
1601,26235,26256,21,W
1606,26253,26259,6,E
1605,26247,26259,12,W
1608,26259,26262,3,W
1610,26268,26268,0,E
1611,26271,26271,0,W
1613,26283,26283,0,E
1614,26283,26283,0,W
1616,26295,26295,0,W
1617,26298,26298,0,E
1619,26307,26307,0,W
1607,26258,26310,52,N
1609,26267,26310,43,S
1612,26280,26313,33,N
1615,26291,26313,22,S
1618,26302,26316,14,N
1621,26315,26316,1,S
1623,26324,26325,1,N
1626,26339,26340,1,S
1629,26346,26346,0,N
1620,26313,26355,42,E
1622,26319,26355,36,W
1624,26328,26358,30,E
1625,26331,26358,27,W
1627,26343,26361,18,E
1628,26343,26361,18,W
1631,26358,26364,6,E
1630,26355,26364,9,W
1633,26367,26367,0,W
1635,26373,26373,0,E
1636,26379,26379,0,W
1638,26388,26388,0,E
1640,26391,26391,0,W
1641,26403,26403,0,E
1642,26403,26403,0,W
1634,26368,26415,47,N
1632,26363,26415,52,S
1639,26390,26418,28,N
1637,26387,26418,31,S
1644,26412,26421,9,N
1643,26411,26421,10,S
1649,26434,26436,2,N
1650,26435,26436,1,S
1654,26456,26457,1,N
1646,26418,26460,42,E
1645,26415,26460,45,W
1648,26433,26463,30,E
1647,26427,26463,36,W
1652,26448,26466,18,E
1651,26439,26466,27,W
1656,26463,26469,6,E
1653,26451,26469,18,W
1657,26463,26472,9,W
1658,26475,26475,0,W
1660,26478,26478,0,E
1662,26487,26487,0,W
1663,26493,26493,0,E
1664,26499,26499,0,W
1667,26508,26508,0,E
1668,26511,26511,0,W
1659,26478,26520,42,N
1655,26459,26520,61,S
1665,26500,26523,23,N
1661,26483,26523,40,S
1669,26522,26526,4,N
1666,26507,26526,19,S
1672,26531,26532,1,S
1675,26544,26544,0,N
1678,26555,26556,1,S
1670,26523,26565,42,E
1671,26523,26565,42,W
1674,26538,26568,30,E
1673,26535,26568,33,W
1677,26553,26571,18,E
1676,26547,26571,24,W
1681,26568,26574,6,E
1679,26559,26574,15,W
1682,26571,26577,6,W
1684,26583,26583,0,E
1685,26583,26583,0,W
1687,26595,26595,0,W
1688,26598,26598,0,E
1690,26607,26607,0,W
1692,26613,26613,0,E
1693,26619,26619,0,W
1680,26566,26625,59,N
1683,26579,26625,46,S
1686,26588,26628,40,N
1689,26603,26628,25,S
1691,26610,26631,21,N
1694,26627,26631,4,S
1697,26632,26634,2,N
1700,26651,26652,1,S
1701,26654,26655,1,N
1695,26628,26670,42,E
1696,26631,26670,39,W
1698,26643,26673,30,E
1699,26643,26673,30,W
1703,26658,26676,18,E
1702,26655,26676,21,W
1705,26673,26679,6,E
1704,26667,26679,12,W
1708,26679,26682,3,W
1709,26688,26688,0,E
1710,26691,26691,0,W
1713,26703,26703,0,E
1714,26703,26703,0,W
1715,26715,26715,0,W
1716,26718,26718,0,E
1719,26727,26727,0,W
1707,26676,26730,54,N
1706,26675,26730,55,S
1711,26698,26733,35,N
1712,26699,26733,34,S
1717,26720,26736,16,N
1718,26723,26736,13,S
1722,26742,26742,0,N
1723,26747,26748,1,S
1728,26764,26766,2,N
1729,26771,26772,1,S
1720,26733,26775,42,E
1721,26739,26775,36,W
1724,26748,26778,30,E
1725,26751,26778,27,W
1726,26763,26781,18,E
1727,26763,26781,18,W
1731,26778,26784,6,E
1730,26775,26784,9,W
1733,26787,26787,0,W
1734,26793,26793,0,E
1736,26799,26799,0,W
1738,26808,26808,0,E
1739,26811,26811,0,W
1741,26823,26823,0,E
1742,26823,26823,0,W
1732,26786,26835,49,N
1735,26795,26835,40,S
1737,26808,26838,30,N
1740,26819,26838,19,S
1743,26830,26841,11,N
1746,26843,26844,1,S
1748,26852,26853,1,N
1751,26867,26868,1,S
1754,26874,26874,0,N
1745,26838,26880,42,E
1744,26835,26880,45,W
1749,26853,26883,30,E
1747,26847,26883,36,W
1752,26868,26886,18,E
1750,26859,26886,27,W
1755,26883,26889,6,E
1753,26871,26889,18,W
1756,26883,26892,9,W
1758,26895,26895,0,W
1760,26898,26898,0,E
1761,26907,26907,0,W
1762,26913,26913,0,E
1765,26919,26919,0,W
1766,26928,26928,0,E
1767,26931,26931,0,W
1759,26896,26940,44,N
1757,26891,26940,49,S
1764,26918,26943,25,N
1763,26915,26943,28,S
1769,26940,26946,6,N
1768,26939,26946,7,S
1774,26962,26964,2,N
1775,26963,26964,1,S
1770,26943,26985,42,E
1771,26943,26985,42,W
1773,26958,26988,30,E
1772,26955,26988,33,W
1777,26973,26991,18,E
1776,26967,26991,24,W
1781,26988,26994,6,E
1778,26979,26994,15,W
1782,26991,26997,6,W
1783,27003,27003,0,E
1784,27003,27003,0,W
1787,27015,27015,0,W
1788,27018,27018,0,E
1789,27027,27027,0,W
1791,27033,27033,0,E
1793,27039,27039,0,W
1779,26984,27045,61,N
1780,26987,27045,58,S
1785,27006,27048,42,N
1786,27011,27048,37,S
1790,27028,27051,23,N
1792,27035,27051,16,S
1795,27050,27054,4,N
1797,27059,27060,1,S
1800,27072,27072,0,N
1803,27083,27084,1,S
1794,27048,27090,42,E
1796,27051,27090,39,W
1798,27063,27093,30,E
1799,27063,27093,30,W
1802,27078,27096,18,E
1801,27075,27096,21,W
1805,27093,27099,6,E
1804,27087,27099,12,W
1807,27099,27102,3,W
1809,27108,27108,0,E
1810,27111,27111,0,W
1812,27123,27123,0,E
1813,27123,27123,0,W
1815,27135,27135,0,W
1817,27138,27138,0,E
1818,27147,27147,0,W
1806,27094,27150,56,N
1808,27107,27150,43,S
1811,27116,27153,37,N
1814,27131,27153,22,S
1816,27138,27156,18,N
1820,27155,27156,1,S
1822,27160,27162,2,N
1825,27179,27180,1,S
1826,27182,27183,1,N
1819,27153,27195,42,E
1821,27159,27195,36,W
1823,27168,27198,30,E
1824,27171,27198,27,W
1827,27183,27201,18,E
1828,27183,27201,18,W
1830,27198,27204,6,E
1829,27195,27204,9,W
1833,27207,27207,0,W
1834,27213,27213,0,E
1835,27219,27219,0,W
1838,27228,27228,0,E
1839,27231,27231,0,W
1840,27243,27243,0,E
1841,27243,27243,0,W
1832,27204,27255,51,N
1831,27203,27255,52,S
1836,27226,27258,32,N
1837,27227,27258,31,S
1842,27248,27261,13,N
1843,27251,27261,10,S
1847,27270,27270,0,N
1849,27275,27276,1,S
1853,27292,27294,2,N
1845,27258,27300,42,E
1844,27255,27300,45,W
1848,27273,27303,30,E
1846,27267,27303,36,W
1851,27288,27306,18,E
1850,27279,27306,27,W
1855,27303,27309,6,E
1852,27291,27309,18,W
1856,27303,27312,9,W
1858,27315,27315,0,W
1859,27318,27318,0,E
1861,27327,27327,0,W
1862,27333,27333,0,E
1864,27339,27339,0,W
1866,27348,27348,0,E
1867,27351,27351,0,W
1857,27314,27360,46,N
1854,27299,27360,61,S
1863,27336,27363,27,N
1860,27323,27363,40,S
1868,27358,27366,8,N
1865,27347,27366,19,S
1871,27371,27372,1,S
1874,27380,27381,1,N
1877,27395,27396,1,S
1879,27402,27402,0,N
1869,27363,27405,42,E
1870,27363,27405,42,W
1873,27378,27408,30,E
1872,27375,27408,33,W
1876,27393,27411,18,E
1875,27387,27411,24,W
1880,27408,27414,6,E
1878,27399,27414,15,W
1881,27411,27417,6,W
1883,27423,27423,0,E
1884,27423,27423,0,W
1886,27435,27435,0,W
1887,27438,27438,0,E
1890,27447,27447,0,W
1891,27453,27453,0,E
1892,27459,27459,0,W
1885,27424,27465,41,N
1882,27419,27465,46,S
1889,27446,27468,22,N
1888,27443,27468,25,S
1894,27468,27471,3,N
1893,27467,27471,4,S
1899,27490,27492,2,N
1900,27491,27492,1,S
1895,27468,27510,42,E
1896,27471,27510,39,W
1897,27483,27513,30,E
1898,27483,27513,30,W
1902,27498,27516,18,E
1901,27495,27516,21,W
1905,27513,27519,6,E
1903,27507,27519,12,W
1907,27519,27522,3,W
1908,27528,27528,0,E
1909,27531,27531,0,W
1912,27543,27543,0,E
1913,27543,27543,0,W
1914,27555,27555,0,W
1916,27558,27558,0,E
1918,27567,27567,0,W
1904,27512,27570,58,N
1906,27515,27570,55,S
1910,27534,27573,39,N
1911,27539,27573,34,S
1915,27556,27576,20,N
1917,27563,27576,13,S
1920,27578,27579,1,N
1922,27587,27588,1,S
1925,27600,27600,0,N
1928,27611,27612,1,S
1919,27573,27615,42,E
1921,27579,27615,36,W
1923,27588,27618,30,E
1924,27591,27618,27,W
1926,27603,27621,18,E
1927,27603,27621,18,W
1930,27618,27624,6,E
1929,27615,27624,9,W
1932,27627,27627,0,W
1933,27633,27633,0,E
1935,27639,27639,0,W
1937,27648,27648,0,E
1938,27651,27651,0,W
1940,27663,27663,0,E
1941,27663,27663,0,W
1931,27622,27675,53,N
1934,27635,27675,40,S
1936,27644,27678,34,N
1939,27659,27678,19,S
1942,27666,27681,15,N
1945,27683,27684,1,S
1947,27688,27690,2,N
1950,27707,27708,1,S
1952,27710,27711,1,N
1944,27678,27720,42,E
1943,27675,27720,45,W
1948,27693,27723,30,E
1946,27687,27723,36,W
1951,27708,27726,18,E
1949,27699,27726,27,W
1954,27723,27729,6,E
1953,27711,27729,18,W
1955,27723,27732,9,W
1958,27735,27735,0,W
1959,27738,27738,0,E
1960,27747,27747,0,W
1961,27753,27753,0,E
1964,27759,27759,0,W
1965,27768,27768,0,E
1966,27771,27771,0,W
1957,27732,27780,48,N
1956,27731,27780,49,S
1962,27754,27783,29,N
1963,27755,27783,28,S
1967,27776,27786,10,N
1968,27779,27786,7,S
1972,27798,27798,0,N
1974,27803,27804,1,S
1978,27820,27822,2,N
1969,27783,27825,42,E
1970,27783,27825,42,W
1973,27798,27828,30,E
1971,27795,27828,33,W
1976,27813,27831,18,E
1975,27807,27831,24,W
1980,27828,27834,6,E
1977,27819,27834,15,W
1981,27831,27837,6,W
1983,27843,27843,0,E
1984,27843,27843,0,W
1986,27855,27855,0,W
1987,27858,27858,0,E
1989,27867,27867,0,W
1990,27873,27873,0,E
1992,27879,27879,0,W
1982,27842,27885,43,N
1979,27827,27885,58,S
1988,27864,27888,24,N
1985,27851,27888,37,S
1993,27886,27891,5,N
1991,27875,27891,16,S
1996,27899,27900,1,S
1999,27908,27909,1,N
2002,27923,27924,1,S
1994,27888,27930,42,E
1995,27891,27930,39,W
1997,27903,27933,30,E
1998,27903,27933,30,W
2001,27918,27936,18,E
2000,27915,27936,21,W
2005,27933,27939,6,E
2003,27927,27939,12,W
2006,27939,27942,3,W
2008,27948,27948,0,E
2009,27951,27951,0,W
2011,27963,27963,0,E
2012,27963,27963,0,W
2015,27975,27975,0,W
2016,27978,27978,0,E
2017,27987,27987,0,W
2004,27930,27990,60,N
2007,27947,27990,43,S
2010,27952,27993,41,N
2013,27971,27993,22,S
2014,27974,27996,22,N
2019,27995,27996,1,S
2020,27996,27999,3,N
2024,28018,28020,2,N
2025,28019,28020,1,S
2018,27993,28035,42,E
2021,27999,28035,36,W
2022,28008,28038,30,E
2023,28011,28038,27,W
2026,28023,28041,18,E
2027,28023,28041,18,W
2029,28038,28044,6,E
2028,28035,28044,9,W
2032,28047,28047,0,W
2033,28053,28053,0,E
2034,28059,28059,0,W
2037,28068,28068,0,E
2038,28071,28071,0,W
2039,28083,28083,0,E
2040,28083,28083,0,W
2030,28040,28095,55,N
2031,28043,28095,52,S
2035,28062,28098,36,N
2036,28067,28098,31,S
2041,28084,28101,17,N
2042,28091,28101,10,S
2045,28106,28107,1,N
2048,28115,28116,1,S
2050,28128,28128,0,N
2044,28098,28140,42,E
2043,28095,28140,45,W
2047,28113,28143,30,E
2046,28107,28143,36,W
2051,28128,28146,18,E
2049,28119,28146,27,W
2054,28143,28149,6,E
2052,28131,28149,18,W
2055,28143,28152,9,W
2057,28155,28155,0,W
2058,28158,28158,0,E
2060,28167,28167,0,W
2062,28173,28173,0,E
2063,28179,28179,0,W
2065,28188,28188,0,E
2066,28191,28191,0,W
2056,28150,28200,50,N
2053,28139,28200,61,S
2061,28172,28203,31,N
2059,28163,28203,40,S
2067,28194,28206,12,N
2064,28187,28206,19,S
2070,28211,28212,1,S
2072,28216,28218,2,N
2076,28235,28236,1,S
2077,28238,28239,1,N
2068,28203,28245,42,E
2069,28203,28245,42,W
2073,28218,28248,30,E
2071,28215,28248,33,W
2075,28233,28251,18,E
2074,28227,28251,24,W
2079,28248,28254,6,E
2078,28239,28254,15,W
2080,28251,28257,6,W
2083,28263,28263,0,E
2084,28263,28263,0,W
2085,28275,28275,0,W
2086,28278,28278,0,E
2089,28287,28287,0,W
2090,28293,28293,0,E
2091,28299,28299,0,W
2082,28260,28305,45,N
2081,28259,28305,46,S
2087,28282,28308,26,N
2088,28283,28308,25,S
2092,28304,28311,7,N
2093,28307,28311,4,S
2098,28326,28326,0,N
2099,28331,28332,1,S
2094,28308,28350,42,E
2095,28311,28350,39,W
2096,28323,28353,30,E
2097,28323,28353,30,W
2101,28338,28356,18,E
2100,28335,28356,21,W
2104,28353,28359,6,E
2102,28347,28359,12,W
2106,28359,28362,3,W
2107,28368,28368,0,E
2109,28371,28371,0,W
2111,28383,28383,0,E
2112,28383,28383,0,W
2114,28395,28395,0,W
2115,28398,28398,0,E
2117,28407,28407,0,W
2103,28348,28410,62,N
2105,28355,28410,55,S
2108,28370,28413,43,N
2110,28379,28413,34,S
2113,28392,28416,24,N
2116,28403,28416,13,S
2119,28414,28419,5,N
2121,28427,28428,1,S
2124,28436,28437,1,N
2127,28451,28452,1,S
2118,28413,28455,42,E
2120,28419,28455,36,W
2122,28428,28458,30,E
2123,28431,28458,27,W
2125,28443,28461,18,E
2126,28443,28461,18,W
2130,28458,28464,6,E
2128,28455,28464,9,W
2131,28467,28467,0,W
2132,28473,28473,0,E
2134,28479,28479,0,W
2136,28488,28488,0,E
2137,28491,28491,0,W
2140,28503,28503,0,E
2141,28503,28503,0,W
2129,28458,28515,57,N
2133,28475,28515,40,S
2135,28480,28518,38,N
2138,28499,28518,19,S
2139,28502,28521,19,N
2145,28524,28524,0,N
2144,28523,28524,1,S
2149,28546,28548,2,N
2150,28547,28548,1,S
2143,28518,28560,42,E
2142,28515,28560,45,W
2147,28533,28563,30,E
2146,28527,28563,36,W
2151,28548,28566,18,E
2148,28539,28566,27,W
2153,28563,28569,6,E
2152,28551,28569,18,W
2154,28563,28572,9,W
2157,28575,28575,0,W
2158,28578,28578,0,E
2159,28587,28587,0,W
2161,28593,28593,0,E
2163,28599,28599,0,W
2164,28608,28608,0,E
2165,28611,28611,0,W
2155,28568,28620,52,N
2156,28571,28620,49,S
2160,28590,28623,33,N
2162,28595,28623,28,S
2166,28612,28626,14,N
2167,28619,28626,7,S
2170,28634,28635,1,N
2173,28643,28644,1,S
2176,28656,28656,0,N
2168,28623,28665,42,E
2169,28623,28665,42,W
2172,28638,28668,30,E
2171,28635,28668,33,W
2175,28653,28671,18,E
2174,28647,28671,24,W
2179,28668,28674,6,E
2177,28659,28674,15,W
2180,28671,28677,6,W
2182,28683,28683,0,E
2183,28683,28683,0,W
2185,28695,28695,0,W
2186,28698,28698,0,E
2188,28707,28707,0,W
2189,28713,28713,0,E
2191,28719,28719,0,W
2181,28678,28725,47,N
2178,28667,28725,58,S
2187,28700,28728,28,N
2184,28691,28728,37,S
2192,28722,28731,9,N
2190,28715,28731,16,S
2195,28739,28740,1,S
2198,28744,28746,2,N
2201,28763,28764,1,S
2202,28766,28767,1,N
2193,28728,28770,42,E
2194,28731,28770,39,W
2196,28743,28773,30,E
2197,28743,28773,30,W
2200,28758,28776,18,E
2199,28755,28776,21,W
2204,28773,28779,6,E
2203,28767,28779,12,W
2205,28779,28782,3,W
2208,28788,28788,0,E
2209,28791,28791,0,W
2210,28803,28803,0,E
2211,28803,28803,0,W
2214,28816,28818,2,W
2215,28819,28821,2,E
2207,28788,28830,42,N
2206,28787,28830,43,S
2212,28810,28833,23,N
2213,28811,28833,22,S
2217,28834,28836,2,N
2219,28837,28839,2,S
2223,28858,28860,2,N
2224,28863,28863,0,S
2218,28835,28875,40,E
2216,28829,28875,46,W
2221,28851,28878,27,E
2220,28842,28878,36,W
2225,28867,28881,14,E
2222,28855,28881,26,W
2229,28883,28884,1,E
2226,28868,28884,16,W
2227,28881,28887,6,W
2231,28894,28896,2,W
2232,28899,28899,0,E
2234,28907,28908,1,W
2236,28915,28917,2,E
2237,28920,28920,0,W
2239,28931,28932,1,E
2228,28882,28935,53,N
2230,28889,28935,46,S
2233,28906,28938,32,N
2235,28915,28938,23,S
2238,28930,28941,11,N
2241,28941,28941,0,S
2244,28954,28956,2,N
2247,28967,28968,1,S
2243,28947,28980,33,E
2240,28933,28980,47,W
2246,28963,28983,20,E
2242,28946,28983,37,W
2250,28979,28986,7,E
2245,28959,28986,27,W
2248,28972,28989,17,W
2251,28985,28992,7,W
2253,28995,28995,0,E
2254,28998,28998,0,W
2256,29011,29013,2,E
2257,29011,29013,2,W
2259,29024,29025,1,W
2261,29027,29028,1,E
2262,29037,29037,0,W
2249,28978,29040,62,N
2252,28993,29040,47,S
2255,29002,29043,41,N
2258,29019,29043,24,S
2260,29026,29046,20,N
2264,29045,29046,1,S
2265,29050,29052,2,N
2269,29071,29073,2,S
2270,29074,29076,2,N
2263,29043,29085,42,E
2266,29050,29085,35,W
2267,29059,29088,29,E
2268,29063,29088,25,W
2271,29075,29091,16,E
2272,29076,29091,15,W
2274,29091,29094,3,E
2273,29089,29094,5,W
2277,29102,29103,1,W
2278,29107,29109,2,E
2279,29115,29115,0,W
2282,29123,29124,1,E
2283,29128,29130,2,W
2284,29139,29139,0,E
2285,29141,29142,1,W
2276,29098,29145,47,N
2275,29097,29145,48,S
2280,29122,29148,26,N
2281,29123,29148,25,S
2286,29146,29151,5,N
2287,29149,29151,2,S
2291,29170,29172,2,N
2293,29175,29175,0,S
2289,29155,29190,35,E
2288,29154,29190,36,W
2292,29171,29193,22,E
2290,29167,29193,26,W
2295,29187,29196,9,E
2294,29180,29196,16,W
2296,29193,29199,6,W
2299,29203,29205,2,E
2300,29206,29208,2,W
2302,29219,29220,1,E
2303,29219,29220,1,W
2305,29232,29232,0,W
2306,29235,29235,0,E
2308,29245,29247,2,W
2297,29194,29250,56,N
2298,29201,29250,49,S
2301,29218,29253,35,N
2304,29227,29253,26,S
2307,29242,29256,14,N
2310,29253,29256,3,S
2312,29266,29268,2,N
2315,29279,29280,1,S
2318,29290,29292,2,N
2309,29251,29295,44,E
2311,29258,29295,37,W
2313,29267,29298,31,E
2314,29271,29298,27,W
2316,29283,29301,18,E
2317,29284,29301,17,W
2320,29299,29304,5,E
2319,29297,29304,7,W
2322,29310,29310,0,W
2324,29315,29316,1,E
2325,29323,29325,2,W
2327,29331,29331,0,E
2328,29336,29337,1,W
2330,29347,29349,2,E
2331,29349,29349,0,W
2323,29314,29355,41,N
2321,29305,29355,50,S
2329,29338,29358,20,N
2326,29331,29358,27,S
2332,29357,29361,4,S
2333,29362,29364,2,N
2338,29383,29385,2,S
2339,29386,29388,2,N
2335,29363,29400,37,E
2334,29362,29400,38,W
2337,29379,29403,24,E
2336,29375,29403,28,W
2341,29395,29406,11,E
2340,29388,29406,18,W
2342,29401,29409,8,W
2345,29411,29412,1,E
2346,29414,29415,1,W
2347,29427,29427,0,E
2348,29427,29427,0,W
2351,29440,29442,2,W
2352,29443,29445,2,E
2353,29453,29454,1,W
2344,29410,29460,50,N
2343,29409,29460,51,S
2349,29434,29463,29,N
2350,29435,29463,28,S
2354,29458,29466,8,N
2356,29461,29466,5,S
2360,29482,29484,2,N
2361,29487,29487,0,S
2355,29459,29505,46,E
2357,29466,29505,39,W
2358,29475,29508,33,E
2359,29479,29508,29,W
2362,29491,29511,20,E
2363,29492,29511,19,W
2366,29507,29514,7,E
2364,29505,29514,9,W
2368,29518,29520,2,W
2369,29523,29523,0,E
2371,29531,29532,1,W
2373,29539,29541,2,E
2374,29544,29544,0,W
2376,29555,29556,1,E
2377,29557,29559,2,W
2365,29506,29565,59,N
2367,29513,29565,52,S
2370,29530,29568,38,N
2372,29539,29568,29,S
2375,29554,29571,17,N
2378,29565,29571,6,S
2381,29578,29580,2,N
2384,29591,29592,1,S
2386,29602,29604,2,N
2380,29571,29610,39,E
2379,29570,29610,40,W
2383,29587,29613,26,E
2382,29583,29613,30,W
2387,29603,29616,13,E
2385,29596,29616,20,W
2390,29619,29619,0,E
2388,29609,29619,10,W
2391,29622,29622,0,W
2393,29635,29637,2,E
2394,29635,29637,2,W
2396,29648,29649,1,W
2398,29651,29652,1,E
2399,29661,29661,0,W
2400,29667,29667,0,E
2392,29626,29670,44,N
2389,29617,29670,53,S
2397,29650,29673,23,N
2395,29643,29673,30,S
2402,29674,29676,2,N
2401,29669,29676,7,S
2406,29695,29697,2,S
2407,29698,29700,2,N
2404,29683,29715,32,E
2403,29674,29715,41,W
2408,29699,29718,19,E
2405,29687,29718,31,W
2411,29715,29721,6,E
2409,29700,29721,21,W
2410,29713,29724,11,W
2414,29726,29727,1,W
2415,29731,29733,2,E
2416,29739,29739,0,W
2419,29747,29748,1,E
2420,29752,29754,2,W
2421,29763,29763,0,E
2422,29765,29766,1,W
2413,29722,29775,53,N
2412,29721,29775,54,S
2417,29746,29778,32,N
2418,29747,29778,31,S
2423,29770,29781,11,N
2424,29773,29781,8,S
2428,29794,29796,2,N
2430,29799,29799,0,S
2426,29779,29820,41,E
2425,29778,29820,42,W
2429,29795,29823,28,E
2427,29791,29823,32,W
2432,29811,29826,15,E
2431,29804,29826,22,W
2436,29827,29829,2,E
2433,29817,29829,12,W
2437,29830,29832,2,W
2439,29843,29844,1,E
2440,29843,29844,1,W
2442,29856,29856,0,W
2443,29859,29859,0,E
2445,29869,29871,2,W
2446,29875,29877,2,E
2434,29818,29880,62,N
2435,29825,29880,55,S
2438,29842,29883,41,N
2441,29851,29883,32,S
2444,29866,29886,20,N
2447,29877,29886,9,S
2449,29890,29892,2,N
2452,29903,29904,1,S
2455,29914,29916,2,N
2450,29891,29925,34,E
2448,29882,29925,43,W
2453,29907,29928,21,E
2451,29895,29928,33,W
2457,29923,29931,8,E
2454,29908,29931,23,W
2456,29921,29934,13,W
2459,29934,29937,3,W
2461,29939,29940,1,E
2462,29947,29949,2,W
2464,29955,29955,0,E
2465,29960,29961,1,W
2467,29971,29973,2,E
2468,29973,29973,0,W
2460,29938,29985,47,N
2458,29929,29985,56,S
2466,29962,29988,26,N
2463,29955,29988,33,S
2470,29986,29991,5,N
2469,29981,29991,10,S
2475,30007,30009,2,S
2476,30010,30012,2,N
2472,29987,30030,43,E
2471,29986,30030,44,W
2474,30003,30033,30,E
2473,29999,30033,34,W
2478,30019,30036,17,E
2477,30012,30036,24,W
2482,30035,30039,4,E
2479,30025,30039,14,W
2483,30038,30042,4,W
2484,30051,30051,0,E
2485,30051,30051,0,W
2488,30064,30066,2,W
2489,30067,30069,2,E
2490,30077,30078,1,W
2492,30083,30084,1,E
2481,30034,30090,56,N
2480,30033,30090,57,S
2486,30058,30093,35,N
2487,30059,30093,34,S
2491,30082,30096,14,N
2493,30085,30096,11,S
2497,30106,30108,2,N
2498,30111,30111,0,S
2502,30130,30132,2,N
2495,30099,30135,36,E
2494,30090,30135,45,W
2499,30115,30138,23,E
2496,30103,30138,35,W
2503,30131,30141,10,E
2500,30116,30141,25,W
2501,30129,30144,15,W
2506,30147,30147,0,E
2505,30142,30147,5,W
2508,30155,30156,1,W
2510,30163,30165,2,E
2511,30168,30168,0,W
2513,30179,30180,1,E
2514,30181,30183,2,W
2507,30154,30195,41,N
2504,30137,30195,58,S
2512,30178,30198,20,N
2509,30163,30198,35,S
2515,30189,30201,12,S
2518,30202,30204,2,N
2521,30215,30216,1,S
2523,30226,30228,2,N
2517,30195,30240,45,E
2516,30194,30240,46,W
2520,30211,30243,32,E
2519,30207,30243,36,W
2524,30227,30246,19,E
2522,30220,30246,26,W
2527,30243,30249,6,E
2525,30233,30249,16,W
2528,30246,30252,6,W
2530,30259,30261,2,E
2531,30259,30261,2,W
2533,30272,30273,1,W
2535,30275,30276,1,E
2536,30285,30285,0,W
2537,30291,30291,0,E
2529,30250,30300,50,N
2526,30241,30300,59,S
2534,30274,30303,29,N
2532,30267,30303,36,S
2539,30298,30306,8,N
2538,30293,30306,13,S
2543,30319,30321,2,S
2544,30322,30324,2,N
2541,30307,30345,38,E
2540,30298,30345,47,W
2545,30323,30348,25,E
2542,30311,30348,37,W
2548,30339,30351,12,E
2546,30324,30351,27,W
2547,30337,30354,17,W
2552,30355,30357,2,E
2551,30350,30357,7,W
2553,30363,30363,0,W
2556,30371,30372,1,E
2557,30376,30378,2,W
2558,30387,30387,0,E
2559,30389,30390,1,W
2562,30402,30402,0,W
2550,30346,30405,59,N
2549,30345,30405,60,S
2554,30370,30408,38,N
2555,30371,30408,37,S
2560,30394,30411,17,N
2561,30397,30411,14,S
2565,30418,30420,2,N
2567,30423,30423,0,S
2571,30442,30444,2,N
2563,30403,30450,47,E
2564,30415,30450,35,W
2566,30419,30453,34,E
2568,30428,30453,25,W
2569,30435,30456,21,E
2570,30441,30456,15,W
2573,30451,30459,8,E
2574,30454,30459,5,W
2576,30467,30468,1,E
2577,30467,30468,1,W
2579,30480,30480,0,W
2580,30483,30483,0,E
2582,30493,30495,2,W
2583,30499,30501,2,E
2585,30506,30507,1,W
2575,30466,30510,44,N
2572,30449,30510,61,S
2581,30490,30513,23,N
2578,30475,30513,38,S
2586,30514,30516,2,N
2584,30501,30516,15,S
2589,30527,30528,1,S
2592,30538,30540,2,N
2587,30515,30555,40,E
2588,30519,30555,36,W
2590,30531,30558,27,E
2591,30532,30558,26,W
2594,30547,30561,14,E
2593,30545,30561,16,W
2598,30563,30564,1,E
2596,30558,30564,6,W
2599,30571,30573,2,W
2601,30579,30579,0,E
2602,30584,30585,1,W
2604,30595,30597,2,E
2605,30597,30597,0,W
2609,30611,30612,1,E
2608,30610,30612,2,W
2597,30562,30615,53,N
2595,30553,30615,62,S
2603,30586,30618,32,N
2600,30579,30618,39,S
2607,30610,30621,11,N
2606,30605,30621,16,S
2612,30631,30633,2,S
2613,30634,30636,2,N
2617,30657,30657,0,S
2611,30627,30660,33,E
2610,30623,30660,37,W
2615,30643,30663,20,E
2614,30636,30663,27,W
2619,30659,30666,7,E
2616,30649,30666,17,W
2620,30662,30669,7,W
2621,30675,30675,0,E
2622,30675,30675,0,W
2625,30688,30690,2,W
2626,30691,30693,2,E
2627,30701,30702,1,W
2629,30707,30708,1,E
2631,30714,30714,0,W
2618,30658,30720,62,N
2624,30683,30720,37,S
2623,30682,30723,41,N
2630,30709,30723,14,S
2628,30706,30726,20,N
2634,30730,30732,2,N
2635,30735,30735,0,S
2639,30754,30756,2,N
2641,30761,30762,1,S
2632,30723,30765,42,E
2633,30727,30765,38,W
2636,30739,30768,29,E
2637,30740,30768,28,W
2640,30755,30771,16,E
2638,30753,30771,18,W
2643,30771,30774,3,E
2642,30766,30774,8,W
2645,30779,30780,1,W
2647,30787,30789,2,E
2648,30792,30792,0,W
2650,30803,30804,1,E
2651,30805,30807,2,W
2654,30819,30819,0,E
2653,30818,30819,1,W
2644,30778,30825,47,N
2646,30787,30825,38,S
2649,30802,30828,26,N
2652,30813,30828,15,S
2655,30826,30831,5,N
2658,30839,30840,1,S
2660,30850,30852,2,N
2663,30865,30867,2,S
2657,30835,30870,35,E
2656,30831,30870,39,W
2661,30851,30873,22,E
2659,30844,30873,29,W
2664,30867,30876,9,E
2662,30857,30876,19,W
2665,30870,30879,9,W
2667,30883,30885,2,E
2668,30883,30885,2,W
2670,30896,30897,1,W
2672,30899,30900,1,E
2673,30909,30909,0,W
2674,30915,30915,0,E
2677,30922,30924,2,W
2666,30874,30930,56,N
2669,30891,30930,39,S
2671,30898,30933,35,N
2675,30917,30933,16,S
2676,30922,30936,14,N
2680,30943,30945,2,S
2681,30946,30948,2,N
2686,30969,30969,0,S
2687,30970,30972,2,N
2678,30931,30975,44,E
2679,30935,30975,40,W
2682,30947,30978,31,E
2683,30948,30978,30,W
2685,30963,30981,18,E
2684,30961,30981,20,W
2689,30979,30984,5,E
2688,30974,30984,10,W
2690,30987,30987,0,W
2693,30995,30996,1,E
2694,31000,31002,2,W
2695,31011,31011,0,E
2696,31013,31014,1,W
2699,31026,31026,0,W
2700,31027,31029,2,E
2691,30994,31035,41,N
2692,30995,31035,40,S
2697,31018,31038,20,N
2698,31021,31038,17,S
2702,31042,31044,2,N
2704,31047,31047,0,S
2708,31066,31068,2,N
2709,31073,31074,1,S
2703,31043,31080,37,E
2701,31039,31080,41,W
2706,31059,31083,24,E
2705,31052,31083,31,W
2710,31075,31086,11,E
2707,31065,31086,21,W
2711,31078,31089,11,W
2713,31091,31092,1,E
2714,31091,31092,1,W
2716,31104,31104,0,W
2717,31107,31107,0,E
2719,31117,31119,2,W
2720,31123,31125,2,E
2722,31130,31131,1,W
2712,31090,31140,50,N
2715,31099,31140,41,S
2718,31114,31143,29,N
2721,31125,31143,18,S
2723,31138,31146,8,N
2726,31151,31152,1,S
2729,31162,31164,2,N
2732,31177,31179,2,S
2724,31139,31185,46,E
2725,31143,31185,42,W
2727,31155,31188,33,E
2728,31156,31188,32,W
2731,31171,31191,20,E
2730,31169,31191,22,W
2735,31187,31194,7,E
2733,31182,31194,12,W
2736,31195,31197,2,W
2738,31203,31203,0,E
2739,31208,31209,1,W
2741,31219,31221,2,E
2742,31221,31221,0,W
2746,31235,31236,1,E
2745,31234,31236,2,W
2734,31186,31245,59,N
2737,31203,31245,42,S
2740,31210,31248,38,N
2743,31229,31248,19,S
2744,31234,31251,17,N
2749,31255,31257,2,S
2750,31258,31260,2,N
2754,31281,31281,0,S
2755,31282,31284,2,N
2748,31251,31290,39,E
2747,31247,31290,43,W
2752,31267,31293,26,E
2751,31260,31293,33,W
2756,31283,31296,13,E
2753,31273,31296,23,W
2758,31299,31299,0,E
2757,31286,31299,13,W
2759,31299,31302,3,W
2762,31312,31314,2,W
2763,31315,31317,2,E
2764,31325,31326,1,W
2766,31331,31332,1,E
2768,31338,31338,0,W
2769,31347,31347,0,E
2760,31306,31350,44,N
2761,31307,31350,43,S
2765,31330,31353,23,N
2767,31333,31353,20,S
2771,31354,31356,2,N
2772,31359,31359,0,S
2776,31378,31380,2,N
2778,31385,31386,1,S
2773,31363,31395,32,E
2770,31351,31395,44,W
2777,31379,31398,19,E
2774,31364,31398,34,W
2780,31395,31401,6,E
2775,31377,31401,24,W
2779,31390,31404,14,W
2782,31403,31407,4,W
2784,31411,31413,2,E
2785,31416,31416,0,W
2787,31427,31428,1,E
2788,31429,31431,2,W
2791,31443,31443,0,E
2790,31442,31443,1,W
2781,31402,31455,53,N
2783,31411,31455,44,S
2786,31426,31458,32,N
2789,31437,31458,21,S
2792,31450,31461,11,N
2795,31463,31464,1,S
2797,31474,31476,2,N
2800,31489,31491,2,S
2794,31459,31500,41,E
2793,31455,31500,45,W
2798,31475,31503,28,E
2796,31468,31503,35,W
2801,31491,31506,15,E
2799,31481,31506,25,W
2804,31507,31509,2,E
2802,31494,31509,15,W
2805,31507,31512,5,W
2807,31520,31521,1,W
2809,31523,31524,1,E
2810,31533,31533,0,W
2811,31539,31539,0,E
2814,31546,31548,2,W
2815,31555,31557,2,E
2803,31498,31560,62,N
2806,31515,31560,45,S
2808,31522,31563,41,N
2812,31541,31563,22,S
2813,31546,31566,20,N
2817,31567,31569,2,S
2818,31570,31572,2,N
2823,31593,31593,0,S
2824,31594,31596,2,N
2819,31571,31605,34,E
2816,31559,31605,46,W
2822,31587,31608,21,E
2820,31572,31608,36,W
2826,31603,31611,8,E
2821,31585,31611,26,W
2825,31598,31614,16,W
2827,31611,31617,6,W
2830,31619,31620,1,E
2831,31624,31626,2,W
2832,31635,31635,0,E
2833,31637,31638,1,W
2836,31650,31650,0,W
2837,31651,31653,2,E
2828,31618,31665,47,N
2829,31619,31665,46,S
2834,31642,31668,26,N
2835,31645,31668,23,S
2839,31666,31671,5,N
2841,31671,31671,0,S
2845,31690,31692,2,N
2846,31697,31698,1,S
2840,31667,31710,43,E
2838,31663,31710,47,W
2843,31683,31713,30,E
2842,31676,31713,37,W
2847,31699,31716,17,E
2844,31689,31716,27,W
2850,31715,31719,4,E
2848,31702,31719,17,W
2851,31715,31722,7,W
2853,31728,31728,0,W
2854,31731,31731,0,E
2856,31741,31743,2,W
2857,31747,31749,2,E
2859,31754,31755,1,W
2861,31763,31764,1,E
2862,31767,31767,0,W
2849,31714,31770,56,N
2852,31723,31770,47,S
2855,31738,31773,35,N
2858,31749,31773,24,S
2860,31762,31776,14,N
2863,31775,31776,1,S
2866,31786,31788,2,N
2869,31801,31803,2,S
2871,31810,31812,2,N
2864,31779,31815,36,E
2865,31780,31815,35,W
2868,31795,31818,23,E
2867,31793,31818,25,W
2872,31811,31821,10,E
2870,31806,31821,15,W
2873,31819,31824,5,W
2875,31827,31827,0,E
2876,31832,31833,1,W
2878,31843,31845,2,E
2879,31845,31845,0,W
2883,31859,31860,1,E
2882,31858,31860,2,W
2884,31871,31872,1,W
2877,31834,31875,41,N
2874,31827,31875,48,S
2881,31858,31878,20,N
2880,31853,31878,25,S
2886,31879,31881,2,S
2887,31882,31884,2,N
2891,31905,31905,0,S
2892,31906,31908,2,N
2885,31875,31920,45,E
2888,31884,31920,36,W
2889,31891,31923,32,E
2890,31897,31923,26,W
2893,31907,31926,19,E
2894,31910,31926,16,W
2895,31923,31929,6,E
2896,31923,31929,6,W
2899,31936,31938,2,W
2900,31939,31941,2,E
2901,31949,31950,1,W
2903,31955,31956,1,E
2905,31962,31962,0,W
2906,31971,31971,0,E
2907,31975,31977,2,W
2897,31930,31980,50,N
2898,31931,31980,49,S
2902,31954,31983,29,N
2904,31957,31983,26,S
2908,31978,31986,8,N
2909,31983,31986,3,S
2913,32002,32004,2,N
2915,32009,32010,1,S
2910,31987,32025,38,E
2911,31988,32025,37,W
2914,32003,32028,25,E
2912,32001,32028,27,W
2917,32019,32031,12,E
2916,32014,32031,17,W
2919,32027,32034,7,W
2921,32035,32037,2,E
2922,32040,32040,0,W
2924,32051,32052,1,E
2925,32053,32055,2,W
2928,32067,32067,0,E
2927,32066,32067,1,W
2930,32079,32079,0,W
2918,32026,32085,59,N
2920,32035,32085,50,S
2923,32050,32088,38,N
2926,32061,32088,27,S
2929,32074,32091,17,N
2932,32087,32091,4,S
2934,32098,32100,2,N
2937,32113,32115,2,S
2940,32122,32124,2,N
2931,32083,32130,47,E
2933,32092,32130,38,W
2935,32099,32133,34,E
2936,32105,32133,28,W
2938,32115,32136,21,E
2939,32118,32136,18,W
2941,32131,32139,8,E
2942,32131,32139,8,W
2944,32144,32145,1,W
2946,32147,32148,1,E
2947,32157,32157,0,W
2948,32163,32163,0,E
2951,32170,32172,2,W
2952,32179,32181,2,E
2953,32183,32184,1,W
2945,32146,32190,44,N
2943,32139,32190,51,S
2950,32170,32193,23,N
2949,32165,32193,28,S
2955,32194,32196,2,N
2954,32191,32196,5,S
2960,32217,32217,0,S
2961,32218,32220,2,N
2956,32195,32235,40,E
2957,32196,32235,39,W
2959,32211,32238,27,E
2958,32209,32238,29,W
2963,32227,32241,14,E
2962,32222,32241,19,W
2967,32243,32244,1,E
2964,32235,32244,9,W
2968,32248,32250,2,W
2969,32259,32259,0,E
2970,32261,32262,1,W
2973,32274,32274,0,W
2974,32275,32277,2,E
2975,32287,32289,2,W
2977,32291,32292,1,E
2965,32242,32295,53,N
2966,32243,32295,52,S
2971,32266,32298,32,N
2972,32269,32298,29,S
2976,32290,32301,11,N
2978,32295,32301,6,S
2982,32314,32316,2,N
2983,32321,32322,1,S
2980,32307,32340,33,E
2979,32300,32340,40,W
2984,32323,32343,20,E
2981,32313,32343,30,W
2987,32339,32346,7,E
2985,32326,32346,20,W
2988,32339,32349,10,W
2990,32352,32352,0,W
2991,32355,32355,0,E
2993,32365,32367,2,W
2994,32371,32373,2,E
2996,32378,32379,1,W
2998,32387,32388,1,E
2999,32391,32391,0,W
2986,32338,32400,62,N
2989,32347,32400,53,S
2992,32362,32403,41,N
2995,32373,32403,30,S
2997,32386,32406,20,N
3000,32399,32406,7,S
3003,32410,32412,2,N
3006,32425,32427,2,S
3008,32438,32439,1,N
3001,32403,32445,42,E
3002,32404,32445,41,W
3005,32422,32448,26,E
3004,32419,32448,29,W
3009,32441,32451,10,E
3007,32434,32451,17,W
3010,32449,32454,5,W
3012,32460,32460,0,E
3013,32464,32466,2,W
3015,32479,32481,2,E
3016,32479,32481,2,W
3019,32494,32496,2,W
3020,32498,32499,1,E
3014,32466,32505,39,N
3011,32456,32505,49,S
3018,32494,32508,14,N
3017,32487,32508,21,S
3023,32518,32520,2,S
3024,32522,32523,1,N
3022,32517,32550,33,E
3021,32509,32550,41,W
3026,32536,32553,17,E
3025,32524,32553,29,W
3031,32555,32556,1,E
3027,32539,32556,17,W
3030,32554,32559,5,W
3032,32569,32571,2,W
3033,32574,32574,0,E
3036,32584,32586,2,W
3037,32593,32595,2,E
3038,32599,32601,2,W
3029,32550,32610,60,N
3028,32549,32610,61,S
3034,32578,32613,35,N
3035,32580,32613,33,S
3039,32606,32616,10,N
3040,32611,32616,5,S
3045,32634,32634,0,N
3046,32642,32643,1,S
3041,32612,32655,43,E
3042,32614,32655,41,W
3044,32631,32658,27,E
3043,32629,32658,29,W
3048,32650,32661,11,E
3047,32644,32661,17,W
3049,32659,32664,5,W
3051,32669,32670,1,E
3053,32674,32676,2,W
3054,32688,32688,0,E
3055,32689,32691,2,W
3058,32704,32706,2,W
3059,32707,32709,2,E
3050,32662,32715,53,N
3052,32673,32715,42,S
3056,32690,32718,28,N
3057,32704,32718,14,S
3060,32718,32721,3,N
3064,32735,32736,1,S
3066,32746,32748,2,N
3062,32726,32760,34,E
3061,32719,32760,41,W
3065,32745,32763,18,E
3063,32734,32763,29,W
3068,32764,32766,2,E
3067,32749,32766,17,W
3069,32764,32769,5,W
3072,32779,32781,2,W
3073,32783,32784,1,E
3074,32794,32796,2,W
3077,32802,32802,0,E
3078,32809,32811,2,W
3071,32774,32820,46,N
3070,32766,32820,54,S
3076,32802,32823,21,N
3075,32797,32823,26,S
3081,32828,32829,1,S
3082,32830,32832,2,N
3086,32858,32859,1,N
3087,32859,32859,0,S
3079,32821,32865,44,E
3080,32824,32865,41,W
3084,32840,32868,28,E
3083,32839,32868,29,W
3088,32859,32871,12,E
3085,32854,32871,17,W
3089,32869,32874,5,W
3090,32878,32880,2,E
3091,32884,32886,2,W
3094,32897,32898,1,E
3095,32899,32901,2,W
3098,32916,32916,0,E
3097,32914,32916,2,W
3092,32886,32925,39,N
3093,32890,32925,35,S
3096,32914,32928,14,N
3099,32921,32928,7,S
3102,32942,32943,1,N
3104,32952,32952,0,S
3101,32935,32970,35,E
3100,32929,32970,41,W
3105,32954,32973,19,E
3103,32944,32973,29,W
3108,32973,32976,3,E
3106,32959,32976,17,W
3109,32974,32979,5,W
3111,32989,32991,2,W
3112,32992,32994,2,E
3114,33004,33006,2,W
3115,33011,33012,1,E
3117,33019,33021,2,W
3107,32970,33030,60,N
3110,32983,33030,47,S
3113,32998,33033,35,N
3116,33014,33033,19,S
3118,33026,33036,10,N
3121,33045,33045,0,S
3124,33054,33054,0,N
3119,33030,33075,45,E
3120,33034,33075,41,W
3122,33049,33078,29,E
3123,33049,33078,29,W
3126,33068,33081,13,E
3125,33064,33081,17,W
3128,33079,33084,5,W
3130,33087,33087,0,E
3131,33094,33096,2,W
3132,33106,33108,2,E
3134,33109,33111,2,W
3137,33125,33126,1,E
3136,33124,33126,2,W
3129,33082,33135,53,N
3127,33076,33135,59,S
3135,33110,33138,28,N
3133,33107,33138,31,S
3139,33138,33141,3,N
3138,33138,33141,3,S
3144,33166,33168,2,N
3145,33169,33171,2,S
3141,33144,33180,36,E
3140,33139,33180,41,W
3143,33163,33183,20,E
3142,33154,33183,29,W
3147,33182,33186,4,E
3146,33169,33186,17,W
3148,33184,33189,5,W
3152,33201,33201,0,E
3150,33199,33201,2,W
3153,33214,33216,2,W
3154,33220,33222,2,E
3156,33229,33231,2,W
3149,33194,33240,46,N
3151,33200,33240,40,S
3155,33222,33243,21,N
3157,33231,33243,12,S
3160,33250,33252,2,N
3163,33262,33264,2,S
3166,33278,33279,1,N
3158,33239,33285,46,E
3159,33244,33285,41,W
3161,33258,33288,30,E
3162,33259,33288,29,W
3165,33277,33291,14,E
3164,33274,33291,17,W
3167,33289,33294,5,W
3169,33296,33297,1,E
3170,33304,33306,2,W
3172,33315,33315,0,E
3173,33319,33321,2,W
3176,33334,33336,2,E
3177,33334,33336,2,W
3171,33306,33345,39,N
3168,33293,33345,52,S
3175,33334,33348,14,N
3174,33324,33348,24,S
3180,33355,33357,2,S
3181,33362,33363,1,N
3185,33386,33387,1,S
3179,33353,33390,37,E
3178,33349,33390,41,W
3183,33372,33393,21,E
3182,33364,33393,29,W
3187,33391,33396,5,E
3184,33379,33396,17,W
3188,33394,33399,5,W
3190,33410,33411,1,E
3189,33409,33411,2,W
3193,33424,33426,2,W
3194,33429,33429,0,E
3195,33439,33441,2,W
3186,33390,33450,60,N
3191,33417,33450,33,S
3192,33418,33453,35,N
3197,33448,33453,5,S
3196,33446,33456,10,N
3202,33474,33474,0,N
3203,33479,33480,1,S
3198,33448,33495,47,E
3199,33454,33495,41,W
3200,33467,33498,31,E
3201,33469,33498,29,W
3205,33486,33501,15,E
3204,33484,33501,17,W
3206,33499,33504,5,W
3208,33505,33507,2,E
3210,33514,33516,2,W
3211,33524,33525,1,E
3212,33529,33531,2,W
3215,33543,33543,0,E
3216,33544,33546,2,W
3207,33502,33555,53,N
3209,33510,33555,45,S
3213,33530,33558,28,N
3214,33541,33558,17,S
3217,33558,33561,3,N
3220,33572,33573,1,S
3223,33586,33588,2,N
3219,33562,33600,38,E
3218,33559,33600,41,W
3222,33581,33603,22,E
3221,33574,33603,29,W
3225,33600,33606,6,E
3224,33589,33606,17,W
3227,33604,33609,5,W
3229,33619,33621,2,E
3230,33619,33621,2,W
3232,33634,33636,2,W
3233,33638,33639,1,E
3235,33649,33651,2,W
3236,33657,33657,0,E
3228,33614,33660,46,N
3226,33603,33660,57,S
3234,33642,33663,21,N
3231,33634,33663,29,S
3238,33665,33666,1,S
3239,33670,33672,2,N
3244,33696,33696,0,S
3245,33698,33699,1,N
3240,33676,33705,29,E
3237,33664,33705,41,W
3243,33695,33708,13,E
3241,33679,33708,29,W
3242,33694,33711,17,W
3247,33714,33714,0,E
3246,33709,33714,5,W
3248,33724,33726,2,W
3251,33733,33735,2,E
3252,33739,33741,2,W
3253,33752,33753,1,E
3255,33754,33756,2,W
3249,33726,33765,39,N
3250,33727,33765,38,S
3254,33754,33768,14,N
3256,33758,33768,10,S
3259,33782,33783,1,N
3261,33789,33789,0,S
3258,33771,33810,39,E
3257,33769,33810,41,W
3262,33790,33813,23,E
3260,33784,33813,29,W
3264,33809,33816,7,E
3263,33799,33816,17,W
3266,33814,33819,5,W
3268,33828,33828,0,E
3269,33829,33831,2,W
3271,33844,33846,2,W
3272,33847,33849,2,E
3274,33859,33861,2,W
3276,33866,33867,1,E
3265,33810,33870,60,N
3267,33820,33870,50,S
3270,33838,33873,35,N
3273,33851,33873,22,S
3275,33866,33876,10,N
3278,33882,33882,0,S
3281,33894,33894,0,N
3279,33885,33915,30,E
3277,33874,33915,41,W
3282,33904,33918,14,E
3280,33889,33918,29,W
3283,33904,33921,17,W
3287,33923,33924,1,E
3285,33919,33924,5,W
3288,33934,33936,2,W
3289,33942,33942,0,E
3291,33949,33951,2,W
3293,33961,33963,2,E
3294,33964,33966,2,W
3286,33922,33975,53,N
3284,33913,33975,62,S
3292,33950,33978,28,N
3290,33944,33978,34,S
3296,33978,33981,3,N
3295,33975,33981,6,S
3302,34006,34008,2,N
3301,34006,34008,2,S
3298,33980,34020,40,E
3297,33979,34020,41,W
3300,33999,34023,24,E
3299,33994,34023,29,W
3304,34018,34026,8,E
3303,34009,34026,17,W
3305,34024,34029,5,W
3308,34037,34038,1,E
3309,34039,34041,2,W
3311,34056,34056,0,E
3310,34054,34056,2,W
3314,34069,34071,2,W
3315,34075,34077,2,E
3306,34034,34080,46,N
3307,34037,34080,43,S
3312,34062,34083,21,N
3313,34068,34083,15,S
3317,34090,34092,2,N
3319,34099,34101,2,S
3323,34118,34119,1,N
3318,34094,34125,31,E
3316,34084,34125,41,W
3321,34113,34128,15,E
3320,34099,34128,29,W
3322,34114,34131,17,W
3326,34132,34134,2,E
3324,34129,34134,5,W
3327,34144,34146,2,W
3329,34151,34152,1,E
3330,34159,34161,2,W
3332,34170,34170,0,E
3334,34174,34176,2,W
3328,34146,34185,39,N
3325,34130,34185,55,S
3333,34174,34188,14,N
3331,34161,34188,27,S
3337,34192,34194,2,S
3338,34202,34203,1,N
3342,34223,34224,1,S
3335,34189,34230,41,E
3336,34189,34230,41,W
3340,34208,34233,25,E
3339,34204,34233,29,W
3343,34227,34236,9,E
3341,34219,34236,17,W
3345,34234,34239,5,W
3346,34246,34248,2,E
3347,34249,34251,2,W
3351,34265,34266,1,E
3350,34264,34266,2,W
3352,34279,34281,2,W
3353,34284,34284,0,E
3344,34230,34290,60,N
3348,34254,34290,36,S
3349,34258,34293,35,N
3354,34285,34293,8,S
3355,34286,34296,10,N
3359,34314,34314,0,N
3360,34316,34317,1,S
3357,34303,34335,32,E
3356,34294,34335,41,W
3361,34322,34338,16,E
3358,34309,34338,29,W
3364,34341,34341,0,E
3362,34324,34341,17,W
3363,34339,34344,5,W
3367,34354,34356,2,W
3368,34360,34362,2,E
3369,34369,34371,2,W
3372,34379,34380,1,E
3373,34384,34386,2,W
3365,34342,34395,53,N
3366,34347,34395,48,S
3370,34370,34398,28,N
3371,34378,34398,20,S
3374,34398,34401,3,N
3377,34409,34410,1,S
3380,34426,34428,2,N
3375,34398,34440,42,E
3376,34399,34440,41,W
3379,34417,34443,26,E
3378,34414,34443,29,W
3382,34436,34446,10,E
3381,34429,34446,17,W
3384,34444,34449,5,W
3386,34455,34455,0,E
3387,34459,34461,2,W
3389,34474,34476,2,E
3390,34474,34476,2,W
3392,34489,34491,2,W
3393,34493,34494,1,E
3385,34454,34500,46,N
3383,34440,34500,60,S
3391,34482,34503,21,N
3388,34471,34503,32,S
3394,34502,34506,4,S
3396,34510,34512,2,N
3400,34533,34533,0,S
3402,34538,34539,1,N
3397,34512,34545,33,E
3395,34504,34545,41,W
3399,34531,34548,17,E
3398,34519,34548,29,W
3404,34550,34551,1,E
3401,34534,34551,17,W
3403,34549,34554,5,W
3406,34564,34566,2,W
3408,34569,34569,0,E
3409,34579,34581,2,W
3410,34588,34590,2,E
3412,34594,34596,2,W
3407,34566,34605,39,N
3405,34564,34605,41,S
3411,34594,34608,14,N
3413,34595,34608,13,S
3416,34622,34623,1,N
3418,34626,34626,0,S
3414,34607,34650,43,E
3415,34609,34650,41,W
3419,34626,34653,27,E
3417,34624,34653,29,W
3421,34645,34656,11,E
3420,34639,34656,17,W
3423,34654,34659,5,W
3425,34664,34665,1,E
3426,34669,34671,2,W
3428,34683,34683,0,E
3429,34684,34686,2,W
3431,34699,34701,2,W
3432,34702,34704,2,E
3422,34650,34710,60,N
3424,34657,34710,53,S
3427,34678,34713,35,N
3430,34688,34713,25,S
3433,34706,34716,10,N
3435,34719,34719,0,S
3438,34734,34734,0,N
3441,34750,34752,2,S
3436,34721,34755,34,E
3434,34714,34755,41,W
3439,34740,34758,18,E
3437,34729,34758,29,W
3442,34759,34761,2,E
3440,34744,34761,17,W
3443,34759,34764,5,W
3445,34774,34776,2,W
3446,34778,34779,1,E
3448,34789,34791,2,W
3450,34797,34797,0,E
3451,34804,34806,2,W
3444,34762,34815,53,N
3447,34781,34815,34,S
3449,34790,34818,28,N
3452,34812,34818,6,S
3454,34818,34821,3,N
3458,34843,34845,2,S
3459,34846,34848,2,N
3453,34816,34860,44,E
3455,34819,34860,41,W
3457,34835,34863,28,E
3456,34834,34863,29,W
3461,34854,34866,12,E
3460,34849,34866,17,W
3462,34864,34869,5,W
3463,34873,34875,2,E
3466,34879,34881,2,W
3467,34892,34893,1,E
3468,34894,34896,2,W
3472,34911,34911,0,E
3471,34909,34911,2,W
3465,34874,34920,46,N
3464,34874,34920,46,S
3469,34902,34923,21,N
3470,34905,34923,18,S
3474,34930,34932,2,N
3476,34936,34938,2,S
3480,34958,34959,1,N
3475,34930,34965,35,E
3473,34924,34965,41,W
3478,34949,34968,19,E
3477,34939,34968,29,W
3482,34968,34971,3,E
3479,34954,34971,17,W
3483,34969,34974,5,W
3484,34984,34986,2,W
3486,34987,34989,2,E
3488,34999,35001,2,W
3489,35006,35007,1,E
3491,35014,35016,2,W
3485,34986,35025,39,N
3481,34967,35025,58,S
3490,35014,35028,14,N
3487,34998,35028,30,S
3493,35029,35031,2,S
3495,35042,35043,1,N
3499,35060,35061,1,S
3492,35025,35070,45,E
3494,35029,35070,41,W
3496,35044,35073,29,E
3497,35044,35073,29,W
3500,35063,35076,13,E
3498,35059,35076,17,W
3502,35074,35079,5,W
3503,35082,35082,0,E
3504,35089,35091,2,W
3507,35101,35103,2,E
3508,35104,35106,2,W
3510,35120,35121,1,E
3509,35119,35121,2,W
3501,35070,35130,60,N
3505,35091,35130,39,S
3506,35098,35133,35,N
3511,35122,35133,11,S
3512,35126,35136,10,N
3517,35154,35154,0,N
3516,35153,35154,1,S
3514,35139,35175,36,E
3513,35134,35175,41,W
3518,35158,35178,20,E
3515,35149,35178,29,W
3520,35177,35181,4,E
3519,35164,35181,17,W
3521,35179,35184,5,W
3525,35196,35196,0,E
3524,35194,35196,2,W
3526,35209,35211,2,W
3529,35215,35217,2,E
3530,35224,35226,2,W
3522,35182,35235,53,N
3523,35184,35235,51,S
3527,35210,35238,28,N
3528,35215,35238,23,S
3532,35238,35241,3,N
3534,35246,35247,1,S
3537,35266,35268,2,N
3540,35277,35277,0,S
3531,35234,35280,46,E
3533,35239,35280,41,W
3535,35253,35283,30,E
3536,35254,35283,29,W
3539,35272,35286,14,E
3538,35269,35286,17,W
3541,35284,35289,5,W
3542,35291,35292,1,E
3544,35299,35301,2,W
3546,35310,35310,0,E
3547,35314,35316,2,W
3549,35329,35331,2,E
3550,35329,35331,2,W
3543,35294,35340,46,N
3545,35308,35340,32,S
3548,35322,35343,21,N
3551,35339,35343,4,S
3554,35350,35352,2,N
3557,35370,35370,0,S
3559,35378,35379,1,N
3553,35348,35385,37,E
3552,35344,35385,41,W
3556,35367,35388,21,E
3555,35359,35388,29,W
3560,35386,35391,5,E
3558,35374,35391,17,W
3561,35389,35394,5,W
3564,35405,35406,1,E
3563,35404,35406,2,W
3566,35419,35421,2,W
3567,35424,35424,0,E
3570,35434,35436,2,W
3565,35406,35445,39,N
3562,35401,35445,44,S
3569,35434,35448,14,N
3568,35432,35448,16,S
3573,35462,35463,1,N
3575,35463,35463,0,S
3571,35443,35490,47,E
3572,35449,35490,41,W
3574,35462,35493,31,E
3576,35464,35493,29,W
3578,35481,35496,15,E
3577,35479,35496,17,W
3581,35494,35499,5,W
3582,35500,35502,2,E
3583,35509,35511,2,W
3585,35519,35520,1,E
3586,35524,35526,2,W
3588,35538,35538,0,E
3589,35539,35541,2,W
3579,35490,35550,60,N
3580,35494,35550,56,S
3584,35518,35553,35,N
3587,35525,35553,28,S
3590,35546,35556,10,N
3592,35556,35556,0,S
3595,35574,35574,0,N
3598,35587,35589,2,S
3593,35557,35595,38,E
3591,35554,35595,41,W
3596,35576,35598,22,E
3594,35569,35598,29,W
3599,35595,35601,6,E
3597,35584,35601,17,W
3600,35599,35604,5,W
3602,35614,35616,2,E
3603,35614,35616,2,W
3605,35629,35631,2,W
3607,35633,35634,1,E
3608,35644,35646,2,W
3610,35652,35652,0,E
3601,35602,35655,53,N
3604,35618,35655,37,S
3606,35630,35658,28,N
3609,35649,35658,9,S
3611,35658,35661,3,N
3615,35680,35682,2,S
3616,35686,35688,2,N
3613,35671,35700,29,E
3612,35659,35700,41,W
3618,35690,35703,13,E
3614,35674,35703,29,W
3617,35689,35706,17,W
3620,35709,35709,0,E
3619,35704,35709,5,W
3623,35719,35721,2,W
3624,35728,35730,2,E
3625,35734,35736,2,W
3628,35747,35748,1,E
3629,35749,35751,2,W
3622,35714,35760,46,N
3621,35711,35760,49,S
3627,35742,35763,21,N
3626,35742,35763,21,S
3632,35770,35772,2,N
3633,35773,35775,2,S
3637,35798,35799,1,N
3631,35766,35805,39,E
3630,35764,35805,41,W
3635,35785,35808,23,E
3634,35779,35808,29,W
3639,35804,35811,7,E
3636,35794,35811,17,W
3640,35809,35814,5,W
3641,35823,35823,0,E
3642,35824,35826,2,W
3645,35839,35841,2,W
3646,35842,35844,2,E
3648,35854,35856,2,W
3649,35861,35862,1,E
3643,35826,35865,39,N
3638,35804,35865,61,S
3647,35854,35868,14,N
3644,35835,35868,33,S
3650,35866,35871,5,S
3653,35882,35883,1,N
3655,35897,35898,1,S
3652,35880,35910,30,E
3651,35869,35910,41,W
3656,35899,35913,14,E
3654,35884,35913,29,W
3657,35899,35916,17,W
3660,35918,35919,1,E
3659,35914,35919,5,W
3662,35929,35931,2,W
3663,35937,35937,0,E
3665,35944,35946,2,W
3666,35956,35958,2,E
3668,35959,35961,2,W
3658,35910,35970,60,N
3661,35928,35970,42,S
3664,35938,35973,35,N
3667,35959,35973,14,S
3669,35966,35976,10,N
3673,35990,35991,1,S
3674,35994,35994,0,N
3671,35975,36015,40,E
3670,35974,36015,41,W
3675,35994,36018,24,E
3672,35989,36018,29,W
3677,36013,36021,8,E
3676,36004,36021,17,W
3678,36020,36024,4,W
3681,36032,36033,1,E
3682,36036,36036,0,W
3684,36051,36051,0,E
3685,36052,36054,2,W
3687,36068,36069,1,W
3688,36070,36072,2,E
3680,36022,36075,53,N
3679,36021,36075,54,S
3683,36051,36078,27,N
3686,36053,36078,25,S
3689,36080,36081,1,N
3691,36085,36087,2,S
3695,36109,36111,2,N
3697,36117,36117,0,S
3692,36089,36120,31,E
3690,36084,36120,36,W
3694,36108,36123,15,E
3693,36100,36123,23,W
3696,36116,36126,10,W
3698,36127,36129,2,E
3699,36132,36132,0,W
3701,36146,36147,1,E
3702,36148,36150,2,W
3705,36165,36165,0,E
3704,36164,36165,1,W
3700,36138,36180,42,N
3703,36149,36180,31,S
3706,36167,36183,16,N
3708,36181,36183,2,S
3710,36196,36198,2,N
3714,36213,36213,0,S
3709,36184,36225,41,E
3707,36180,36225,45,W
3712,36203,36228,25,E
3711,36196,36228,32,W
3715,36222,36231,9,E
3713,36212,36231,19,W
3717,36228,36234,6,W
3718,36241,36243,2,E
3719,36244,36246,2,W
3722,36260,36261,1,E
3723,36260,36261,1,W
3724,36276,36276,0,W
3726,36279,36279,0,E
3716,36225,36285,60,N
3720,36245,36285,40,S
3721,36254,36288,34,N
3725,36277,36288,11,S
3727,36283,36291,8,N
3731,36309,36309,0,S
3732,36312,36312,0,N
3729,36298,36330,32,E
3728,36292,36330,38,W
3733,36317,36333,16,E
3730,36308,36333,25,W
3735,36336,36336,0,E
3734,36324,36336,12,W
3736,36340,36342,2,W
3739,36355,36357,2,E
3740,36356,36357,1,W
3742,36372,36372,0,W
3744,36374,36375,1,E
3738,36341,36390,49,N
3737,36341,36390,49,S
3741,36370,36393,23,N
3743,36373,36393,20,S
3747,36399,36399,0,N
3749,36405,36405,0,S
3752,36428,36429,1,N
3746,36393,36435,42,E
3745,36388,36435,47,W
3750,36412,36438,26,E
3748,36404,36438,34,W
3753,36431,36441,10,E
3751,36420,36441,21,W
3754,36436,36444,8,W
3756,36450,36450,0,E
3757,36452,36453,1,W
3759,36468,36468,0,W
3761,36469,36471,2,E
3762,36484,36486,2,W
3764,36488,36489,1,E
3758,36457,36495,38,N
3755,36437,36495,58,S
3763,36486,36498,12,N
3760,36469,36498,29,S
3766,36501,36501,0,S
3768,36515,36516,1,N
3772,36533,36534,1,S
3767,36507,36540,33,E
3765,36500,36540,40,W
3770,36526,36543,17,E
3769,36516,36543,27,W
3774,36545,36546,1,E
3771,36532,36546,14,W
3775,36548,36549,1,W
3776,36564,36564,0,E
3777,36564,36564,0,W
3780,36580,36582,2,W
3781,36583,36585,2,E
3782,36596,36597,1,W
3773,36544,36600,56,N
3778,36565,36600,35,S
3779,36573,36603,30,N
3783,36597,36603,6,S
3784,36602,36606,4,N
3789,36629,36630,1,S
3790,36631,36633,2,N
3785,36602,36645,43,E
3786,36612,36645,33,W
3787,36621,36648,27,E
3788,36628,36648,20,W
3791,36640,36651,11,E
3792,36644,36651,7,W
3793,36659,36660,1,E
3795,36660,36660,0,W
3798,36678,36678,0,E
3797,36676,36678,2,W
3800,36692,36693,1,W
3802,36697,36699,2,E
3794,36660,36705,45,N
3796,36661,36705,44,S
3799,36689,36708,19,N
3801,36693,36708,15,S
3805,36718,36720,2,N
3807,36725,36726,1,S
3810,36747,36747,0,N
3804,36716,36750,34,E
3803,36708,36750,42,W
3808,36735,36753,18,E
3806,36724,36753,29,W
3811,36754,36756,2,E
3809,36740,36756,16,W
3812,36756,36759,3,W
3815,36773,36774,1,E
3814,36772,36774,2,W
3817,36788,36789,1,W
3819,36792,36792,0,E
3820,36804,36804,0,W
3816,36776,36810,34,N
3813,36757,36810,53,S
3821,36805,36813,8,N
3818,36789,36813,24,S
3824,36821,36822,1,S
3826,36834,36834,0,N
3822,36811,36855,44,E
3823,36820,36855,35,W
3825,36830,36858,28,E
3827,36836,36858,22,W
3828,36849,36861,12,E
3829,36852,36861,9,W
3832,36868,36870,2,E
3833,36868,36870,2,W
3834,36884,36885,1,W
3836,36887,36888,1,E
3838,36900,36900,0,W
3839,36906,36906,0,E
3831,36863,36915,52,N
3830,36853,36915,62,S
3837,36892,36918,26,N
3835,36885,36918,33,S
3842,36921,36921,0,N
3841,36917,36921,4,S
3848,36950,36951,1,N
3847,36949,36951,2,S
3843,36925,36960,35,E
3840,36916,36960,44,W
3845,36944,36963,19,E
3844,36932,36963,31,W
3849,36963,36966,3,E
3846,36948,36966,18,W
3850,36964,36969,5,W
3852,36980,36981,1,W
3854,36982,36984,2,E
3855,36996,36996,0,W
3856,37001,37002,1,E
3858,37012,37014,2,W
3851,36979,37020,41,N
3853,36981,37020,39,S
3857,37008,37023,15,N
3859,37013,37023,10,S
3862,37037,37038,1,N
3865,37045,37047,2,S
3860,37020,37065,45,E
3861,37028,37065,37,W
3863,37039,37068,29,E
3864,37044,37068,24,W
3866,37058,37071,13,E
3867,37060,37071,11,W
3871,37077,37077,0,E
3869,37076,37077,1,W
3872,37092,37092,0,W
3874,37096,37098,2,E
3875,37108,37110,2,W
3877,37115,37116,1,E
3868,37066,37125,59,N
3870,37077,37125,48,S
3873,37095,37128,33,N
3876,37109,37128,19,S
3878,37124,37131,7,N
3882,37141,37143,2,S
3883,37153,37155,2,N
3880,37134,37170,36,E
3879,37124,37170,46,W
3884,37153,37173,20,E
3881,37140,37173,33,W
3886,37172,37176,4,E
3885,37156,37176,20,W
3887,37172,37179,7,W
3890,37188,37188,0,W
3891,37191,37191,0,E
3892,37204,37206,2,W
3894,37210,37212,2,E
3896,37220,37221,1,W
3889,37182,37230,48,N
3888,37173,37230,57,S
3895,37211,37233,22,N
3893,37205,37233,28,S
3899,37237,37239,2,S
3900,37240,37242,2,N
3906,37269,37269,0,N
3905,37269,37269,0,S
3897,37229,37275,46,E
3898,37236,37275,39,W
3901,37248,37278,30,E
3902,37252,37278,26,W
3903,37267,37281,14,E
3904,37268,37281,13,W
3907,37284,37284,0,W
3908,37286,37287,1,E
3910,37300,37302,2,W
3912,37305,37305,0,E
3913,37316,37317,1,W
3914,37324,37326,2,E
3916,37332,37332,0,W
3909,37298,37335,37,N
3911,37301,37335,34,S
3915,37327,37338,11,N
3917,37333,37338,5,S
3920,37356,37356,0,N
3923,37365,37365,0,S
3918,37343,37380,37,E
3919,37348,37380,32,W
3921,37362,37383,21,E
3922,37364,37383,19,W
3925,37381,37386,5,E
3924,37380,37386,6,W
3927,37396,37398,2,W
3929,37400,37401,1,E
3930,37412,37413,1,W
3932,37419,37419,0,E
3933,37428,37428,0,W
3926,37385,37440,55,N
3928,37397,37440,43,S
3931,37414,37443,29,N
3934,37429,37443,14,S
3936,37443,37446,3,N
3940,37461,37461,0,S
3941,37472,37473,1,N
3935,37438,37485,47,E
3937,37444,37485,41,W
3938,37457,37488,31,E
3939,37460,37488,28,W
3942,37476,37491,15,E
3943,37476,37491,15,W
3944,37492,37494,2,W
3946,37495,37497,2,E
3948,37508,37509,1,W
3949,37514,37515,1,E
3950,37524,37524,0,W
3953,37533,37533,0,E
3954,37540,37542,2,W
3947,37501,37545,44,N
3945,37493,37545,52,S
3952,37530,37548,18,N
3951,37525,37548,23,S
3957,37557,37557,0,S
3958,37559,37560,1,N
3955,37552,37590,38,E
3956,37556,37590,34,W
3959,37571,37593,22,E
3960,37572,37593,21,W
3964,37590,37596,6,E
3962,37588,37596,8,W
3965,37604,37605,1,W
3966,37609,37611,2,E
3968,37620,37620,0,W
3970,37628,37629,1,E
3971,37636,37638,2,W
3973,37647,37647,0,E
3961,37588,37650,62,N
3963,37589,37650,61,S
3967,37617,37653,36,N
3969,37621,37653,32,S
3972,37646,37656,10,N
3975,37653,37656,3,S
3978,37675,37677,2,N
3980,37685,37686,1,S
3976,37666,37695,29,E
3974,37652,37695,43,W
3981,37685,37698,13,E
3977,37668,37698,30,W
3979,37684,37701,17,W
3984,37704,37704,0,E
3982,37700,37704,4,W
3985,37716,37716,0,W
3987,37723,37725,2,E
3988,37732,37734,2,W
3990,37742,37743,1,E
3991,37748,37749,1,W
3983,37704,37755,51,N
3986,37717,37755,38,S
3989,37733,37758,25,N
3992,37749,37758,9,S
3994,37762,37764,2,N
3998,37781,37782,1,S
3999,37791,37791,0,N
3993,37761,37800,39,E
3995,37764,37800,36,W
3996,37780,37803,23,E
3997,37780,37803,23,W
4001,37799,37806,7,E
4000,37796,37806,10,W
4002,37812,37812,0,W
4004,37818,37818,0,E
4006,37828,37830,2,W
4007,37837,37839,2,E
4008,37844,37845,1,W
4011,37856,37857,1,E
4005,37820,37860,40,N
4003,37813,37860,47,S
4010,37849,37863,14,N
4009,37845,37863,18,S
4016,37878,37878,0,N
4015,37877,37878,1,S
4013,37875,37905,30,E
4012,37860,37905,45,W
4018,37894,37908,14,E
4014,37876,37908,32,W
4017,37892,37911,19,W
4022,37913,37914,1,E
4020,37908,37914,6,W
4023,37924,37926,2,W
4024,37932,37932,0,E
4026,37940,37941,1,W
4028,37951,37953,2,E
4029,37956,37956,0,W
4019,37907,37965,58,N
4021,37909,37965,56,S
4025,37936,37968,32,N
4027,37941,37968,27,S
4030,37965,37971,6,N
4033,37973,37974,1,S
4036,37994,37995,1,N
4038,38005,38007,2,S
4031,37970,38010,40,E
4032,37972,38010,38,W
4035,37989,38013,24,E
4034,37988,38013,25,W
4039,38008,38016,8,E
4037,38004,38016,12,W
4040,38020,38022,2,W
4042,38027,38028,1,E
4043,38036,38037,1,W
4045,38046,38046,0,E
4047,38052,38052,0,W
4048,38065,38067,2,E
4041,38023,38070,47,N
4044,38037,38070,33,S
4046,38052,38073,21,N
4050,38069,38073,4,S
4051,38081,38082,1,N
4055,38101,38103,2,S
4057,38110,38112,2,N
4052,38084,38115,31,E
4049,38068,38115,47,W
4056,38103,38118,15,E
4053,38084,38118,34,W
4054,38100,38121,21,W
4059,38122,38124,2,E
4058,38116,38124,8,W
4060,38132,38133,1,W
4063,38141,38142,1,E
4064,38148,38148,0,W
4065,38160,38160,0,E
4066,38164,38166,2,W
4062,38139,38175,36,N
4061,38133,38175,42,S
4068,38168,38178,10,N
4067,38165,38178,13,S
4073,38197,38199,2,N
4072,38197,38199,2,S
4069,38179,38220,41,E
4070,38180,38220,40,W
4074,38198,38223,25,E
4071,38196,38223,27,W
4076,38217,38226,9,E
4075,38212,38226,14,W
4078,38228,38229,1,W
4080,38236,38238,2,E
4081,38244,38244,0,W
4083,38255,38256,1,E
4084,38260,38262,2,W
4086,38274,38274,0,E
4087,38276,38277,1,W
4077,38226,38280,54,N
4079,38229,38280,51,S
4082,38255,38283,28,N
4085,38261,38283,22,S
4088,38284,38286,2,N
4090,38293,38295,2,S
4094,38313,38313,0,N
4091,38293,38325,32,E
4089,38292,38325,33,W
4093,38312,38328,16,E
4092,38308,38328,20,W
4097,38331,38331,0,E
4095,38324,38331,7,W
4098,38340,38340,0,W
4100,38350,38352,2,E
4101,38356,38358,2,W
4103,38369,38370,1,E
4105,38372,38373,1,W
4099,38342,38385,43,N
4096,38325,38385,60,S
4104,38371,38388,17,N
4102,38357,38388,31,S
4108,38389,38391,2,S
4109,38400,38400,0,N
4113,38421,38421,0,S
4106,38388,38430,42,E
4107,38388,38430,42,W
4111,38407,38433,26,E
4110,38404,38433,29,W
4114,38426,38436,10,E
4112,38420,38436,16,W
4116,38436,38439,3,W
4117,38445,38445,0,E
4118,38452,38454,2,W
4121,38464,38466,2,E
4122,38468,38469,1,W
4123,38483,38484,1,E
4124,38484,38484,0,W
4115,38429,38490,61,N
4119,38453,38490,37,S
4120,38458,38493,35,N
4125,38485,38493,8,S
4126,38487,38496,9,N
4129,38516,38517,1,N
4131,38517,38517,0,S
4128,38502,38535,33,E
4127,38500,38535,35,W
4132,38521,38538,17,E
4130,38516,38538,22,W
4134,38540,38541,1,E
4133,38532,38541,9,W
4136,38548,38550,2,W
4138,38559,38559,0,E
4139,38564,38565,1,W
4141,38578,38580,2,E
4142,38580,38580,0,W
4135,38545,38595,50,N
4137,38549,38595,46,S
4140,38574,38598,24,N
4143,38581,38598,17,S
4146,38603,38604,1,N
4148,38613,38613,0,S
4151,38632,38634,2,N
4145,38597,38640,43,E
4144,38596,38640,44,W
4149,38616,38643,27,E
4147,38612,38643,31,W
4152,38635,38646,11,E
4150,38628,38646,18,W
4153,38644,38649,5,W
4155,38654,38655,1,E
4156,38660,38661,1,W
4158,38673,38673,0,E
4159,38676,38676,0,W
4162,38692,38694,2,E
4163,38692,38694,2,W
4157,38661,38700,39,N
4154,38645,38700,55,S
4161,38690,38703,13,N
4160,38677,38703,26,S
4165,38709,38709,0,S
4167,38719,38721,2,N
4171,38741,38742,1,S
4166,38711,38745,34,E
4164,38708,38745,37,W
4169,38730,38748,18,E
4168,38724,38748,24,W
4173,38749,38751,2,E
4170,38740,38751,11,W
4174,38756,38757,1,W
4175,38768,38769,1,E
4176,38772,38772,0,W
4179,38787,38787,0,E
4180,38788,38790,2,W
4172,38748,38805,57,N
4177,38773,38805,32,S
4178,38777,38808,31,N
4182,38805,38808,3,S
4183,38806,38811,5,N
4187,38835,38835,0,N
4189,38837,38838,1,S
4184,38806,38850,44,E
4181,38804,38850,46,W
4186,38825,38853,28,E
4185,38820,38853,33,W
4190,38844,38856,12,E
4188,38836,38856,20,W
4191,38852,38859,7,W
4192,38863,38865,2,E
4194,38868,38868,0,W
4196,38882,38883,1,E
4197,38884,38886,2,W
4201,38901,38901,0,E
4199,38900,38901,1,W
4193,38864,38910,46,N
4195,38869,38910,41,S
4198,38893,38913,20,N
4200,38901,38913,12,S
4204,38922,38922,0,N
4206,38933,38934,1,S
4209,38951,38952,1,N
4203,38920,38955,35,E
4202,38916,38955,39,W
4207,38939,38958,19,E
4205,38932,38958,26,W
4210,38958,38961,3,E
4208,38948,38961,13,W
4211,38964,38964,0,W
4213,38977,38979,2,E
4215,38980,38982,2,W
4216,38996,38997,1,E
4217,38996,38997,1,W
4220,39012,39012,0,W
4214,38980,39015,35,N
4212,38965,39015,50,S
4219,39009,39018,9,N
4218,38997,39018,21,S
4223,39029,39030,1,S
4225,39038,39039,1,N
4221,39015,39060,45,E
4222,39028,39060,32,W
4224,39034,39063,29,E
4226,39044,39063,19,W
4227,39053,39066,13,E
4228,39060,39066,6,W
4231,39072,39072,0,E
4232,39076,39078,2,W
4233,39091,39093,2,E
4234,39092,39093,1,W
4237,39108,39108,0,W
4238,39110,39111,1,E
4230,39067,39120,53,N
4229,39061,39120,59,S
4236,39096,39123,27,N
4235,39093,39123,30,S
4241,39125,39126,1,N
4240,39125,39126,1,S
4245,39154,39156,2,N
4247,39157,39159,2,S
4242,39129,39165,36,E
4239,39124,39165,41,W
4244,39148,39168,20,E
4243,39140,39168,28,W
4248,39167,39171,4,E
4246,39156,39171,15,W
4249,39172,39174,2,W
4251,39186,39186,0,E
4252,39188,39189,1,W
4254,39204,39204,0,W
4255,39205,39207,2,E
4257,39220,39222,2,W
4250,39183,39225,42,N
4253,39189,39225,36,S
4256,39212,39228,16,N
4258,39221,39228,7,S
4261,39241,39243,2,N
4264,39253,39255,2,S
4259,39224,39270,46,E
4260,39236,39270,34,W
4262,39243,39273,30,E
4263,39252,39273,21,W
4265,39262,39276,14,E
4266,39268,39276,8,W
4268,39281,39282,1,E
4269,39284,39285,1,W
4272,39300,39300,0,E
4273,39300,39300,0,W
4274,39316,39318,2,W
4276,39319,39321,2,E
4267,39270,39330,60,N
4270,39285,39330,45,S
4271,39299,39333,34,N
4275,39317,39333,16,S
4277,39328,39336,8,N
4281,39349,39351,2,S
4282,39357,39357,0,N
4279,39338,39375,37,E
4278,39332,39375,43,W
4283,39357,39378,21,E
4280,39348,39378,30,W
4285,39376,39381,5,E
4284,39364,39381,17,W
4286,39380,39384,4,W
4289,39395,39396,1,E
4290,39396,39396,0,W
4293,39414,39414,0,E
4291,39412,39414,2,W
4295,39428,39429,1,W
4288,39386,39435,49,N
4287,39381,39435,54,S
4294,39415,39438,23,N
4292,39413,39438,25,S
4297,39444,39444,0,N
4299,39445,39447,2,S
4303,39473,39474,1,N
4305,39477,39477,0,S
4296,39433,39480,47,E
4298,39444,39480,36,W
4300,39452,39483,31,E
4301,39460,39483,23,W
4302,39471,39486,15,E
4304,39476,39486,10,W
4306,39490,39492,2,E
4307,39492,39492,0,W
4311,39509,39510,1,E
4309,39508,39510,2,W
4312,39524,39525,1,W
4313,39528,39528,0,E
4308,39502,39540,38,N
4310,39509,39540,31,S
4314,39531,39543,12,N
4316,39541,39543,2,S
4319,39560,39561,1,N
4322,39573,39573,0,S
4317,39547,39585,38,E
4315,39540,39585,45,W
4320,39566,39588,22,E
4318,39556,39588,32,W
4323,39585,39591,6,E
4321,39572,39591,19,W
4324,39588,39594,6,W
4326,39604,39606,2,E
4327,39604,39606,2,W
4330,39619,39621,2,W
4331,39622,39624,2,E
4332,39634,39636,2,W
4334,39640,39642,2,E
4325,39589,39645,56,N
4328,39605,39645,40,S
4329,39618,39648,30,N
4333,39635,39648,13,S
4335,39646,39651,5,N
4339,39665,39666,1,S
4340,39674,39675,1,N
4337,39658,39690,32,E
4336,39649,39690,41,W
4341,39676,39693,17,E
4338,39664,39693,29,W
4343,39694,39696,2,E
4342,39679,39696,17,W
4344,39694,39699,5,W
4347,39709,39711,2,W
4348,39712,39714,2,E
4349,39724,39726,2,W
4352,39730,39732,2,E
4353,39739,39741,2,W
4346,39702,39750,48,N
4345,39695,39750,55,S
4351,39730,39753,23,N
4350,39725,39753,28,S
4356,39755,39756,1,S
4357,39758,39759,1,N
4363,39786,39786,0,N
4362,39785,39786,1,S
4354,39748,39795,47,E
4355,39754,39795,41,W
4358,39766,39798,32,E
4359,39769,39798,29,W
4360,39784,39801,17,E
4361,39784,39801,17,W
4365,39802,39804,2,E
4364,39799,39804,5,W
4367,39814,39816,2,W
4369,39820,39822,2,E
4370,39829,39831,2,W
4371,39838,39840,2,E
4373,39844,39846,2,W
4366,39814,39855,41,N
4368,39815,39855,40,S
4372,39842,39858,16,N
4374,39845,39858,13,S
4377,39870,39870,0,N
4380,39875,39876,1,S
4375,39856,39900,44,E
4376,39859,39900,41,W
4378,39874,39903,29,E
4379,39874,39903,29,W
4382,39892,39906,14,E
4381,39889,39906,17,W
4384,39904,39909,5,W
4386,39910,39912,2,E
4387,39919,39921,2,W
4389,39928,39930,2,E
4390,39934,39936,2,W
4392,39946,39948,2,E
4393,39949,39951,2,W
4383,39898,39960,62,N
4385,39905,39960,55,S
4388,39926,39963,37,N
4391,39935,39963,28,S
4394,39954,39966,12,N
4397,39965,39966,1,S
4399,39982,39984,2,N
4402,39995,39996,1,S
4395,39964,40005,41,E
4396,39964,40005,41,W
4400,39982,40008,26,E
4398,39979,40008,29,W
4403,40000,40011,11,E
4401,39994,40011,17,W
4404,40009,40014,5,W
4406,40018,40020,2,E
4407,40024,40026,2,W
4409,40036,40038,2,E
4411,40039,40041,2,W
4412,40054,40056,2,E
4413,40054,40056,2,W
4405,40010,40065,55,N
4408,40025,40065,40,S
4410,40038,40068,30,N
4414,40055,40068,13,S
4415,40066,40071,5,N
4419,40085,40086,1,S
4421,40094,40095,1,N
4417,40072,40110,38,E
4416,40069,40110,41,W
4420,40090,40113,23,E
4418,40084,40113,29,W
4423,40108,40116,8,E
4422,40099,40116,17,W
4424,40114,40119,5,W
4427,40126,40128,2,E
4428,40129,40131,2,W
4429,40144,40146,2,E
4430,40144,40146,2,W
4433,40159,40161,2,W
4434,40162,40164,2,E
4426,40122,40170,48,N
4425,40115,40170,55,S
4432,40150,40173,23,N
4431,40145,40173,28,S
4436,40175,40176,1,S
4437,40178,40179,1,N
4443,40206,40206,0,N
4442,40205,40206,1,S
4438,40180,40215,35,E
4435,40174,40215,41,W
4440,40198,40218,20,E
4439,40189,40218,29,W
4444,40216,40221,5,E
4441,40204,40221,17,W
4445,40219,40224,5,W
4447,40234,40236,2,E
4448,40234,40236,2,W
4450,40249,40251,2,W
4451,40252,40254,2,E
4453,40264,40266,2,W
4455,40270,40272,2,E
4446,40234,40275,41,N
4449,40235,40275,40,S
4452,40262,40278,16,N
4454,40265,40278,13,S
4458,40290,40290,0,N
4460,40295,40296,1,S
4457,40288,40320,32,E
4456,40279,40320,41,W
4461,40306,40323,17,E
4459,40294,40323,29,W
4464,40324,40326,2,E
4462,40309,40326,17,W
4465,40324,40329,5,W
4467,40339,40341,2,W
4468,40342,40344,2,E
4470,40354,40356,2,W
4472,40360,40362,2,E
4473,40369,40371,2,W
4463,40318,40380,62,N
4466,40325,40380,55,S
4469,40346,40383,37,N
4471,40355,40383,28,S
4474,40374,40386,12,N
4477,40385,40386,1,S
4480,40402,40404,2,N
4483,40415,40416,1,S
4475,40378,40425,47,E
4476,40384,40425,41,W
4478,40396,40428,32,E
4479,40399,40428,29,W
4481,40414,40431,17,E
4482,40414,40431,17,W
4486,40432,40434,2,E
4484,40429,40434,5,W
4487,40444,40446,2,W
4489,40450,40452,2,E
4491,40459,40461,2,W
4492,40468,40470,2,E
4493,40474,40476,2,W
4485,40430,40485,55,N
4488,40445,40485,40,S
4490,40458,40488,30,N
4494,40475,40488,13,S
4495,40486,40491,5,N
4500,40505,40506,1,S
4501,40514,40515,1,N
4496,40486,40530,44,E
4497,40489,40530,41,W
4498,40504,40533,29,E
4499,40504,40533,29,W
4503,40522,40536,14,E
4502,40519,40536,17,W
4504,40534,40539,5,W
4506,40540,40542,2,E
4508,40549,40551,2,W
4509,40558,40560,2,E
4510,40564,40566,2,W
4513,40576,40578,2,E
4514,40579,40581,2,W
4507,40542,40590,48,N
4505,40535,40590,55,S
4512,40570,40593,23,N
4511,40565,40593,28,S
4517,40595,40596,1,S
4518,40598,40599,1,N
4523,40626,40626,0,N
4522,40625,40626,1,S
4515,40594,40635,41,E
4516,40594,40635,41,W
4520,40612,40638,26,E
4519,40609,40638,29,W
4524,40630,40641,11,E
4521,40624,40641,17,W
4525,40639,40644,5,W
4526,40648,40650,2,E
4528,40654,40656,2,W
4530,40666,40668,2,E
4531,40669,40671,2,W
4533,40684,40686,2,E
4534,40684,40686,2,W
4527,40654,40695,41,N
4529,40655,40695,40,S
4532,40682,40698,16,N
4535,40685,40698,13,S
4538,40710,40710,0,N
4540,40715,40716,1,S
4537,40702,40740,38,E
4536,40699,40740,41,W
4541,40720,40743,23,E
4539,40714,40743,29,W
4544,40738,40746,8,E
4542,40729,40746,17,W
4545,40744,40749,5,W
4547,40756,40758,2,E
4548,40759,40761,2,W
4550,40774,40776,2,E
4551,40774,40776,2,W
4553,40789,40791,2,W
4554,40792,40794,2,E
4543,40738,40800,62,N
4546,40745,40800,55,S
4549,40766,40803,37,N
4552,40775,40803,28,S
4555,40794,40806,12,N
4557,40805,40806,1,S
4560,40822,40824,2,N
4563,40835,40836,1,S
4558,40810,40845,35,E
4556,40804,40845,41,W
4561,40828,40848,20,E
4559,40819,40848,29,W
4564,40846,40851,5,E
4562,40834,40851,17,W
4565,40849,40854,5,W
4567,40864,40866,2,E
4568,40864,40866,2,W
4571,40879,40881,2,W
4572,40882,40884,2,E
4573,40894,40896,2,W
4575,40900,40902,2,E
4566,40850,40905,55,N
4569,40865,40905,40,S
4570,40878,40908,30,N
4574,40895,40908,13,S
4576,40906,40911,5,N
4580,40925,40926,1,S
4581,40934,40935,1,N
4578,40918,40950,32,E
4577,40909,40950,41,W
4582,40936,40953,17,E
4579,40924,40953,29,W
4584,40954,40956,2,E
4583,40939,40956,17,W
4585,40954,40959,5,W
4588,40969,40971,2,W
4589,40972,40974,2,E
4590,40984,40986,2,W
4593,40990,40992,2,E
4594,40999,41001,2,W
4587,40962,41010,48,N
4586,40955,41010,55,S
4592,40990,41013,23,N
4591,40985,41013,28,S
4597,41015,41016,1,S
4598,41018,41019,1,N
4604,41046,41046,0,N
4603,41045,41046,1,S
4595,41008,41055,47,E
4596,41014,41055,41,W
4599,41026,41058,32,E
4600,41029,41058,29,W
4601,41044,41061,17,E
4602,41044,41061,17,W
4606,41062,41064,2,E
4605,41059,41064,5,W
4608,41074,41076,2,W
4610,41080,41082,2,E
4611,41089,41091,2,W
4612,41098,41100,2,E
4614,41104,41106,2,W
4607,41074,41115,41,N
4609,41075,41115,40,S
4613,41102,41118,16,N
4615,41105,41118,13,S
4618,41130,41130,0,N
4621,41135,41136,1,S
4616,41116,41160,44,E
4617,41119,41160,41,W
4619,41134,41163,29,E
4620,41134,41163,29,W
4623,41152,41166,14,E
4622,41149,41166,17,W
4625,41164,41169,5,W
4627,41170,41172,2,E
4628,41179,41181,2,W
4630,41188,41190,2,E
4631,41194,41196,2,W
4633,41206,41208,2,E
4634,41209,41211,2,W
4624,41158,41220,62,N
4626,41165,41220,55,S
4629,41186,41223,37,N
4632,41195,41223,28,S
4635,41214,41226,12,N
4638,41225,41226,1,S
4640,41242,41244,2,N
4643,41255,41256,1,S
4636,41224,41265,41,E
4637,41224,41265,41,W
4641,41242,41268,26,E
4639,41239,41268,29,W
4644,41260,41271,11,E
4642,41254,41271,17,W
4645,41269,41274,5,W
4647,41278,41280,2,E
4648,41284,41286,2,W
4650,41296,41298,2,E
4652,41299,41301,2,W
4653,41314,41316,2,E
4654,41314,41316,2,W
4646,41270,41325,55,N
4649,41285,41325,40,S
4651,41298,41328,30,N
4655,41315,41328,13,S
4656,41326,41331,5,N
4660,41345,41346,1,S
4662,41354,41355,1,N
4658,41332,41370,38,E
4657,41329,41370,41,W
4661,41350,41373,23,E
4659,41344,41373,29,W
4664,41368,41376,8,E
4663,41359,41376,17,W
4665,41374,41379,5,W
4668,41386,41388,2,E
4669,41389,41391,2,W
4670,41404,41406,2,E
4671,41404,41406,2,W
4674,41419,41421,2,W
4675,41422,41424,2,E
4667,41382,41430,48,N
4666,41375,41430,55,S
4673,41410,41433,23,N
4672,41405,41433,28,S
4677,41435,41436,1,S
4678,41438,41439,1,N
4684,41466,41466,0,N
4683,41465,41466,1,S
4679,41440,41475,35,E
4676,41434,41475,41,W
4681,41458,41478,20,E
4680,41449,41478,29,W
4685,41476,41481,5,E
4682,41464,41481,17,W
4686,41479,41484,5,W
4688,41494,41496,2,E
4689,41494,41496,2,W
4691,41509,41511,2,W
4692,41512,41514,2,E
4694,41524,41526,2,W
4696,41530,41532,2,E
4687,41494,41535,41,N
4690,41495,41535,40,S
4693,41522,41538,16,N
4695,41525,41538,13,S
4699,41550,41550,0,N
4701,41555,41556,1,S
4698,41548,41580,32,E
4697,41539,41580,41,W
4702,41566,41583,17,E
4700,41554,41583,29,W
4705,41584,41586,2,E
4703,41569,41586,17,W
4706,41584,41589,5,W
4708,41599,41601,2,W
4709,41602,41604,2,E
4711,41614,41616,2,W
4713,41620,41622,2,E
4714,41629,41631,2,W
4704,41578,41640,62,N
4707,41585,41640,55,S
4710,41606,41643,37,N
4712,41615,41643,28,S
4715,41634,41646,12,N
4718,41645,41646,1,S
4721,41662,41664,2,N
4724,41675,41676,1,S
4716,41638,41685,47,E
4717,41644,41685,41,W
4719,41656,41688,32,E
4720,41659,41688,29,W
4722,41674,41691,17,E
4723,41674,41691,17,W
4727,41692,41694,2,E
4725,41689,41694,5,W
4728,41704,41706,2,W
4730,41710,41712,2,E
4732,41719,41721,2,W
4733,41728,41730,2,E
4734,41734,41736,2,W
4726,41690,41745,55,N
4729,41705,41745,40,S
4731,41718,41748,30,N
4735,41735,41748,13,S
4736,41746,41751,5,N
4741,41765,41766,1,S
4742,41774,41775,1,N
4737,41746,41790,44,E
4738,41749,41790,41,W
4739,41764,41793,29,E
4740,41764,41793,29,W
4744,41782,41796,14,E
4743,41779,41796,17,W
4745,41794,41799,5,W
4747,41800,41802,2,E
4749,41809,41811,2,W
4750,41818,41820,2,E
4751,41824,41826,2,W
4754,41836,41838,2,E
4755,41839,41841,2,W
4748,41802,41850,48,N
4746,41795,41850,55,S
4753,41830,41853,23,N
4752,41825,41853,28,S
4758,41855,41856,1,S
4759,41858,41859,1,N
4764,41886,41886,0,N
4763,41885,41886,1,S
4756,41854,41895,41,E
4757,41854,41895,41,W
4761,41872,41898,26,E
4760,41869,41898,29,W
4765,41890,41901,11,E
4762,41884,41901,17,W
4766,41899,41904,5,W
4767,41908,41910,2,E
4769,41914,41916,2,W
4771,41926,41928,2,E
4772,41929,41931,2,W
4774,41944,41946,2,E
4775,41944,41946,2,W
4768,41914,41955,41,N
4770,41915,41955,40,S
4773,41942,41958,16,N
4776,41945,41958,13,S
4779,41970,41970,0,N
4781,41975,41976,1,S
4778,41962,42000,38,E
4777,41959,42000,41,W
4782,41980,42003,23,E
4780,41974,42003,29,W
4785,41998,42006,8,E
4783,41989,42006,17,W
4786,42004,42009,5,W
4788,42016,42018,2,E
4789,42019,42021,2,W
4791,42034,42036,2,E
4792,42034,42036,2,W
4794,42049,42051,2,W
4795,42052,42054,2,E
4784,41998,42060,62,N
4787,42005,42060,55,S
4790,42026,42063,37,N
4793,42035,42063,28,S
4796,42054,42066,12,N
4798,42065,42066,1,S
4801,42082,42084,2,N
4804,42095,42096,1,S
4799,42070,42105,35,E
4797,42064,42105,41,W
4802,42088,42108,20,E
4800,42079,42108,29,W
4805,42106,42111,5,E
4803,42094,42111,17,W
4806,42109,42114,5,W
4808,42124,42126,2,E
4809,42124,42126,2,W
4812,42139,42141,2,W
4813,42142,42144,2,E
4814,42154,42156,2,W
4816,42160,42162,2,E
4807,42110,42165,55,N
4810,42125,42165,40,S
4811,42138,42168,30,N
4815,42155,42168,13,S
4817,42166,42171,5,N
4821,42185,42186,1,S
4822,42194,42195,1,N
4819,42178,42210,32,E
4818,42169,42210,41,W
4823,42196,42213,17,E
4820,42184,42213,29,W
4825,42214,42216,2,E
4824,42199,42216,17,W
4826,42214,42219,5,W
4829,42229,42231,2,W
4830,42232,42234,2,E
4831,42244,42246,2,W
4834,42250,42252,2,E
4835,42259,42261,2,W
4828,42222,42270,48,N
4827,42215,42270,55,S
4833,42250,42273,23,N
4832,42245,42273,28,S
4838,42275,42276,1,S
4839,42278,42279,1,N
4845,42306,42306,0,N
4844,42305,42306,1,S
4836,42268,42315,47,E
4837,42274,42315,41,W
4840,42286,42318,32,E
4841,42289,42318,29,W
4842,42304,42321,17,E
4843,42304,42321,17,W
4847,42322,42324,2,E
4846,42319,42324,5,W
4849,42334,42336,2,W
4851,42340,42342,2,E
4852,42349,42351,2,W
4853,42358,42360,2,E
4855,42364,42366,2,W
4848,42334,42375,41,N
4850,42335,42375,40,S
4854,42362,42378,16,N
4856,42365,42378,13,S
4859,42390,42390,0,N
4862,42395,42396,1,S
4857,42376,42420,44,E
4858,42379,42420,41,W
4860,42394,42423,29,E
4861,42394,42423,29,W
4864,42412,42426,14,E
4863,42409,42426,17,W
4866,42424,42429,5,W
4868,42430,42432,2,E
4869,42439,42441,2,W
4871,42448,42450,2,E
4872,42454,42456,2,W
4874,42466,42468,2,E
4875,42469,42471,2,W
4865,42418,42480,62,N
4867,42425,42480,55,S
4870,42446,42483,37,N
4873,42455,42483,28,S
4876,42474,42486,12,N
4879,42485,42486,1,S
4881,42502,42504,2,N
4884,42515,42516,1,S
4877,42484,42525,41,E
4878,42484,42525,41,W
4882,42502,42528,26,E
4880,42499,42528,29,W
4885,42520,42531,11,E
4883,42514,42531,17,W
4886,42529,42534,5,W
4888,42538,42540,2,E
4889,42544,42546,2,W
4891,42556,42558,2,E
4893,42559,42561,2,W
4894,42574,42576,2,E
4895,42574,42576,2,W
4887,42530,42585,55,N
4890,42545,42585,40,S
4892,42558,42588,30,N
4896,42575,42588,13,S
4897,42586,42591,5,N
4901,42605,42606,1,S
4903,42614,42615,1,N
4899,42592,42630,38,E
4898,42589,42630,41,W
4902,42610,42633,23,E
4900,42604,42633,29,W
4905,42628,42636,8,E
4904,42619,42636,17,W
4906,42634,42639,5,W
4909,42646,42648,2,E
4910,42649,42651,2,W
4911,42664,42666,2,E
4912,42664,42666,2,W
4915,42679,42681,2,W
4916,42682,42684,2,E
4908,42642,42690,48,N
4907,42635,42690,55,S
4914,42670,42693,23,N
4913,42665,42693,28,S
4918,42695,42696,1,S
4919,42698,42699,1,N
4925,42726,42726,0,N
4924,42725,42726,1,S
4920,42700,42735,35,E
4917,42694,42735,41,W
4922,42718,42738,20,E
4921,42709,42738,29,W
4926,42736,42741,5,E
4923,42724,42741,17,W
4927,42739,42744,5,W
4929,42754,42756,2,E
4930,42754,42756,2,W
4932,42769,42771,2,W
4933,42772,42774,2,E
4935,42784,42786,2,W
4937,42790,42792,2,E
4928,42754,42795,41,N
4931,42755,42795,40,S
4934,42782,42798,16,N
4936,42785,42798,13,S
4940,42810,42810,0,N
4942,42815,42816,1,S
4939,42808,42840,32,E
4938,42799,42840,41,W
4943,42826,42843,17,E
4941,42814,42843,29,W
4946,42844,42846,2,E
4944,42829,42846,17,W
4947,42844,42849,5,W
4949,42859,42861,2,W
4950,42862,42864,2,E
4952,42874,42876,2,W
4954,42880,42882,2,E
4955,42889,42891,2,W
4945,42838,42900,62,N
4948,42845,42900,55,S
4951,42866,42903,37,N
4953,42875,42903,28,S
4956,42894,42906,12,N
4959,42905,42906,1,S
4962,42922,42924,2,N
4965,42935,42936,1,S
4957,42898,42945,47,E
4958,42904,42945,41,W
4960,42916,42948,32,E
4961,42919,42948,29,W
4963,42934,42951,17,E
4964,42934,42951,17,W
4968,42952,42954,2,E
4966,42949,42954,5,W
4969,42964,42966,2,W
4971,42970,42972,2,E
4973,42979,42981,2,W
4974,42988,42990,2,E
4975,42994,42996,2,W
4967,42950,43005,55,N
4970,42965,43005,40,S
4972,42978,43008,30,N
4976,42995,43008,13,S
4977,43006,43011,5,N
4982,43025,43026,1,S
4983,43034,43035,1,N
4978,43006,43050,44,E
4979,43009,43050,41,W
4980,43024,43053,29,E
4981,43024,43053,29,W
4985,43042,43056,14,E
4984,43039,43056,17,W
4986,43054,43059,5,W
4988,43060,43062,2,E
4990,43069,43071,2,W
4991,43078,43080,2,E
4992,43084,43086,2,W
4995,43096,43098,2,E
4996,43099,43101,2,W
4989,43062,43110,48,N
4987,43055,43110,55,S
4994,43090,43113,23,N
4993,43085,43113,28,S
4999,43115,43116,1,S
5000,43118,43119,1,N
5005,43146,43146,0,N
5004,43145,43146,1,S
4997,43114,43155,41,E
4998,43114,43155,41,W
5002,43132,43158,26,E
5001,43129,43158,29,W
5006,43150,43161,11,E
5003,43144,43161,17,W
5007,43159,43164,5,W
5008,43168,43170,2,E
5010,43174,43176,2,W
5012,43186,43188,2,E
5013,43189,43191,2,W
5015,43204,43206,2,E
5016,43204,43206,2,W
5009,43174,43215,41,N
5011,43175,43215,40,S
5014,43202,43218,16,N
5017,43205,43218,13,S
5020,43228,43230,2,N
5022,43234,43236,2,S
5025,43254,43254,0,N
5019,43222,43260,38,E
5018,43218,43260,42,W
5023,43240,43263,23,E
5021,43232,43263,31,W
5026,43258,43266,8,E
5024,43246,43266,20,W
5027,43260,43269,9,W
5029,43274,43275,1,W
5030,43276,43278,2,E
5032,43288,43290,2,W
5034,43294,43296,2,E
5035,43302,43302,0,W
5037,43312,43314,2,E
5038,43316,43317,1,W
5031,43280,43320,40,N
5028,43263,43320,57,S
5036,43306,43323,17,N
5033,43292,43323,31,S
5039,43321,43326,5,S
5042,43332,43332,0,N
5045,43350,43350,0,S
5046,43358,43359,1,N
5040,43330,43365,35,E
5041,43330,43365,35,W
5044,43348,43368,20,E
5043,43344,43368,24,W
5048,43366,43371,5,E
5047,43358,43371,13,W
5049,43372,43374,2,W
5052,43384,43386,2,E
5053,43386,43386,0,W
5054,43400,43401,1,W
5055,43402,43404,2,E
5058,43414,43416,2,W
5059,43420,43422,2,E
5051,43384,43425,41,N
5050,43379,43425,46,S
5057,43410,43428,18,N
5056,43408,43428,20,S
5061,43436,43437,1,N
5062,43437,43437,0,S
5067,43462,43464,2,N
5068,43466,43467,1,S
5063,43438,43470,32,E
5060,43428,43470,42,W
5065,43456,43473,17,E
5064,43442,43473,31,W
5070,43474,43476,2,E
5066,43456,43476,20,W
5069,43470,43479,9,W
5071,43484,43485,1,W
5073,43492,43494,2,E
5075,43498,43500,2,W
5076,43510,43512,2,E
5077,43512,43512,0,W
5080,43526,43527,1,W
5072,43488,43530,42,N
5074,43495,43530,35,S
5078,43514,43533,19,N
5079,43524,43533,9,S
5082,43540,43542,2,N
5085,43553,43554,1,S
5088,43566,43566,0,N
5081,43528,43575,47,E
5083,43540,43575,35,W
5084,43546,43578,32,E
5086,43554,43578,24,W
5087,43564,43581,17,E
5089,43568,43581,13,W
5091,43582,43584,2,E
5092,43582,43584,2,W
5094,43596,43596,0,W
5095,43600,43602,2,E
5096,43610,43611,1,W
5099,43618,43620,2,E
5100,43624,43626,2,W
5093,43592,43635,43,N
5090,43582,43635,53,S
5098,43618,43638,20,N
5097,43611,43638,27,S
5103,43640,43641,1,S
5104,43644,43644,0,N
5109,43670,43671,1,N
5108,43669,43671,2,S
5101,43636,43680,44,E
5102,43638,43680,42,W
5106,43654,43683,29,E
5105,43652,43683,31,W
5110,43672,43686,14,E
5107,43666,43686,20,W
5111,43680,43689,9,W
5112,43690,43692,2,E
5113,43694,43695,1,W
5116,43708,43710,2,E
5117,43708,43710,2,W
5119,43722,43722,0,W
5120,43726,43728,2,E
5122,43736,43737,1,W
5114,43696,43740,44,N
5115,43698,43740,42,S
5118,43722,43743,21,N
5121,43727,43743,16,S
5124,43748,43749,1,N
5126,43756,43758,2,S
5129,43774,43776,2,N
5123,43744,43785,41,E
5125,43750,43785,35,W
5127,43762,43788,26,E
5128,43764,43788,24,W
5131,43780,43791,11,E
5130,43778,43791,13,W
5133,43792,43794,2,W
5134,43798,43800,2,E
5136,43806,43806,0,W
5138,43816,43818,2,E
5139,43820,43821,1,W
5141,43834,43836,2,E
5142,43834,43836,2,W
5135,43800,43845,45,N
5132,43785,43845,60,S
5140,43826,43848,22,N
5137,43814,43848,34,S
5143,43843,43851,8,S
5145,43852,43854,2,N
5149,43872,43872,0,S
5151,43878,43878,0,N
5146,43852,43890,38,E
5144,43848,43890,42,W
5148,43870,43893,23,E
5147,43862,43893,31,W
5152,43888,43896,8,E
5150,43876,43896,20,W
5153,43890,43899,9,W
5156,43904,43905,1,W
5157,43906,43908,2,E
5158,43918,43920,2,W
5159,43924,43926,2,E
5162,43932,43932,0,W
5163,43942,43944,2,E
5164,43946,43947,1,W
5155,43904,43950,46,N
5154,43901,43950,49,S
5161,43930,43953,23,N
5160,43930,43953,23,S
5165,43956,43956,0,N
5166,43959,43959,0,S
5171,43982,43983,1,N
5172,43988,43989,1,S
5167,43960,43995,35,E
5168,43960,43995,35,W
5170,43978,43998,20,E
5169,43974,43998,24,W
5174,43996,44001,5,E
5173,43988,44001,13,W
5175,44002,44004,2,W
5177,44014,44016,2,E
5178,44016,44016,0,W
5180,44030,44031,1,W
5181,44032,44034,2,E
5183,44044,44046,2,W
5185,44050,44052,2,E
5176,44008,44055,47,N
5179,44017,44055,38,S
5182,44034,44058,24,N
5184,44046,44058,12,S
5187,44060,44061,1,N
5190,44075,44076,1,S
5191,44086,44088,2,N
5188,44068,44100,32,E
5186,44058,44100,42,W
5192,44086,44103,17,E
5189,44072,44103,31,W
5196,44104,44106,2,E
5193,44086,44106,20,W
5194,44100,44109,9,W
5198,44114,44115,1,W
5199,44122,44124,2,E
5200,44128,44130,2,W
5203,44140,44142,2,E
5204,44142,44142,0,W
5205,44156,44157,1,W
5197,44112,44160,48,N
5195,44104,44160,56,S
5202,44138,44163,25,N
5201,44133,44163,30,S
5208,44164,44166,2,N
5207,44162,44166,4,S
5212,44190,44190,0,N
5213,44191,44193,2,S
5206,44158,44205,47,E
5209,44170,44205,35,W
5210,44176,44208,32,E
5211,44184,44208,24,W
5214,44194,44211,17,E
5215,44198,44211,13,W
5216,44212,44214,2,E
5217,44212,44214,2,W
5220,44226,44226,0,W
5221,44230,44232,2,E
5222,44240,44241,1,W
5224,44248,44250,2,E
5226,44254,44256,2,W
5218,44216,44265,49,N
5219,44220,44265,45,S
5223,44242,44268,26,N
5225,44249,44268,19,S
5228,44268,44271,3,N
5230,44278,44280,2,S
5233,44294,44295,1,N
5236,44307,44307,0,S
5227,44266,44310,44,E
5229,44268,44310,42,W
5232,44284,44313,29,E
5231,44282,44313,31,W
5235,44302,44316,14,E
5234,44296,44316,20,W
5237,44310,44319,9,W
5239,44320,44322,2,E
5240,44324,44325,1,W
5242,44338,44340,2,E
5243,44338,44340,2,W
5245,44352,44352,0,W
5246,44356,44358,2,E
5248,44366,44367,1,W
5238,44320,44370,50,N
5241,44336,44370,34,S
5244,44346,44373,27,N
5247,44365,44373,8,S
5249,44372,44376,4,N
5253,44394,44394,0,S
5255,44398,44400,2,N
5250,44374,44415,41,E
5251,44380,44415,35,W
5252,44392,44418,26,E
5254,44394,44418,24,W
5257,44410,44421,11,E
5256,44408,44421,13,W
5258,44422,44424,2,W
5261,44428,44430,2,E
5262,44436,44436,0,W
5263,44446,44448,2,E
5265,44450,44451,1,W
5267,44464,44466,2,E
5268,44464,44466,2,W
5260,44424,44475,51,N
5259,44423,44475,52,S
5264,44450,44478,28,N
5266,44452,44478,26,S
5269,44476,44481,5,N
5271,44481,44481,0,S
5275,44502,44502,0,N
5277,44510,44511,1,S
5272,44482,44520,38,E
5270,44478,44520,42,W
5274,44500,44523,23,E
5273,44492,44523,31,W
5278,44518,44526,8,E
5276,44506,44526,20,W
5279,44520,44529,9,W
5281,44534,44535,1,W
5282,44536,44538,2,E
5284,44548,44550,2,W
5286,44554,44556,2,E
5287,44562,44562,0,W
5289,44572,44574,2,E
5290,44576,44577,1,W
5280,44528,44580,52,N
5283,44539,44580,41,S
5285,44554,44583,29,N
5288,44568,44583,15,S
5291,44580,44586,6,N
5294,44597,44598,1,S
5296,44606,44607,1,N
5292,44590,44625,35,E
5293,44590,44625,35,W
5297,44608,44628,20,E
5295,44604,44628,24,W
5300,44626,44631,5,E
5298,44618,44631,13,W
5302,44632,44634,2,W
5303,44644,44646,2,E
5304,44646,44646,0,W
5307,44660,44661,1,W
5308,44662,44664,2,E
5309,44674,44676,2,W
5310,44680,44682,2,E
5301,44632,44685,53,N
5299,44626,44685,59,S
5306,44658,44688,30,N
5305,44655,44688,33,S
5312,44684,44691,7,N
5311,44684,44691,7,S
5316,44710,44712,2,N
5317,44713,44715,2,S
5314,44698,44730,32,E
5313,44688,44730,42,W
5318,44716,44733,17,E
5315,44702,44733,31,W
5321,44734,44736,2,E
5319,44716,44736,20,W
5320,44730,44739,9,W
5324,44744,44745,1,W
5325,44752,44754,2,E
5326,44758,44760,2,W
5328,44770,44772,2,E
5330,44772,44772,0,W
5331,44786,44787,1,W
5322,44736,44790,54,N
5323,44742,44790,48,S
5327,44762,44793,31,N
5329,44771,44793,22,S
5332,44788,44796,8,N
5334,44800,44802,2,S
5337,44814,44814,0,N
5341,44829,44829,0,S
5333,44788,44835,47,E
5335,44800,44835,35,W
5336,44806,44838,32,E
5338,44814,44838,24,W
5339,44824,44841,17,E
5340,44828,44841,13,W
5343,44842,44844,2,E
5344,44842,44844,2,W
5345,44856,44856,0,W
5347,44860,44862,2,E
5349,44870,44871,1,W
5350,44878,44880,2,E
5351,44884,44886,2,W
5342,44840,44895,55,N
5346,44858,44895,37,S
5348,44866,44898,32,N
5352,44887,44898,11,S
5353,44892,44901,9,N
5358,44916,44916,0,S
5359,44918,44919,1,N
5354,44896,44940,44,E
5355,44898,44940,42,W
5357,44914,44943,29,E
5356,44912,44943,31,W
5361,44932,44946,14,E
5360,44926,44946,20,W
5362,44940,44949,9,W
5365,44950,44952,2,E
5366,44954,44955,1,W
5367,44968,44970,2,E
5368,44968,44970,2,W
5371,44982,44982,0,W
5372,44986,44988,2,E
5374,44996,44997,1,W
5363,44944,45000,56,N
5364,44945,45000,55,S
5369,44970,45003,33,N
5370,44974,45003,29,S
5373,44996,45006,10,N
5375,45003,45006,3,S
5378,45022,45024,2,N
5381,45032,45033,1,S
5376,45004,45045,41,E
5377,45010,45045,35,W
5379,45022,45048,26,E
5380,45024,45048,24,W
5383,45040,45051,11,E
5382,45038,45051,13,W
5385,45052,45054,2,W
5386,45058,45060,2,E
5388,45066,45066,0,W
5390,45076,45078,2,E
5391,45080,45081,1,W
5393,45094,45096,2,E
5394,45094,45096,2,W
5384,45048,45105,57,N
5387,45061,45105,44,S
5389,45074,45108,34,N
5392,45090,45108,18,S
5395,45100,45111,11,N
5398,45119,45120,1,S
5400,45126,45126,0,N
5397,45112,45150,38,E
5396,45108,45150,42,W
5401,45130,45153,23,E
5399,45122,45153,31,W
5404,45148,45156,8,E
5402,45136,45156,20,W
5405,45150,45159,9,W
5407,45164,45165,1,W
5408,45166,45168,2,E
5411,45178,45180,2,W
5412,45184,45186,2,E
5413,45192,45192,0,W
5414,45202,45204,2,E
5417,45206,45207,1,W
5406,45152,45210,58,N
5403,45148,45210,62,S
5410,45178,45213,35,N
5409,45177,45213,36,S
5415,45204,45216,12,N
5416,45206,45216,10,S
5420,45230,45231,1,N
5422,45235,45237,2,S
5418,45220,45255,35,E
5419,45220,45255,35,W
5423,45238,45258,20,E
5421,45234,45258,24,W
5426,45256,45261,5,E
5424,45248,45261,13,W
5427,45262,45264,2,W
5429,45274,45276,2,E
5430,45276,45276,0,W
5432,45290,45291,1,W
5433,45292,45294,2,E
5435,45304,45306,2,W
5437,45310,45312,2,E
5425,45256,45315,59,N
5428,45264,45315,51,S
5431,45282,45318,36,N
5434,45293,45318,25,S
5436,45308,45321,13,N
5439,45322,45324,2,S
5442,45334,45336,2,N
5445,45351,45351,0,S
5440,45328,45360,32,E
5438,45318,45360,42,W
5443,45346,45363,17,E
5441,45332,45363,31,W
5448,45364,45366,2,E
5444,45346,45366,20,W
5447,45360,45369,9,W
5449,45374,45375,1,W
5451,45382,45384,2,E
5453,45388,45390,2,W
5454,45400,45402,2,E
5455,45402,45402,0,W
5458,45416,45417,1,W
5446,45360,45420,60,N
5450,45380,45420,40,S
5452,45386,45423,37,N
5456,45409,45423,14,S
5457,45412,45426,14,N
5463,45438,45438,0,N
5462,45438,45438,0,S
5459,45418,45465,47,E
5460,45430,45465,35,W
5461,45436,45468,32,E
5464,45444,45468,24,W
5465,45454,45471,17,E
5466,45458,45471,13,W
5469,45472,45474,2,E
5470,45472,45474,2,W
5471,45486,45486,0,W
5473,45490,45492,2,E
5475,45500,45501,1,W
5476,45508,45510,2,E
5477,45514,45516,2,W
5467,45464,45525,61,N
5468,45467,45525,58,S
5472,45490,45528,38,N
5474,45496,45528,32,S
5478,45516,45531,15,N
5479,45525,45531,6,S
5482,45542,45543,1,N
5485,45554,45555,1,S
5480,45526,45570,44,E
5481,45528,45570,42,W
5484,45544,45573,29,E
5483,45542,45573,31,W
5487,45562,45576,14,E
5486,45556,45576,20,W
5489,45570,45579,9,W
5490,45580,45582,2,E
5492,45584,45585,1,W
5494,45598,45600,2,E
5495,45598,45600,2,W
5497,45612,45612,0,W
5498,45616,45618,2,E
5500,45626,45627,1,W
5488,45568,45630,62,N
5491,45583,45630,47,S
5493,45594,45633,39,N
5496,45612,45633,21,S
5499,45620,45636,16,N
5503,45641,45642,1,S
5504,45646,45648,2,N
5510,45672,45672,0,N
5508,45670,45672,2,S
5501,45634,45675,41,E
5502,45640,45675,35,W
5505,45652,45678,26,E
5506,45654,45678,24,W
5509,45670,45681,11,E
5507,45668,45681,13,W
5511,45682,45684,2,W
5512,45688,45690,2,E
5513,45696,45696,0,W
5516,45706,45708,2,E
5517,45710,45711,1,W
5519,45724,45726,2,E
5520,45724,45726,2,W
5514,45698,45735,37,N
5515,45699,45735,36,S
5518,45724,45738,14,N
5521,45728,45738,10,S
5524,45750,45750,0,N
5526,45757,45759,2,S
5529,45776,45777,1,N
5523,45742,45780,38,E
5522,45738,45780,42,W
5527,45760,45783,23,E
5525,45752,45783,31,W
5530,45778,45786,8,E
5528,45766,45786,20,W
5531,45780,45789,9,W
5533,45794,45795,1,W
5534,45796,45798,2,E
5536,45808,45810,2,W
5537,45814,45816,2,E
5539,45822,45822,0,W
5541,45832,45834,2,E
5542,45836,45837,1,W
5535,45802,45840,38,N
5532,45786,45840,54,S
5540,45828,45843,15,N
5538,45815,45843,28,S
5543,45844,45846,2,S
5546,45854,45855,1,N
5549,45873,45873,0,S
5551,45880,45882,2,N
5544,45850,45885,35,E
5545,45850,45885,35,W
5548,45868,45888,20,E
5547,45864,45888,24,W
5552,45886,45891,5,E
5550,45878,45891,13,W
5553,45892,45894,2,W
5555,45904,45906,2,E
5557,45906,45906,0,W
5558,45920,45921,1,W
5559,45922,45924,2,E
5562,45934,45936,2,W
5563,45940,45942,2,E
5556,45906,45945,39,N
5554,45902,45945,43,S
5561,45932,45948,16,N
5560,45931,45948,17,S
5565,45958,45960,2,N
5567,45960,45960,0,S
5571,45984,45984,0,N
5566,45958,45990,32,E
5564,45948,45990,42,W
5569,45976,45993,17,E
5568,45962,45993,31,W
5574,45994,45996,2,E
5570,45976,45996,20,W
5573,45990,45999,9,W
5575,46004,46005,1,W
5577,46012,46014,2,E
5579,46018,46020,2,W
5580,46030,46032,2,E
5581,46032,46032,0,W
5583,46046,46047,1,W
5576,46010,46050,40,N
5572,45989,46050,61,S
5582,46036,46053,17,N
5578,46018,46053,35,S
5584,46047,46056,9,S
5587,46062,46062,0,N
5590,46076,46077,1,S
5592,46088,46089,1,N
5585,46048,46095,47,E
5586,46060,46095,35,W
5588,46066,46098,32,E
5589,46074,46098,24,W
5591,46084,46101,17,E
5593,46088,46101,13,W
5594,46102,46104,2,E
5595,46102,46104,2,W
5598,46116,46116,0,W
5599,46120,46122,2,E
5600,46130,46131,1,W
5602,46138,46140,2,E
5604,46144,46146,2,W
5597,46114,46155,41,N
5596,46105,46155,50,S
5603,46140,46158,18,N
5601,46134,46158,24,S
5607,46163,46164,1,S
5608,46166,46167,1,N
5613,46192,46194,2,N
5612,46192,46194,2,S
5605,46156,46200,44,E
5606,46158,46200,42,W
5610,46174,46203,29,E
5609,46172,46203,31,W
5614,46192,46206,14,E
5611,46186,46206,20,W
5615,46200,46209,9,W
5616,46210,46212,2,E
5617,46214,46215,1,W
5620,46228,46230,2,E
5621,46228,46230,2,W
5622,46242,46242,0,W
5624,46246,46248,2,E
5626,46256,46257,1,W
5618,46218,46260,42,N
5619,46221,46260,39,S
5623,46244,46263,19,N
5625,46250,46263,13,S
5628,46270,46272,2,N
5630,46279,46281,2,S
5633,46296,46296,0,N
5627,46264,46305,41,E
5629,46270,46305,35,W
5631,46282,46308,26,E
5632,46284,46308,24,W
5635,46300,46311,11,E
5634,46298,46311,13,W
5637,46312,46314,2,W
5638,46318,46320,2,E
5640,46326,46326,0,W
5641,46336,46338,2,E
5643,46340,46341,1,W
5645,46354,46356,2,E
5646,46354,46356,2,W
5639,46322,46365,43,N
5636,46308,46365,57,S
5644,46348,46368,20,N
5642,46337,46368,31,S
5647,46366,46371,5,S
5650,46374,46374,0,N
5653,46395,46395,0,S
5655,46400,46401,1,N
5649,46372,46410,38,E
5648,46368,46410,42,W
5652,46390,46413,23,E
5651,46382,46413,31,W
5656,46408,46416,8,E
5654,46396,46416,20,W
5657,46410,46419,9,W
5659,46424,46425,1,W
5661,46426,46428,2,E
5662,46438,46440,2,W
5663,46444,46446,2,E
5665,46452,46452,0,W
5667,46462,46464,2,E
5668,46466,46467,1,W
5660,46426,46470,44,N
5658,46424,46470,46,S
5664,46452,46473,21,N
5666,46453,46473,20,S
5669,46478,46479,1,N
5672,46482,46482,0,S
5675,46504,46506,2,N
5677,46511,46512,1,S
5670,46480,46515,35,E
5671,46480,46515,35,W
5674,46498,46518,20,E
5673,46494,46518,24,W
5678,46516,46521,5,E
5676,46508,46521,13,W
5679,46522,46524,2,W
5681,46534,46536,2,E
5682,46536,46536,0,W
5684,46550,46551,1,W
5685,46552,46554,2,E
5687,46564,46566,2,W
5689,46570,46572,2,E
5680,46530,46575,45,N
5683,46540,46575,35,S
5686,46556,46578,22,N
5688,46569,46578,9,S
5691,46582,46584,2,N
5694,46598,46599,1,S
5697,46608,46608,0,N
5692,46588,46620,32,E
5690,46578,46620,42,W
5695,46606,46623,17,E
5693,46592,46623,31,W
5699,46624,46626,2,E
5696,46606,46626,20,W
5698,46620,46629,9,W
5702,46634,46635,1,W
5703,46642,46644,2,E
5704,46648,46650,2,W
5707,46660,46662,2,E
5708,46662,46662,0,W
5709,46676,46677,1,W
5701,46634,46680,46,N
5700,46627,46680,53,S
5706,46660,46683,23,N
5705,46656,46683,27,S
5712,46686,46686,0,N
5711,46685,46686,1,S
5716,46712,46713,1,N
5717,46714,46716,2,S
5710,46678,46725,47,E
5713,46690,46725,35,W
5714,46696,46728,32,E
5715,46704,46728,24,W
5718,46714,46731,17,E
5719,46718,46731,13,W
5720,46732,46734,2,E
5721,46732,46734,2,W
5724,46746,46746,0,W
5725,46750,46752,2,E
5726,46760,46761,1,W
5728,46768,46770,2,E
5730,46774,46776,2,W
5722,46738,46785,47,N
5723,46743,46785,42,S
5727,46764,46788,24,N
5729,46772,46788,16,S
5733,46790,46791,1,N
5734,46801,46803,2,S
5737,46816,46818,2,N
5731,46786,46830,44,E
5732,46788,46830,42,W
5736,46804,46833,29,E
5735,46802,46833,31,W
5739,46821,46836,15,E
5738,46816,46836,20,W
5742,46838,46839,1,E
5741,46830,46839,9,W
5744,46844,46845,1,W
5745,46855,46857,2,E
5747,46858,46860,2,W
5749,46872,46872,0,E
5750,46872,46872,0,W
5752,46886,46887,1,W
5743,46842,46890,48,N
5740,46829,46890,61,S
5748,46868,46893,25,N
5746,46857,46893,36,S
5754,46894,46896,2,N
5751,46885,46896,11,S
5757,46913,46914,1,S
5759,46920,46920,0,N
5753,46889,46935,46,E
5755,46900,46935,35,W
5756,46906,46938,32,E
5758,46914,46938,24,W
5760,46923,46941,18,E
5761,46928,46941,13,W
5762,46940,46944,4,E
5764,46942,46944,2,W
5766,46956,46956,0,W
5767,46957,46959,2,E
5769,46970,46971,1,W
5771,46974,46974,0,E
5772,46984,46986,2,W
5773,46991,46992,1,E
5765,46946,46995,49,N
5763,46941,46995,54,S
5770,46972,46998,26,N
5768,46969,46998,29,S
5775,46998,47001,3,N
5774,46997,47001,4,S
5779,47024,47025,1,N
5780,47025,47025,0,S
5777,47008,47040,32,E
5776,46998,47040,42,W
5781,47025,47043,18,E
5778,47012,47043,31,W
5784,47042,47046,4,E
5782,47026,47046,20,W
5783,47040,47049,9,W
5787,47054,47055,1,W
5788,47059,47061,2,E
5789,47068,47070,2,W
5791,47076,47076,0,E
5793,47082,47082,0,W
5794,47093,47094,1,E
5795,47096,47097,1,W
5785,47050,47100,50,N
5786,47053,47100,47,S
5790,47076,47103,27,N
5792,47081,47103,22,S
5796,47102,47106,4,N
5797,47109,47109,0,S
5802,47128,47130,2,N
5803,47137,47139,2,S
5798,47110,47145,35,E
5799,47110,47145,35,W
5801,47127,47148,21,E
5800,47124,47148,24,W
5805,47144,47151,7,E
5804,47138,47151,13,W
5806,47152,47154,2,W
5808,47161,47163,2,E
5810,47166,47166,0,W
5811,47178,47178,0,E
5813,47180,47181,1,W
5816,47195,47196,1,E
5815,47194,47196,2,W
5807,47154,47205,51,N
5809,47165,47205,40,S
5812,47180,47208,28,N
5814,47193,47208,15,S
5817,47206,47211,5,N
5820,47221,47223,2,S
5823,47232,47232,0,N
5819,47212,47250,38,E
5818,47208,47250,42,W
5822,47229,47253,24,E
5821,47222,47253,31,W
5825,47246,47256,10,E
5824,47236,47256,20,W
5827,47250,47259,9,W
5829,47263,47265,2,E
5830,47264,47265,1,W
5833,47280,47280,0,E
5832,47278,47280,2,W
5835,47292,47292,0,W
5836,47297,47298,1,E
5838,47306,47307,1,W
5828,47258,47310,52,N
5826,47249,47310,61,S
5834,47284,47313,29,N
5831,47277,47313,36,S
5839,47310,47316,6,N
5837,47305,47316,11,S
5843,47333,47334,1,S
5845,47336,47337,1,N
5840,47314,47355,41,E
5841,47320,47355,35,W
5842,47331,47358,27,E
5844,47334,47358,24,W
5846,47348,47361,13,E
5847,47348,47361,13,W
5850,47362,47364,2,W
5851,47365,47367,2,E
5852,47376,47376,0,W
5853,47382,47382,0,E
5856,47390,47391,1,W
5857,47399,47400,1,E
5858,47404,47406,2,W
5849,47362,47415,53,N
5848,47361,47415,54,S
5854,47388,47418,30,N
5855,47389,47418,29,S
5859,47414,47421,7,N
5861,47417,47421,4,S
5865,47440,47442,2,N
5866,47445,47445,0,S
5860,47416,47460,44,E
5862,47418,47460,42,W
5864,47433,47463,30,E
5863,47432,47463,31,W
5868,47450,47466,16,E
5867,47446,47466,20,W
5871,47467,47469,2,E
5869,47460,47469,9,W
5873,47474,47475,1,W
5874,47484,47484,0,E
5875,47488,47490,2,W
5878,47501,47502,1,E
5879,47502,47502,0,W
5880,47516,47517,1,W
5870,47466,47520,54,N
5872,47473,47520,47,S
5876,47492,47523,31,N
5877,47501,47523,22,S
5881,47518,47526,8,N
5883,47529,47529,0,S
5886,47544,47544,0,N
5889,47557,47559,2,S
5882,47518,47565,47,E
5884,47530,47565,35,W
5885,47535,47568,33,E
5887,47544,47568,24,W
5888,47552,47571,19,E
5890,47558,47571,13,W
5891,47569,47574,5,E
5893,47572,47574,2,W
5895,47586,47586,0,E
5896,47586,47586,0,W
5898,47600,47601,1,W
5899,47603,47604,1,E
5901,47614,47616,2,W
5902,47620,47622,2,E
5892,47570,47625,55,N
5894,47585,47625,40,S
5897,47596,47628,32,N
5900,47613,47628,15,S
5903,47622,47631,9,N
5906,47641,47643,2,S
5908,47648,47649,1,N
5905,47637,47670,33,E
5904,47628,47670,42,W
5909,47654,47673,19,E
5907,47642,47673,31,W
5913,47671,47676,5,E
5910,47656,47676,20,W
5912,47670,47679,9,W
5915,47684,47685,1,W
5916,47688,47688,0,E
5918,47698,47700,2,W
5920,47705,47706,1,E
5921,47712,47712,0,W
5922,47722,47724,2,E
5925,47726,47727,1,W
5914,47674,47730,56,N
5911,47669,47730,61,S
5919,47700,47733,33,N
5917,47697,47733,36,S
5924,47726,47736,10,N
5923,47725,47736,11,S
5928,47752,47754,2,N
5929,47753,47754,1,S
5926,47739,47775,36,E
5927,47740,47775,35,W
5931,47756,47778,22,E
5930,47754,47778,24,W
5933,47773,47781,8,E
5932,47768,47781,13,W
5936,47782,47784,2,W
5937,47790,47790,0,E
5938,47796,47796,0,W
5940,47807,47808,1,E
5942,47810,47811,1,W
5943,47824,47826,2,E
5944,47824,47826,2,W
5934,47778,47835,57,N
5935,47781,47835,54,S
5939,47804,47838,34,N
5941,47809,47838,29,S
5945,47830,47841,11,N
5946,47837,47841,4,S
5950,47856,47856,0,N
5952,47865,47865,0,S
5948,47841,47880,39,E
5947,47838,47880,42,W
5951,47858,47883,25,E
5949,47852,47883,31,W
5954,47875,47886,11,E
5953,47866,47886,20,W
5955,47880,47889,9,W
5957,47892,47892,0,E
5959,47894,47895,1,W
5962,47909,47910,1,E
5961,47908,47910,2,W
5964,47922,47922,0,W
5965,47926,47928,2,E
5967,47936,47937,1,W
5956,47882,47940,58,N
5958,47893,47940,47,S
5960,47908,47943,35,N
5963,47921,47943,22,S
5966,47934,47946,12,N
5969,47949,47949,0,S
5971,47960,47961,1,N
5974,47977,47979,2,S
5968,47943,47985,42,E
5970,47950,47985,35,W
5972,47960,47988,28,E
5973,47964,47988,24,W
5975,47977,47991,14,E
5976,47978,47991,13,W
5979,47994,47994,0,E
5978,47992,47994,2,W
5981,48006,48006,0,W
5982,48011,48012,1,E
5984,48020,48021,1,W
5985,48028,48030,2,E
5987,48034,48036,2,W
5977,47986,48045,59,N
5980,48005,48045,40,S
5983,48012,48048,36,N
5986,48033,48048,15,S
5988,48038,48051,13,N
5991,48061,48063,2,S
5994,48064,48066,2,N
5989,48045,48090,45,E
5990,48048,48090,42,W
5992,48062,48093,31,E
5993,48062,48093,31,W
5996,48079,48096,17,E
5995,48076,48096,20,W
6000,48096,48099,3,E
5999,48090,48099,9,W
6001,48104,48105,1,W
6002,48113,48114,1,E
6005,48118,48120,2,W
6006,48130,48132,2,E
6007,48132,48132,0,W
6011,48147,48147,0,E
6010,48146,48147,1,W
5998,48090,48150,60,N
5997,48089,48150,61,S
6003,48116,48153,37,N
6004,48117,48153,36,S
6008,48142,48156,14,N
6009,48145,48156,11,S
6014,48168,48168,0,N
6015,48173,48174,1,S
6013,48164,48195,31,E
6012,48160,48195,35,W
6017,48181,48198,17,E
6016,48174,48198,24,W
6020,48198,48201,3,E
6018,48188,48201,13,W
6022,48202,48204,2,W
6023,48215,48216,1,E
6024,48216,48216,0,W
6027,48230,48231,1,W
6028,48232,48234,2,E
6029,48244,48246,2,W
6031,48249,48249,0,E
6019,48194,48255,61,N
6021,48201,48255,54,S
6025,48220,48258,38,N
6026,48229,48258,29,S
6030,48246,48261,15,N
6032,48257,48261,4,S
6035,48272,48273,1,N
6038,48285,48285,0,S
6034,48266,48300,34,E
6033,48258,48300,42,W
6037,48283,48303,20,E
6036,48272,48303,31,W
6041,48300,48306,6,E
6039,48286,48306,20,W
6042,48300,48309,9,W
6044,48314,48315,1,W
6045,48317,48318,1,E
6047,48328,48330,2,W
6048,48334,48336,2,E
6050,48342,48342,0,W
6052,48351,48351,0,E
6053,48356,48357,1,W
6040,48298,48360,62,N
6043,48313,48360,47,S
6046,48324,48363,39,N
6049,48341,48363,22,S
6051,48350,48366,16,N
6055,48369,48369,0,S
6057,48376,48378,2,N
6060,48397,48399,2,S
6062,48402,48402,0,N
6054,48368,48405,37,E
6056,48370,48405,35,W
6059,48385,48408,23,E
6058,48384,48408,24,W
6063,48402,48411,9,E
6061,48398,48411,13,W
6064,48412,48414,2,W
6065,48419,48420,1,E
6067,48426,48426,0,W
6069,48436,48438,2,E
6070,48440,48441,1,W
6072,48453,48453,0,E
6074,48454,48456,2,W
6068,48428,48465,37,N
6066,48425,48465,40,S
6073,48454,48468,14,N
6071,48453,48468,15,S
6077,48480,48480,0,N
6078,48481,48483,2,S
6083,48506,48507,1,N
6076,48470,48510,40,E
6075,48468,48510,42,W
6080,48487,48513,26,E
6079,48482,48513,31,W
6082,48504,48516,12,E
6081,48496,48516,20,W
6085,48510,48519,9,W
6086,48521,48522,1,E
6087,48524,48525,1,W
6090,48538,48540,2,E
6091,48538,48540,2,W
6092,48552,48552,0,W
6093,48555,48555,0,E
6096,48566,48567,1,W
6088,48532,48570,38,N
6084,48509,48570,61,S
6094,48558,48573,15,N
6089,48537,48573,36,S
6095,48565,48576,11,S
6099,48584,48585,1,N
6101,48593,48594,1,S
6105,48610,48612,2,N
6097,48572,48615,43,E
6098,48580,48615,35,W
6100,48589,48618,29,E
6102,48594,48618,24,W
6103,48606,48621,15,E
6104,48608,48621,13,W
6108,48623,48624,1,E
6107,48622,48624,2,W
6110,48636,48636,0,W
6111,48640,48642,2,E
6113,48650,48651,1,W
6114,48657,48657,0,E
6116,48664,48666,2,W
6109,48636,48675,39,N
6106,48621,48675,54,S
6115,48662,48678,16,N
6112,48649,48678,29,S
6118,48677,48681,4,S
6120,48688,48690,2,N
6123,48705,48705,0,S
6126,48714,48714,0,N
6117,48674,48720,46,E
6119,48678,48720,42,W
6121,48691,48723,32,E
6122,48692,48723,31,W
6125,48708,48726,18,E
6124,48706,48726,20,W
6128,48725,48729,4,E
6127,48720,48729,9,W
6130,48734,48735,1,W
6132,48742,48744,2,E
6133,48748,48750,2,W
6134,48759,48759,0,E
6136,48762,48762,0,W
6138,48776,48777,1,E
6139,48776,48777,1,W
6131,48740,48780,40,N
6129,48733,48780,47,S
6137,48766,48783,17,N
6135,48761,48783,22,S
6140,48789,48789,0,S
6142,48792,48792,0,N
6147,48818,48819,1,N
6146,48817,48819,2,S
6143,48793,48825,32,E
6141,48790,48825,35,W
6145,48810,48828,18,E
6144,48804,48828,24,W
6149,48827,48831,4,E
6148,48818,48831,13,W
6150,48832,48834,2,W
6152,48844,48846,2,E
6154,48846,48846,0,W
6156,48861,48861,0,E
6155,48860,48861,1,W
6159,48874,48876,2,W
6160,48878,48879,1,E
6151,48844,48885,41,N
6153,48845,48885,40,S
6157,48870,48888,18,N
6158,48873,48888,15,S
6163,48896,48897,1,N
6164,48901,48903,2,S
6168,48922,48924,2,N
6162,48895,48930,35,E
6161,48888,48930,42,W
6166,48912,48933,21,E
6165,48902,48933,31,W
6170,48929,48936,7,E
6167,48916,48936,20,W
6171,48930,48939,9,W
6172,48944,48945,1,W
6173,48946,48948,2,E
6176,48958,48960,2,W
6177,48963,48963,0,E
6178,48972,48972,0,W
6180,48980,48981,1,E
6182,48986,48987,1,W
6174,48948,48990,42,N
6169,48929,48990,61,S
6179,48974,48993,19,N
6175,48957,48993,36,S
6181,48985,48996,11,S
6184,49000,49002,2,N
6186,49013,49014,1,S
6189,49026,49026,0,N
6183,48997,49035,38,E
6185,49000,49035,35,W
6187,49014,49038,24,E
6188,49014,49038,24,W
6191,49031,49041,10,E
6190,49028,49041,13,W
6193,49042,49044,2,W
6194,49048,49050,2,E
6196,49056,49056,0,W
6197,49065,49065,0,E
6199,49070,49071,1,W
6201,49082,49083,1,E
6202,49084,49086,2,W
6195,49052,49095,43,N
6192,49041,49095,54,S
6200,49078,49098,20,N
6198,49069,49098,29,S
6203,49097,49101,4,S
6206,49104,49104,0,N
6209,49125,49125,0,S
6211,49130,49131,1,N
6205,49099,49140,41,E
6204,49098,49140,42,W
6208,49116,49143,27,E
6207,49112,49143,31,W
6212,49133,49146,13,E
6210,49126,49146,20,W
6213,49140,49149,9,W
6214,49150,49152,2,E
6216,49154,49155,1,W
6218,49167,49167,0,E
6219,49168,49170,2,W
6222,49182,49182,0,W
6223,49184,49185,1,E
6224,49196,49197,1,W
6217,49156,49200,44,N
6215,49153,49200,47,S
6221,49182,49203,21,N
6220,49181,49203,22,S
6226,49208,49209,1,N
6227,49209,49209,0,S
6231,49234,49236,2,N
6233,49237,49239,2,S
6225,49201,49245,44,E
6228,49210,49245,35,W
6229,49218,49248,30,E
6230,49224,49248,24,W
6232,49235,49251,16,E
6234,49238,49251,13,W
6235,49252,49254,2,E
6236,49252,49254,2,W
6239,49266,49266,0,W
6240,49269,49269,0,E
6241,49280,49281,1,W
6243,49286,49287,1,E
6245,49294,49296,2,W
6237,49260,49305,45,N
6238,49265,49305,40,S
6242,49286,49308,22,N
6244,49293,49308,15,S
6248,49312,49314,2,N
6250,49321,49323,2,S
6254,49338,49338,0,N
6246,49303,49350,47,E
6247,49308,49350,42,W
6249,49320,49353,33,E
6251,49322,49353,31,W
6253,49337,49356,19,E
6252,49336,49356,20,W
6257,49354,49359,5,E
6256,49350,49359,9,W
6259,49364,49365,1,W
6260,49371,49371,0,E
6262,49378,49380,2,W
6263,49388,49389,1,E
6265,49392,49392,0,W
6267,49405,49407,2,E
6268,49406,49407,1,W
6258,49364,49410,46,N
6255,49349,49410,61,S
6264,49390,49413,23,N
6261,49377,49413,36,S
6269,49416,49416,0,N
6266,49405,49416,11,S
6272,49433,49434,1,S
6275,49442,49443,1,N
6271,49422,49455,33,E
6270,49420,49455,35,W
6274,49439,49458,19,E
6273,49434,49458,24,W
6277,49456,49461,5,E
6276,49448,49461,13,W
6279,49462,49464,2,W
6281,49473,49473,0,E
6282,49476,49476,0,W
6284,49490,49491,1,E
6285,49490,49491,1,W
6287,49504,49506,2,W
6288,49507,49509,2,E
6280,49468,49515,47,N
6278,49461,49515,54,S
6286,49494,49518,24,N
6283,49489,49518,29,S
6291,49520,49521,1,N
6289,49517,49521,4,S
6295,49545,49545,0,S
6296,49546,49548,2,N
6292,49524,49560,36,E
6290,49518,49560,42,W
6294,49541,49563,22,E
6293,49532,49563,31,W
6298,49558,49566,8,E
6297,49546,49566,20,W
6299,49560,49569,9,W
6303,49575,49575,0,E
6302,49574,49575,1,W
6304,49588,49590,2,W
6305,49592,49593,1,E
6308,49602,49602,0,W
6309,49609,49611,2,E
6310,49616,49617,1,W
6300,49572,49620,48,N
6301,49573,49620,47,S
6306,49598,49623,25,N
6307,49601,49623,22,S
6311,49624,49626,2,N
6313,49629,49629,0,S
6317,49650,49650,0,N
6318,49657,49659,2,S
6312,49626,49665,39,E
6314,49630,49665,35,W
6315,49643,49668,25,E
6316,49644,49668,24,W
6320,49660,49671,11,E
6319,49658,49671,13,W
6321,49672,49674,2,W
6323,49677,49677,0,E
6325,49686,49686,0,W
6326,49694,49695,1,E
6327,49700,49701,1,W
6329,49711,49713,2,E
6331,49714,49716,2,W
6322,49676,49725,49,N
6324,49685,49725,40,S
6328,49702,49728,26,N
6330,49713,49728,15,S
6332,49728,49731,3,N
6335,49741,49743,2,S
6338,49754,49755,1,N
6333,49728,49770,42,E
6334,49728,49770,42,W
6337,49745,49773,28,E
6336,49742,49773,31,W
6340,49762,49776,14,E
6339,49756,49776,20,W
6343,49779,49779,0,E
6342,49770,49779,9,W
6345,49784,49785,1,W
6346,49796,49797,1,E
6348,49798,49800,2,W
6350,49812,49812,0,W
6351,49813,49815,2,E
6353,49826,49827,1,W
6344,49780,49830,50,N
6341,49769,49830,61,S
6349,49806,49833,27,N
6347,49797,49833,36,S
6355,49832,49836,4,N
6352,49825,49836,11,S
6358,49853,49854,1,S
6360,49858,49860,2,N
6354,49830,49875,45,E
6356,49840,49875,35,W
6357,49847,49878,31,E
6359,49854,49878,24,W
6361,49864,49881,17,E
6362,49868,49881,13,W
6364,49881,49884,3,E
6365,49882,49884,2,W
6367,49896,49896,0,W
6368,49898,49899,1,E
6371,49910,49911,1,W
6372,49915,49917,2,E
6373,49924,49926,2,W
6374,49932,49932,0,E
6366,49884,49935,51,N
6363,49881,49935,54,S
6370,49910,49938,28,N
6369,49909,49938,29,S
6375,49936,49941,5,N
6376,49937,49941,4,S
6380,49962,49962,0,N
6381,49965,49965,0,S
6378,49949,49980,31,E
6377,49938,49980,42,W
6382,49966,49983,17,E
6379,49952,49983,31,W
6385,49983,49986,3,E
6383,49966,49986,20,W
6384,49980,49989,9,W
6388,49994,49995,1,W
6389,50000,50001,1,E
6390,50008,50010,2,W
6392,50017,50019,2,E
6394,50022,50022,0,W
6395,50034,50034,0,E
6396,50036,50037,1,W
6386,49988,50040,52,N
6387,49993,50040,47,S
6391,50014,50043,29,N
6393,50021,50043,22,S
6397,50040,50046,6,N
6398,50049,50049,0,S
6402,50066,50067,1,N
6404,50077,50079,2,S
6400,50051,50085,34,E
6399,50050,50085,35,W
6403,50068,50088,20,E
6401,50064,50088,24,W
6406,50085,50091,6,E
6405,50078,50091,13,W
6408,50092,50094,2,W
6409,50102,50103,1,E
6411,50106,50106,0,W
6413,50119,50121,2,E
6414,50120,50121,1,W
6417,50136,50136,0,E
6416,50134,50136,2,W
6407,50092,50145,53,N
6410,50105,50145,40,S
6412,50118,50148,30,N
6415,50133,50148,15,S
6418,50144,50151,7,N
6421,50161,50163,2,S
6423,50170,50172,2,N
6420,50153,50190,37,E
6419,50148,50190,42,W
6424,50170,50193,23,E
6422,50162,50193,31,W
6426,50187,50196,9,E
6425,50176,50196,20,W
6428,50190,50199,9,W
6430,50204,50205,1,E
6431,50204,50205,1,W
6433,50218,50220,2,W
6434,50221,50223,2,E
6436,50232,50232,0,W
6437,50238,50238,0,E
6439,50246,50247,1,W
6429,50196,50250,54,N
6427,50189,50250,61,S
6435,50222,50253,31,N
6432,50217,50253,36,S
6440,50248,50256,8,N
6438,50245,50256,11,S
6445,50274,50274,0,N
6444,50273,50274,1,S
6441,50255,50295,40,E
6442,50260,50295,35,W
6443,50272,50298,26,E
6446,50274,50298,24,W
6448,50289,50301,12,E
6447,50288,50301,13,W
6451,50302,50304,2,W
6452,50306,50307,1,E
6453,50316,50316,0,W
6454,50323,50325,2,E
6457,50330,50331,1,W
6458,50340,50340,0,E
6459,50344,50346,2,W
6449,50300,50355,55,N
6450,50301,50355,54,S
6455,50326,50358,32,N
6456,50329,50358,29,S
6460,50352,50361,9,N
6461,50357,50361,4,S
6466,50378,50379,1,N
6467,50385,50385,0,S
6462,50357,50400,43,E
6463,50358,50400,42,W
6465,50374,50403,29,E
6464,50372,50403,31,W
6469,50391,50406,15,E
6468,50386,50406,20,W
6472,50408,50409,1,E
6470,50400,50409,9,W
6473,50412,50412,0,W
6475,50424,50424,0,E
6476,50424,50424,0,W
6478,50436,50436,0,W
6480,50440,50442,2,E
6481,50448,50448,0,W
6483,50456,50457,1,E
6471,50404,50460,56,N
6474,50413,50460,47,S
6477,50427,50463,36,N
6479,50439,50463,24,S
6482,50450,50466,16,N
6485,50465,50466,1,S
6488,50473,50475,2,N
6491,50491,50493,2,S
6492,50496,50496,0,N
6486,50472,50505,33,E
6484,50460,50505,45,W
6490,50488,50508,20,E
6487,50472,50508,36,W
6494,50504,50511,7,E
6489,50484,50511,27,W
6493,50496,50514,18,W
6495,50508,50517,9,W
6498,50520,50520,0,E
6499,50520,50520,0,W
6500,50532,50532,0,W
6501,50536,50538,2,E
6504,50544,50544,0,W
6505,50552,50553,1,E
6506,50556,50556,0,W
6497,50519,50565,46,N
6496,50517,50565,48,S
6502,50542,50568,26,N
6503,50543,50568,25,S
6507,50565,50571,6,N
6510,50569,50571,2,S
6513,50588,50589,1,N
6515,50595,50595,0,S
6508,50568,50610,42,E
6509,50568,50610,42,W
6512,50584,50613,29,E
6511,50580,50613,33,W
6516,50600,50616,16,E
6514,50592,50616,24,W
6519,50616,50619,3,E
6517,50604,50619,15,W
6520,50616,50622,6,W
6522,50628,50628,0,W
6523,50632,50634,2,E
6525,50640,50640,0,W
6527,50648,50649,1,E
6528,50652,50652,0,W
6530,50664,50664,0,E
6531,50664,50664,0,W
6518,50611,50670,59,N
6521,50621,50670,49,S
6524,50634,50673,39,N
6526,50647,50673,26,S
6529,50657,50676,19,N
6532,50673,50676,3,S
6534,50680,50682,2,N
6538,50699,50700,1,S
6540,50703,50703,0,N
6535,50680,50715,35,E
6533,50676,50715,39,W
6537,50696,50718,22,E
6536,50688,50718,30,W
6541,50712,50721,9,E
6539,50700,50721,21,W
6542,50712,50724,12,W
6543,50724,50727,3,W
6546,50728,50730,2,E
6547,50736,50736,0,W
6548,50744,50745,1,E
6549,50748,50748,0,W
6552,50760,50760,0,E
6553,50760,50760,0,W
6555,50772,50772,0,W
6545,50726,50775,49,N
6544,50725,50775,50,S
6550,50749,50778,29,N
6551,50751,50778,27,S
6554,50772,50781,9,N
6557,50777,50781,4,S
6560,50795,50796,1,N
6562,50803,50805,2,S
6556,50776,50820,44,E
6558,50784,50820,36,W
6559,50792,50823,31,E
6561,50796,50823,27,W
6563,50808,50826,18,E
6564,50808,50826,18,W
6567,50824,50829,5,E
6566,50820,50829,9,W
6569,50832,50832,0,W
6570,50840,50841,1,E
6572,50844,50844,0,W
6574,50856,50856,0,E
6575,50856,50856,0,W
6577,50868,50868,0,W
6578,50872,50874,2,E
6565,50818,50880,62,N
6568,50829,50880,51,S
6571,50841,50883,42,N
6573,50855,50883,28,S
6576,50864,50886,22,N
6580,50881,50886,5,S
6581,50887,50889,2,N
6586,50907,50907,0,S
6587,50910,50910,0,N
6582,50888,50925,37,E
6579,50880,50925,45,W
6584,50904,50928,24,E
6583,50892,50928,36,W
6589,50920,50931,11,E
6585,50904,50931,27,W
6588,50916,50934,18,W
6593,50936,50937,1,E
6590,50928,50937,9,W
6594,50940,50940,0,W
6595,50952,50952,0,E
6596,50952,50952,0,W
6599,50964,50964,0,W
6600,50968,50970,2,E
6601,50976,50976,0,W
6592,50933,50985,52,N
6591,50933,50985,52,S
6597,50956,50988,32,N
6598,50959,50988,29,S
6602,50979,50991,12,N
6604,50985,50991,6,S
6608,51002,51003,1,N
6609,51011,51012,1,S
6613,51025,51027,2,N
6603,50984,51030,46,E
6605,50988,51030,42,W
6606,51000,51033,33,E
6607,51000,51033,33,W
6611,51016,51036,20,E
6610,51012,51036,24,W
6614,51032,51039,7,E
6612,51024,51039,15,W
6615,51036,51042,6,W
6618,51048,51048,0,E
6619,51048,51048,0,W
6620,51060,51060,0,W
6622,51064,51066,2,E
6624,51072,51072,0,W
6625,51080,51081,1,E
6626,51084,51084,0,W
6617,51048,51090,42,N
6616,51037,51090,53,S
6623,51071,51093,22,N
6621,51063,51093,30,S
6628,51094,51096,2,N
6627,51089,51096,7,S
6634,51117,51117,0,N
6633,51115,51117,2,S
6629,51096,51135,39,E
6630,51096,51135,39,W
6632,51112,51138,26,E
6631,51108,51138,30,W
6636,51128,51141,13,E
6635,51120,51141,21,W
6640,51144,51144,0,E
6637,51132,51144,12,W
6641,51144,51147,3,W
6642,51156,51156,0,W
6643,51160,51162,2,E
6646,51168,51168,0,W
6647,51176,51177,1,E
6648,51180,51180,0,W
6650,51192,51192,0,E
6651,51192,51192,0,W
6638,51140,51195,55,N
6639,51141,51195,54,S
6644,51163,51198,35,N
6645,51167,51198,31,S
6649,51186,51201,15,N
6652,51193,51201,8,S
6655,51209,51210,1,N
6657,51219,51219,0,S
6660,51232,51234,2,N
6654,51208,51240,32,E
6653,51204,51240,36,W
6658,51224,51243,19,E
6656,51216,51243,27,W
6661,51240,51246,6,E
6659,51228,51246,18,W
6662,51240,51249,9,W
6664,51252,51252,0,W
6666,51256,51258,2,E
6667,51264,51264,0,W
6669,51272,51273,1,E
6670,51276,51276,0,W
6672,51288,51288,0,E
6673,51288,51288,0,W
6665,51255,51300,45,N
6663,51245,51300,55,S
6671,51278,51303,25,N
6668,51271,51303,32,S
6676,51301,51306,5,N
6674,51297,51306,9,S
6681,51324,51324,0,N
6680,51323,51324,1,S
6677,51304,51345,41,E
6675,51300,51345,45,W
6679,51320,51348,28,E
6678,51312,51348,36,W
6683,51336,51351,15,E
6682,51324,51351,27,W
6688,51352,51354,2,E
6684,51336,51354,18,W
6686,51348,51357,9,W
6689,51360,51360,0,W
6690,51368,51369,1,E
6692,51372,51372,0,W
6694,51384,51384,0,E
6695,51384,51384,0,W
6697,51396,51396,0,W
6698,51400,51402,2,E
6685,51347,51405,58,N
6687,51349,51405,56,S
6691,51370,51408,38,N
6693,51375,51408,33,S
6696,51393,51411,18,N
6699,51401,51411,10,S
6701,51416,51417,1,N
6704,51427,51429,2,S
6707,51439,51441,2,N
6702,51416,51450,34,E
6700,51408,51450,42,W
6705,51432,51453,21,E
6703,51420,51453,33,W
6709,51448,51456,8,E
6706,51432,51456,24,W
6708,51444,51459,15,W
6711,51456,51462,6,W
6713,51464,51465,1,E
6714,51468,51468,0,W
6716,51480,51480,0,E
6717,51480,51480,0,W
6719,51492,51492,0,W
6720,51496,51498,2,E
6721,51504,51504,0,W
6712,51462,51510,48,N
6710,51453,51510,57,S
6718,51485,51513,28,N
6715,51479,51513,34,S
6723,51508,51516,8,N
6722,51505,51516,11,S
6729,51531,51531,0,N
6728,51531,51531,0,S
6724,51512,51555,43,E
6725,51516,51555,39,W
6726,51528,51558,30,E
6727,51528,51558,30,W
6731,51544,51561,17,E
6730,51540,51561,21,W
6735,51560,51564,4,E
6732,51552,51564,12,W
6736,51564,51567,3,W
6737,51576,51576,0,E
6738,51576,51576,0,W
6741,51588,51588,0,W
6742,51592,51594,2,E
6744,51600,51600,0,W
6745,51608,51609,1,E
6747,51612,51612,0,W
6733,51554,51615,61,N
6734,51557,51615,58,S
6739,51577,51618,41,N
6740,51583,51618,35,S
6743,51600,51621,21,N
6746,51609,51621,12,S
6748,51623,51624,1,N
6751,51635,51636,1,S
6754,51646,51648,2,N
6749,51624,51660,36,E
6750,51624,51660,36,W
6753,51640,51663,23,E
6752,51636,51663,27,W
6756,51656,51666,10,E
6755,51648,51666,18,W
6757,51660,51669,9,W
6760,51672,51672,0,E
6761,51672,51672,0,W
6762,51684,51684,0,W
6764,51688,51690,2,E
6766,51696,51696,0,W
6767,51704,51705,1,E
6768,51708,51708,0,W
6759,51669,51720,51,N
6758,51661,51720,59,S
6765,51692,51723,31,N
6763,51687,51723,36,S
6770,51715,51726,11,N
6769,51713,51726,13,S
6775,51738,51738,0,N
6776,51739,51741,2,S
6780,51761,51762,1,N
6771,51720,51765,45,E
6772,51720,51765,45,W
6774,51736,51768,32,E
6773,51732,51768,36,W
6778,51752,51771,19,E
6777,51744,51771,27,W
6782,51768,51774,6,E
6779,51756,51774,18,W
6783,51768,51777,9,W
6784,51780,51780,0,W
6786,51784,51786,2,E
6788,51792,51792,0,W
6789,51800,51801,1,E
6790,51804,51804,0,W
6792,51816,51816,0,E
6793,51816,51816,0,W
6785,51784,51825,41,N
6781,51765,51825,60,S
6791,51807,51828,21,N
6787,51791,51828,37,S
6796,51830,51831,1,N
6794,51817,51831,14,S
6799,51843,51843,0,S
6802,51853,51855,2,N
6797,51832,51870,38,E
6795,51828,51870,42,W
6800,51848,51873,25,E
6798,51840,51873,33,W
6803,51864,51876,12,E
6801,51852,51876,24,W
6804,51864,51879,15,W
6808,51880,51882,2,E
6807,51876,51882,6,W
6809,51888,51888,0,W
6811,51896,51897,1,E
6813,51900,51900,0,W
6814,51912,51912,0,E
6815,51912,51912,0,W
6818,51924,51924,0,W
6806,51876,51930,54,N
6805,51869,51930,61,S
6812,51899,51933,34,N
6810,51895,51933,38,S
6817,51922,51936,14,N
6816,51921,51936,15,S
6822,51945,51945,0,N
6823,51947,51948,1,S
6827,51968,51969,1,N
6819,51928,51975,47,E
6820,51936,51975,39,W
6821,51944,51978,34,E
6824,51948,51978,30,W
6825,51960,51981,21,E
6826,51960,51981,21,W
6830,51976,51984,8,E
6828,51972,51984,12,W
6831,51984,51987,3,W
6833,51992,51993,1,E
6834,51996,51996,0,W
6836,52008,52008,0,E
6837,52008,52008,0,W
6839,52020,52020,0,W
6840,52024,52026,2,E
6842,52032,52032,0,W
6832,51991,52035,44,N
6829,51973,52035,62,S
6838,52014,52038,24,N
6835,51999,52038,39,S
6843,52037,52041,4,N
6841,52025,52041,16,S
6846,52051,52053,2,S
6849,52060,52062,2,N
6852,52077,52077,0,S
6844,52040,52080,40,E
6845,52044,52080,36,W
6847,52056,52083,27,E
6848,52056,52083,27,W
6851,52072,52086,14,E
6850,52068,52086,18,W
6855,52088,52089,1,E
6853,52080,52089,9,W
6856,52092,52092,0,W
6858,52104,52104,0,E
6859,52104,52104,0,W
6861,52116,52116,0,W
6862,52120,52122,2,E
6863,52128,52128,0,W
6866,52136,52137,1,E
6854,52083,52140,57,N
6857,52103,52140,37,S
6860,52106,52143,37,N
6864,52129,52143,14,S
6865,52129,52146,17,N
6868,52152,52152,0,N
6871,52155,52155,0,S
6874,52175,52176,1,N
6876,52181,52182,1,S
6869,52152,52185,33,E
6867,52140,52185,45,W
6873,52168,52188,20,E
6870,52152,52188,36,W
6877,52184,52191,7,E
6872,52164,52191,27,W
6875,52176,52194,18,W
6878,52188,52197,9,W
6880,52200,52200,0,E
6881,52200,52200,0,W
6883,52212,52212,0,W
6884,52216,52218,2,E
6886,52224,52224,0,W
6887,52232,52233,1,E
6889,52236,52236,0,W
6879,52198,52245,47,N
6882,52207,52245,38,S
6885,52221,52248,27,N
6888,52233,52248,15,S
6890,52244,52251,7,N
6893,52259,52260,1,S
6896,52267,52269,2,N
6900,52285,52287,2,S
6891,52248,52290,42,E
6892,52248,52290,42,W
6895,52264,52293,29,E
6894,52260,52293,33,W
6898,52280,52296,16,E
6897,52272,52296,24,W
6902,52296,52299,3,E
6899,52284,52299,15,W
6903,52296,52302,6,W
6904,52308,52308,0,W
6906,52312,52314,2,E
6908,52320,52320,0,W
6909,52328,52329,1,E
6910,52332,52332,0,W
6913,52344,52344,0,E
6914,52344,52344,0,W
6901,52290,52350,60,N
6905,52311,52350,39,S
6907,52313,52353,40,N
6912,52337,52353,16,S
6911,52336,52356,20,N
6916,52359,52359,0,N
6918,52363,52365,2,S
6922,52382,52383,1,N
6923,52389,52389,0,S
6917,52360,52395,35,E
6915,52356,52395,39,W
6920,52376,52398,22,E
6919,52368,52398,30,W
6924,52392,52401,9,E
6921,52380,52401,21,W
6925,52392,52404,12,W
6926,52404,52407,3,W
6928,52408,52410,2,E
6930,52416,52416,0,W
6931,52424,52425,1,E
6933,52428,52428,0,W
6934,52440,52440,0,E
6935,52440,52440,0,W
6938,52452,52452,0,W
6927,52405,52455,50,N
6929,52415,52455,40,S
6932,52428,52458,30,N
6936,52441,52458,17,S
6937,52451,52461,10,N
6941,52467,52467,0,S
6943,52474,52476,2,N
6947,52493,52494,1,S
6948,52497,52497,0,N
6939,52456,52500,44,E
6940,52464,52500,36,W
6942,52472,52503,31,E
6944,52476,52503,27,W
6945,52488,52506,18,E
6946,52488,52506,18,W
6950,52504,52509,5,E
6949,52500,52509,9,W
6951,52512,52512,0,W
6954,52520,52521,1,E
6955,52524,52524,0,W
6956,52536,52536,0,E
6957,52536,52536,0,W
6960,52548,52548,0,W
6961,52552,52554,2,E
6953,52520,52560,40,N
6952,52519,52560,41,S
6958,52543,52563,20,N
6959,52545,52563,18,S
6963,52566,52566,0,N
6965,52571,52572,1,S
6969,52589,52590,1,N
6971,52597,52599,2,S
6964,52568,52605,37,E
6962,52560,52605,45,W
6967,52584,52608,24,E
6966,52572,52608,36,W
6972,52600,52611,11,E
6968,52584,52611,27,W
6970,52596,52614,18,W
6975,52616,52617,1,E
6973,52608,52617,9,W
6976,52620,52620,0,W
6978,52632,52632,0,E
6979,52632,52632,0,W
6981,52644,52644,0,W
6982,52648,52650,2,E
6984,52656,52656,0,W
6974,52612,52665,53,N
6977,52623,52665,42,S
6980,52635,52668,33,N
6983,52649,52668,19,S
6985,52658,52671,13,N
6988,52675,52677,2,S
6991,52681,52683,2,N
6994,52701,52701,0,S
6995,52704,52704,0,N
6986,52664,52710,46,E
6987,52668,52710,42,W
6989,52680,52713,33,E
6990,52680,52713,33,W
6993,52696,52716,20,E
6992,52692,52716,24,W
6997,52712,52719,7,E
6996,52704,52719,15,W
6998,52716,52722,6,W
7001,52728,52728,0,E
7002,52728,52728,0,W
7003,52740,52740,0,W
7004,52744,52746,2,E
7006,52752,52752,0,W
7008,52760,52761,1,E
7009,52764,52764,0,W
7000,52727,52770,43,N
6999,52727,52770,43,S
7005,52750,52773,23,N
7007,52753,52773,20,S
7010,52773,52776,3,N
7013,52779,52779,0,S
7016,52796,52797,1,N
7018,52805,52806,1,S
7011,52776,52815,39,E
7012,52776,52815,39,W
7015,52792,52818,26,E
7014,52788,52818,30,W
7019,52808,52821,13,E
7017,52800,52821,21,W
7022,52824,52824,0,E
7020,52812,52824,12,W
7023,52824,52827,3,W
7025,52836,52836,0,W
7026,52840,52842,2,E
7028,52848,52848,0,W
7029,52856,52857,1,E
7031,52860,52860,0,W
7033,52872,52872,0,E
7034,52872,52872,0,W
7021,52819,52875,56,N
7024,52831,52875,44,S
7027,52842,52878,36,N
7030,52857,52878,21,S
7032,52865,52881,16,N
7035,52883,52884,1,S
7037,52888,52890,2,N
7043,52911,52911,0,N
7042,52909,52911,2,S
7038,52888,52920,32,E
7036,52884,52920,36,W
7040,52904,52923,19,E
7039,52896,52923,27,W
7044,52920,52926,6,E
7041,52908,52926,18,W
7045,52920,52929,9,W
7046,52932,52932,0,W
7049,52936,52938,2,E
7050,52944,52944,0,W
7051,52952,52953,1,E
7052,52956,52956,0,W
7055,52968,52968,0,E
7056,52968,52968,0,W
7047,52934,52980,46,N
7048,52935,52980,45,S
7053,52957,52983,26,N
7054,52961,52983,22,S
7057,52980,52986,6,N
7060,52987,52989,2,S
7063,53003,53004,1,N
7065,53013,53013,0,S
7059,52984,53025,41,E
7058,52980,53025,45,W
7062,53000,53028,28,E
7061,52992,53028,36,W
7066,53016,53031,15,E
7064,53004,53031,27,W
7070,53032,53034,2,E
7067,53016,53034,18,W
7069,53028,53037,9,W
7072,53040,53040,0,W
7073,53048,53049,1,E
7075,53052,53052,0,W
7076,53064,53064,0,E
7077,53064,53064,0,W
7080,53076,53076,0,W
7081,53080,53082,2,E
7068,53026,53085,59,N
7071,53039,53085,46,S
7074,53049,53088,39,N
7078,53065,53088,23,S
7079,53072,53091,19,N
7083,53091,53091,0,S
7084,53095,53097,2,N
7090,53118,53118,0,N
7089,53117,53118,1,S
7085,53096,53130,34,E
7082,53088,53130,42,W
7087,53112,53133,21,E
7086,53100,53133,33,W
7092,53128,53136,8,E
7088,53112,53136,24,W
7091,53124,53139,15,W
7093,53136,53142,6,W
7096,53144,53145,1,E
7097,53148,53148,0,W
7098,53160,53160,0,E
7099,53160,53160,0,W
7102,53172,53172,0,W
7103,53176,53178,2,E
7104,53184,53184,0,W
7094,53141,53190,49,N
7095,53143,53190,47,S
7100,53164,53193,29,N
7101,53169,53193,24,S
7105,53187,53196,9,N
7107,53195,53196,1,S
7111,53210,53211,1,N
7113,53221,53223,2,S
7106,53192,53235,43,E
7108,53196,53235,39,W
7109,53208,53238,30,E
7110,53208,53238,30,W
7114,53224,53241,17,E
7112,53220,53241,21,W
7117,53240,53244,4,E
7115,53232,53244,12,W
7118,53244,53247,3,W
7121,53256,53256,0,E
7122,53256,53256,0,W
7123,53268,53268,0,W
7124,53272,53274,2,E
7127,53280,53280,0,W
7128,53288,53289,1,E
7129,53292,53292,0,W
7116,53233,53295,62,N
7119,53247,53295,48,S
7120,53256,53298,42,N
7125,53273,53298,25,S
7126,53279,53301,22,N
7130,53299,53301,2,S
7131,53302,53304,2,N
7137,53325,53325,0,N
7136,53325,53325,0,S
7132,53304,53340,36,E
7133,53304,53340,36,W
7135,53320,53343,23,E
7134,53316,53343,27,W
7139,53336,53346,10,E
7138,53328,53346,18,W
7140,53340,53349,9,W
7143,53352,53352,0,E
7144,53352,53352,0,W
7145,53364,53364,0,W
7146,53368,53370,2,E
7148,53376,53376,0,W
7150,53384,53385,1,E
7151,53388,53388,0,W
7141,53348,53400,52,N
7142,53351,53400,49,S
7147,53371,53403,32,N
7149,53377,53403,26,S
7152,53394,53406,12,N
7155,53403,53406,3,S
7158,53417,53418,1,N
7160,53429,53430,1,S
7163,53440,53442,2,N
7153,53400,53445,45,E
7154,53400,53445,45,W
7157,53416,53448,32,E
7156,53412,53448,36,W
7161,53432,53451,19,E
7159,53424,53451,27,W
7164,53448,53454,6,E
7162,53436,53454,18,W
7165,53448,53457,9,W
7167,53460,53460,0,W
7169,53464,53466,2,E
7170,53472,53472,0,W
7171,53480,53481,1,E
7173,53484,53484,0,W
7175,53496,53496,0,E
7176,53496,53496,0,W
7168,53463,53505,42,N
7166,53455,53505,50,S
7174,53486,53508,22,N
7172,53481,53508,27,S
7179,53509,53511,2,N
7177,53507,53511,4,S
7183,53532,53532,0,N
7185,53533,53535,2,S
7180,53512,53550,38,E
7178,53508,53550,42,W
7182,53528,53553,25,E
7181,53520,53553,33,W
7186,53544,53556,12,E
7184,53532,53556,24,W
7187,53544,53559,15,W
7191,53560,53562,2,E
7189,53556,53562,6,W
7192,53568,53568,0,W
7193,53576,53577,1,E
7195,53580,53580,0,W
7197,53592,53592,0,E
7198,53592,53592,0,W
7200,53604,53604,0,W
7188,53555,53610,55,N
7190,53559,53610,51,S
7194,53578,53613,35,N
7196,53585,53613,28,S
7199,53601,53616,15,N
7202,53611,53616,5,S
7204,53624,53625,1,N
7207,53637,53637,0,S
7210,53647,53649,2,N
7201,53608,53655,47,E
7203,53616,53655,39,W
7205,53624,53658,34,E
7206,53628,53658,30,W
7208,53640,53661,21,E
7209,53640,53661,21,W
7212,53656,53664,8,E
7211,53652,53664,12,W
7214,53664,53667,3,W
7216,53672,53673,1,E
7217,53676,53676,0,W
7218,53688,53688,0,E
7219,53688,53688,0,W
7222,53700,53700,0,W
7223,53704,53706,2,E
7224,53712,53712,0,W
7215,53670,53715,45,N
7213,53663,53715,52,S
7221,53693,53718,25,N
7220,53689,53718,29,S
7226,53716,53721,5,N
7225,53715,53721,6,S
7231,53739,53739,0,N
7232,53741,53742,1,S
7227,53720,53760,40,E
7228,53724,53760,36,W
7229,53736,53763,27,E
7230,53736,53763,27,W
7234,53752,53766,14,E
7233,53748,53766,18,W
7238,53768,53769,1,E
7235,53760,53769,9,W
7239,53772,53772,0,W
7240,53784,53784,0,E
7241,53784,53784,0,W
7244,53796,53796,0,W
7245,53800,53802,2,E
7247,53808,53808,0,W
7248,53816,53817,1,E
7236,53762,53820,58,N
7237,53767,53820,53,S
7242,53785,53823,38,N
7243,53793,53823,30,S
7246,53808,53826,18,N
7249,53819,53826,7,S
7251,53831,53832,1,N
7255,53845,53847,2,S
7257,53854,53856,2,N
7252,53832,53865,33,E
7250,53820,53865,45,W
7256,53848,53868,20,E
7253,53832,53868,36,W
7259,53864,53871,7,E
7254,53844,53871,27,W
7258,53856,53874,18,W
7260,53868,53877,9,W
7263,53880,53880,0,E
7264,53880,53880,0,W
7265,53892,53892,0,W
7266,53896,53898,2,E
7269,53904,53904,0,W
7270,53912,53913,1,E
7271,53916,53916,0,W
7262,53877,53925,48,N
7261,53871,53925,54,S
7268,53900,53928,28,N
7267,53897,53928,31,S
7273,53923,53931,8,N
7272,53923,53931,8,S
7278,53946,53946,0,N
7279,53949,53949,0,S
7274,53928,53970,42,E
7275,53928,53970,42,W
7277,53944,53973,29,E
7276,53940,53973,33,W
7281,53960,53976,16,E
7280,53952,53976,24,W
7285,53976,53979,3,E
7282,53964,53979,15,W
7286,53976,53982,6,W
7287,53988,53988,0,W
7289,53992,53994,2,E
7290,54000,54000,0,W
7292,54008,54009,1,E
7293,54011,54012,1,W
7295,54022,54024,2,E
7296,54022,54024,2,W
7283,53969,54030,61,N
7284,53975,54030,55,S
7288,53992,54033,41,N
7291,54001,54033,32,S
7294,54015,54036,21,N
7297,54023,54036,13,S
7299,54035,54039,4,N
7302,54045,54045,0,S
7304,54055,54057,2,N
7308,54067,54069,2,S
7300,54036,54075,39,E
7298,54033,54075,42,W
7303,54050,54078,28,E
7301,54044,54078,34,W
7306,54064,54081,17,E
7305,54055,54081,26,W
7311,54078,54084,6,E
7307,54066,54084,18,W
7310,54077,54087,10,W
7312,54088,54090,2,W
7314,54092,54093,1,E
7316,54099,54099,0,W
7317,54106,54108,2,E
7318,54110,54111,1,W
7321,54120,54120,0,E
7322,54121,54123,2,W
7323,54132,54132,0,W
7309,54075,54135,60,N
7313,54089,54135,46,S
7315,54095,54138,43,N
7319,54111,54138,27,S
7320,54115,54141,26,N
7324,54133,54141,8,S
7326,54135,54144,9,N
7331,54155,54156,1,N
7330,54155,54156,1,S
7334,54175,54177,2,N
7337,54177,54177,0,S
7325,54134,54180,46,E
7327,54143,54180,37,W
7328,54148,54183,35,E
7329,54154,54183,29,W
7332,54162,54186,24,E
7333,54165,54186,21,W
7335,54176,54189,13,E
7336,54176,54189,13,W
7339,54190,54192,2,E
7338,54187,54192,5,W
7341,54198,54198,0,W
7343,54204,54204,0,E
7344,54209,54210,1,W
7346,54218,54219,1,E
7347,54220,54222,2,W
7349,54231,54231,0,W
7350,54232,54234,2,E
7340,54195,54240,45,N
7342,54199,54240,41,S
7345,54215,54243,28,N
7348,54221,54243,22,S
7351,54235,54246,11,N
7353,54243,54246,3,S
7356,54255,54255,0,N
7359,54265,54267,2,S
7361,54275,54276,1,N
7354,54246,54285,39,E
7352,54242,54285,43,W
7357,54260,54288,28,E
7355,54253,54288,35,W
7360,54274,54291,17,E
7358,54264,54291,27,W
7365,54288,54294,6,E
7362,54275,54294,19,W
7363,54286,54297,11,W
7367,54297,54300,3,W
7368,54302,54303,1,E
7369,54308,54309,1,W
7372,54316,54318,2,E
7373,54319,54321,2,W
7374,54330,54330,0,E
7375,54330,54330,0,W
7378,54341,54342,1,W
7366,54295,54345,50,N
7364,54287,54345,58,S
7371,54315,54348,33,N
7370,54309,54348,39,S
7377,54335,54351,16,N
7376,54331,54351,20,S
7381,54353,54354,1,S
7382,54355,54357,2,N
7388,54375,54375,0,N
7387,54375,54375,0,S
7379,54344,54390,46,E
7380,54352,54390,38,W
7383,54358,54393,35,E
7384,54363,54393,30,W
7385,54372,54396,24,E
7386,54374,54396,22,W
7390,54386,54399,13,E
7389,54385,54399,14,W
7394,54400,54402,2,E
7392,54396,54402,6,W
7395,54407,54408,1,W
7396,54414,54414,0,E
7398,54418,54420,2,W
7400,54428,54429,1,E
7401,54429,54429,0,W
7403,54440,54441,1,W
7405,54442,54444,2,E
7391,54395,54450,55,N
7393,54397,54450,53,S
7397,54415,54453,38,N
7399,54419,54453,34,S
7402,54435,54456,21,N
7404,54441,54456,15,S
7407,54455,54459,4,N
7410,54463,54465,2,S
7413,54475,54477,2,N
7416,54485,54486,1,S
7408,54456,54495,39,E
7406,54451,54495,44,W
7411,54470,54498,28,E
7409,54462,54498,36,W
7414,54484,54501,17,E
7412,54473,54501,28,W
7419,54498,54504,6,E
7415,54484,54504,20,W
7418,54495,54507,12,W
7420,54506,54510,4,W
7422,54512,54513,1,E
7424,54517,54519,2,W
7425,54526,54528,2,E
7426,54528,54528,0,W
7430,54540,54540,0,E
7429,54539,54540,1,W
7431,54550,54552,2,W
7417,54495,54555,60,N
7421,54507,54555,48,S
7423,54515,54558,43,N
7427,54529,54558,29,S
7428,54535,54561,26,N
7432,54551,54561,10,S
7434,54555,54564,9,N
7438,54573,54573,0,S
7439,54575,54576,1,N
7444,54595,54597,2,N
7443,54595,54597,2,S
7433,54554,54600,46,E
7435,54561,54600,39,W
7436,54568,54603,35,E
7437,54572,54603,31,W
7440,54582,54606,24,E
7441,54583,54606,23,W
7445,54596,54609,13,E
7442,54594,54609,15,W
7447,54610,54612,2,E
7446,54605,54612,7,W
7449,54616,54618,2,W
7451,54624,54624,0,E
7452,54627,54627,0,W
7454,54638,54639,1,E
7455,54638,54639,1,W
7457,54649,54651,2,W
7458,54652,54654,2,E
7448,54615,54660,45,N
7450,54617,54660,43,S
7453,54635,54663,28,N
7456,54639,54663,24,S
7459,54655,54666,11,N
7461,54661,54666,5,S
7464,54675,54675,0,N
7467,54683,54684,1,S
7470,54695,54696,1,N
7462,54666,54705,39,E
7460,54660,54705,45,W
7465,54680,54708,28,E
7463,54671,54708,37,W
7469,54694,54711,17,E
7466,54682,54711,29,W
7473,54708,54714,6,E
7468,54693,54714,21,W
7471,54704,54717,13,W
7475,54715,54720,5,W
7476,54722,54723,1,E
7477,54726,54726,0,W
7480,54736,54738,2,E
7481,54737,54738,1,W
7484,54750,54750,0,E
7482,54748,54750,2,W
7486,54759,54759,0,W
7474,54715,54765,50,N
7472,54705,54765,60,S
7479,54735,54768,33,N
7478,54727,54768,41,S
7485,54755,54771,16,N
7483,54749,54771,22,S
7489,54771,54774,3,S
7490,54775,54777,2,N
7496,54795,54795,0,N
7495,54793,54795,2,S
7487,54764,54810,46,E
7488,54770,54810,40,W
7491,54778,54813,35,E
7492,54781,54813,32,W
7493,54792,54816,24,E
7494,54792,54816,24,W
7498,54806,54819,13,E
7497,54803,54819,16,W
7502,54820,54822,2,E
7499,54814,54822,8,W
7503,54825,54825,0,W
7504,54834,54834,0,E
7506,54836,54837,1,W
7509,54848,54849,1,E
7508,54847,54849,2,W
7511,54858,54858,0,W
7513,54862,54864,2,E
7501,54815,54870,55,N
7500,54815,54870,55,S
7505,54835,54873,38,N
7507,54837,54873,36,S
7510,54855,54876,21,N
7512,54859,54876,17,S
7515,54875,54879,4,N
7518,54881,54882,1,S
7521,54895,54897,2,N
7523,54903,54903,0,S
7516,54876,54915,39,E
7514,54869,54915,46,W
7519,54890,54918,28,E
7517,54880,54918,38,W
7524,54904,54921,17,E
7520,54891,54921,30,W
7527,54918,54924,6,E
7522,54902,54924,22,W
7525,54913,54927,14,W
7528,54924,54930,6,W
7530,54932,54933,1,E
7532,54935,54936,1,W
7533,54946,54948,2,E
7534,54946,54948,2,W
7537,54957,54957,0,W
7538,54960,54960,0,E
7539,54968,54969,1,W
7526,54915,54975,60,N
7529,54925,54975,50,S
7531,54935,54978,43,N
7535,54947,54978,31,S
7536,54955,54981,26,N
7540,54969,54981,12,S
7542,54975,54984,9,N
7546,54991,54993,2,S
7547,54995,54996,1,N
7551,55013,55014,1,S
7552,55015,55017,2,N
7541,54974,55020,46,E
7543,54979,55020,41,W
7544,54988,55023,35,E
7545,54990,55023,33,W
7549,55002,55026,24,E
7548,55001,55026,25,W
7553,55016,55029,13,E
7550,55012,55029,17,W
7555,55030,55032,2,E
7554,55023,55032,9,W
7556,55034,55035,1,W
7559,55044,55044,0,E
7560,55045,55047,2,W
7562,55056,55056,0,W
7564,55058,55059,1,E
7565,55067,55068,1,W
7566,55072,55074,2,E
7558,55035,55080,45,N
7557,55035,55080,45,S
7561,55055,55083,28,N
7563,55057,55083,26,S
7567,55075,55086,11,N
7569,55079,55086,7,S
7572,55095,55095,0,N
7575,55101,55101,0,S
7578,55115,55116,1,N
7570,55086,55125,39,E
7568,55078,55125,47,W
7573,55100,55128,28,E
7571,55089,55128,39,W
7577,55114,55131,17,E
7574,55100,55131,31,W
7581,55128,55134,6,E
7576,55111,55134,23,W
7579,55122,55137,15,W
7582,55133,55140,7,W
7584,55142,55143,1,E
7585,55144,55146,2,W
7588,55155,55155,0,W
7589,55156,55158,2,E
7590,55166,55167,1,W
7592,55170,55170,0,E
7594,55177,55179,2,W
7583,55135,55185,50,N
7580,55123,55185,62,S
7587,55155,55188,33,N
7586,55145,55188,43,S
7593,55175,55191,16,N
7591,55167,55191,24,S
7597,55189,55194,5,S
7598,55195,55197,2,N
7602,55211,55212,1,S
7604,55215,55215,0,N
7595,55184,55230,46,E
7596,55188,55230,42,W
7599,55198,55233,35,E
7600,55199,55233,34,W
7603,55212,55236,24,E
7601,55210,55236,26,W
7606,55226,55239,13,E
7605,55221,55239,18,W
7610,55240,55242,2,E
7607,55232,55242,10,W
7611,55243,55245,2,W
7612,55254,55254,0,E
7613,55254,55254,0,W
7616,55265,55266,1,W
7617,55268,55269,1,E
7619,55276,55278,2,W
7621,55282,55284,2,E
7622,55287,55287,0,W
7609,55235,55290,55,N
7608,55233,55290,57,S
7615,55255,55293,38,N
7614,55255,55293,38,S
7618,55275,55296,21,N
7620,55277,55296,19,S
7623,55295,55299,4,N
7626,55299,55299,0,S
7629,55315,55317,2,N
7631,55321,55323,2,S
7624,55296,55335,39,E
7625,55298,55335,37,W
7628,55310,55338,28,E
7627,55309,55338,29,W
7632,55324,55341,17,E
7630,55320,55341,21,W
7635,55338,55344,6,E
7633,55331,55344,13,W
7636,55342,55347,5,W
7638,55352,55353,1,E
7639,55353,55353,0,W
7641,55364,55365,1,W
7643,55366,55368,2,E
7645,55375,55377,2,W
7646,55380,55380,0,E
7647,55386,55386,0,W
7634,55335,55395,60,N
7637,55343,55395,52,S
7640,55355,55398,43,N
7642,55365,55398,33,S
7644,55375,55401,26,N
7648,55387,55401,14,S
7650,55395,55404,9,N
7654,55409,55410,1,S
7655,55415,55416,1,N
7659,55431,55431,0,S
7660,55435,55437,2,N
7649,55394,55440,46,E
7651,55397,55440,43,W
7652,55408,55443,35,E
7653,55408,55443,35,W
7657,55422,55446,24,E
7656,55419,55446,27,W
7661,55436,55449,13,E
7658,55430,55449,19,W
7663,55450,55452,2,E
7662,55441,55452,11,W
7664,55452,55455,3,W
7668,55464,55464,0,E
7667,55463,55464,1,W
7669,55474,55476,2,W
7672,55478,55479,1,E
7673,55485,55485,0,W
7674,55492,55494,2,E
7676,55496,55497,1,W
7666,55455,55500,45,N
7665,55453,55500,47,S
7671,55475,55503,28,N
7670,55475,55503,28,S
7675,55495,55506,11,N
7677,55497,55506,9,S
7680,55515,55515,0,N
7682,55519,55521,2,S
7686,55535,55536,1,N
7688,55541,55542,1,S
7678,55506,55545,39,E
7679,55507,55545,38,W
7683,55520,55548,28,E
7681,55518,55548,30,W
7685,55534,55551,17,E
7684,55529,55551,22,W
7689,55548,55554,6,E
7687,55540,55554,14,W
7690,55551,55557,6,W
7692,55562,55563,1,E
7693,55562,55563,1,W
7695,55573,55575,2,W
7697,55576,55578,2,E
7698,55584,55584,0,W
7700,55590,55590,0,E
7702,55595,55596,1,W
7691,55555,55605,50,N
7694,55563,55605,42,S
7696,55575,55608,33,N
7699,55585,55608,23,S
7701,55595,55611,16,N
7705,55607,55611,4,S
7706,55615,55617,2,N
7710,55629,55629,0,S
7712,55635,55635,0,N
7703,55604,55650,46,E
7704,55606,55650,44,W
7708,55618,55653,35,E
7707,55617,55653,36,W
7711,55632,55656,24,E
7709,55628,55656,28,W
7714,55646,55659,13,E
7713,55639,55659,20,W
7718,55660,55662,2,E
7715,55650,55662,12,W
7719,55661,55665,4,W
7722,55674,55674,0,E
7720,55672,55674,2,W
7724,55683,55683,0,W
7725,55688,55689,1,E
7726,55694,55695,1,W
7729,55702,55704,2,E
7730,55705,55707,2,W
7717,55655,55710,55,N
7716,55651,55710,59,S
7723,55675,55713,38,N
7721,55673,55713,40,S
7728,55695,55716,21,N
7727,55695,55716,21,S
7731,55715,55719,4,N
7734,55717,55719,2,S
7737,55735,55737,2,N
7739,55739,55740,1,S
7732,55716,55755,39,E
7733,55716,55755,39,W
7736,55730,55758,28,E
7735,55727,55758,31,W
7740,55744,55761,17,E
7738,55738,55761,23,W
7743,55758,55764,6,E
7741,55749,55764,15,W
7744,55760,55767,7,W
7747,55772,55773,1,E
7746,55771,55773,2,W
7749,55782,55782,0,W
7751,55786,55788,2,E
7752,55793,55794,1,W
7754,55800,55800,0,E
7755,55804,55806,2,W
7742,55755,55815,60,N
7745,55761,55815,54,S
7748,55775,55818,43,N
7750,55783,55818,35,S
7753,55795,55821,26,N
7756,55805,55821,16,S
7758,55815,55824,9,N
7761,55827,55827,0,S
7763,55835,55836,1,N
7767,55849,55851,2,S
7768,55855,55857,2,N
7757,55814,55860,46,E
7759,55815,55860,45,W
7762,55828,55863,35,E
7760,55826,55863,37,W
7765,55842,55866,24,E
7764,55837,55866,29,W
7769,55856,55869,13,E
7766,55848,55869,21,W
7771,55870,55872,2,E
7770,55859,55872,13,W
7772,55870,55875,5,W
7775,55881,55881,0,W
7776,55884,55884,0,E
7777,55892,55893,1,W
7780,55898,55899,1,E
7781,55903,55905,2,W
7782,55912,55914,2,E
7783,55914,55914,0,W
7774,55875,55920,45,N
7773,55871,55920,49,S
7779,55895,55923,28,N
7778,55893,55923,30,S
7785,55915,55926,11,N
7784,55915,55926,11,S
7788,55935,55935,0,N
7790,55937,55938,1,S
7794,55955,55956,1,N
7796,55959,55959,0,S
7787,55926,55965,39,E
7786,55925,55965,40,W
7791,55940,55968,28,E
7789,55936,55968,32,W
7793,55954,55971,17,E
7792,55947,55971,24,W
7797,55968,55974,6,E
7795,55958,55974,16,W
7798,55969,55977,8,W
7800,55980,55980,0,W
7802,55982,55983,1,E
7803,55991,55992,1,W
7805,55996,55998,2,E
7806,56002,56004,2,W
7808,56010,56010,0,E
7809,56013,56013,0,W
7799,55975,56025,50,N
7801,55981,56025,44,S
7804,55995,56028,33,N
7807,56003,56028,25,S
7810,56015,56031,16,N
7813,56025,56031,6,S
7814,56035,56037,2,N
7818,56047,56049,2,S
7820,56055,56055,0,N
7811,56024,56070,46,E
7812,56024,56070,46,W
7816,56038,56073,35,E
7815,56035,56073,38,W
7819,56052,56076,24,E
7817,56046,56076,30,W
7822,56066,56079,13,E
7821,56057,56079,22,W
7827,56080,56082,2,E
7823,56068,56082,14,W
7826,56079,56085,6,W
7828,56090,56091,1,W
7830,56094,56094,0,E
7832,56101,56103,2,W
7833,56108,56109,1,E
7834,56112,56112,0,W
7837,56122,56124,2,E
7838,56123,56124,1,W
7825,56075,56130,55,N
7824,56069,56130,61,S
7831,56095,56133,38,N
7829,56091,56133,42,S
7836,56115,56136,21,N
7835,56113,56136,23,S
7841,56135,56139,4,N
7840,56135,56139,4,S
7845,56155,56157,2,N
7847,56157,56157,0,S
7842,56136,56175,39,E
7839,56134,56175,41,W
7844,56150,56178,28,E
7843,56145,56178,33,W
7848,56164,56181,17,E
7846,56156,56181,25,W
7851,56178,56184,6,E
7849,56167,56184,17,W
7852,56178,56187,9,W
7854,56189,56190,1,W
7855,56192,56193,1,E
7857,56200,56202,2,W
7859,56206,56208,2,E
7860,56211,56211,0,W
7862,56220,56220,0,E
7863,56222,56223,1,W
7850,56175,56235,60,N
7853,56179,56235,56,S
7856,56195,56238,43,N
7858,56201,56238,37,S
7861,56215,56241,26,N
7864,56223,56241,18,S
7867,56235,56244,9,N
7869,56245,56247,2,S
7871,56255,56256,1,N
7875,56267,56268,1,S
7876,56275,56277,2,N
7866,56234,56280,46,E
7865,56233,56280,47,W
7870,56248,56283,35,E
7868,56244,56283,39,W
7873,56262,56286,24,E
7872,56255,56286,31,W
7877,56276,56289,13,E
7874,56266,56289,23,W
7881,56290,56292,2,E
7878,56277,56292,15,W
7879,56288,56295,7,W
7883,56299,56301,2,W
7884,56304,56304,0,E
7885,56310,56310,0,W
7888,56318,56319,1,E
7889,56321,56322,1,W
7890,56332,56334,2,E
7891,56332,56334,2,W
7882,56295,56340,45,N
7880,56289,56340,51,S
7887,56315,56343,28,N
7886,56311,56343,32,S
7893,56335,56346,11,N
7892,56333,56346,13,S
7898,56355,56355,0,N
7897,56355,56355,0,S
7902,56375,56376,1,N
7904,56377,56379,2,S
7895,56346,56385,39,E
7894,56343,56385,42,W
7899,56360,56388,28,E
7896,56354,56388,34,W
7901,56374,56391,17,E
7900,56365,56391,26,W
7906,56388,56394,6,E
7903,56376,56394,18,W
7905,56387,56397,10,W
7908,56398,56400,2,W
7910,56402,56403,1,E
7911,56409,56409,0,W
7913,56416,56418,2,E
7914,56420,56421,1,W
7916,56430,56430,0,E
7917,56431,56433,2,W
7919,56442,56442,0,W
7907,56395,56445,50,N
7909,56399,56445,46,S
7912,56415,56448,33,N
7915,56421,56448,27,S
7918,56435,56451,16,N
7920,56443,56451,8,S
7923,56455,56457,2,N
7926,56465,56466,1,S
7928,56475,56475,0,N
7932,56487,56487,0,S
7921,56444,56490,46,E
7922,56453,56490,37,W
7924,56458,56493,35,E
7925,56464,56493,29,W
7927,56472,56496,24,E
7929,56475,56496,21,W
7930,56486,56499,13,E
7931,56486,56499,13,W
7935,56500,56502,2,E
7934,56497,56502,5,W
7936,56508,56508,0,W
7938,56514,56514,0,E
7940,56519,56520,1,W
7941,56528,56529,1,E
7942,56530,56532,2,W
7945,56541,56541,0,W
7946,56542,56544,2,E
7933,56495,56550,55,N
7937,56509,56550,41,S
7939,56515,56553,38,N
7943,56531,56553,22,S
7944,56535,56556,21,N
7948,56553,56556,3,S
7949,56555,56559,4,N
7955,56575,56577,2,N
7954,56575,56577,2,S
7950,56556,56595,39,E
7947,56552,56595,43,W
7952,56570,56598,28,E
7951,56563,56598,35,W
7956,56584,56601,17,E
7953,56574,56601,27,W
7961,56598,56604,6,E
7957,56585,56604,19,W
7959,56596,56607,11,W
7962,56607,56610,3,W
7963,56612,56613,1,E
7965,56618,56619,1,W
7967,56626,56628,2,E
7968,56629,56631,2,W
7970,56640,56640,0,E
7971,56640,56640,0,W
7973,56651,56652,1,W
7958,56595,56655,60,N
7960,56597,56655,58,S
7964,56615,56658,43,N
7966,56619,56658,39,S
7969,56635,56661,26,N
7972,56641,56661,20,S
7975,56655,56664,9,N
7977,56663,56664,1,S
7980,56675,56676,1,N
7983,56685,56685,0,S
7984,56695,56697,2,N
7974,56654,56700,46,E
7976,56662,56700,38,W
7978,56668,56703,35,E
7979,56673,56703,30,W
7981,56682,56706,24,E
7982,56684,56706,22,W
7986,56696,56709,13,E
7985,56695,56709,14,W
7989,56710,56712,2,E
7987,56706,56712,6,W
7991,56717,56718,1,W
7992,56724,56724,0,E
7993,56728,56730,2,W
7996,56738,56739,1,E
7997,56739,56739,0,W
7998,56750,56751,1,W
8000,56752,56754,2,E
7990,56715,56760,45,N
7988,56707,56760,53,S
7995,56735,56763,28,N
7994,56729,56763,34,S
8001,56755,56766,11,N
7999,56751,56766,15,S
8006,56775,56775,0,N
8005,56773,56775,2,S
8012,56795,56796,1,N
8011,56795,56796,1,S
8003,56766,56805,39,E
8002,56761,56805,44,W
8007,56780,56808,28,E
8004,56772,56808,36,W
8009,56794,56811,17,E
8008,56783,56811,28,W
8014,56808,56814,6,E
8010,56794,56814,20,W
8013,56805,56817,12,W
8016,56816,56820,4,W
8018,56822,56823,1,E
8019,56827,56829,2,W
8021,56836,56838,2,E
8022,56838,56838,0,W
8025,56850,56850,0,E
8024,56849,56850,1,W
8027,56860,56862,2,W
8015,56815,56865,50,N
8017,56817,56865,48,S
8020,56835,56868,33,N
8023,56839,56868,29,S
8026,56855,56871,16,N
8028,56861,56871,10,S
8031,56875,56877,2,N
8034,56883,56883,0,S
8037,56895,56895,0,N
8039,56905,56907,2,S
8029,56864,56910,46,E
8030,56871,56910,39,W
8032,56878,56913,35,E
8033,56882,56913,31,W
8035,56892,56916,24,E
8036,56893,56916,23,W
8040,56906,56919,13,E
8038,56904,56919,15,W
8043,56920,56922,2,E
8042,56915,56922,7,W
8044,56926,56928,2,W
8046,56934,56934,0,E
8048,56937,56937,0,W
8049,56948,56949,1,E
8050,56948,56949,1,W
8053,56959,56961,2,W
8054,56962,56964,2,E
8041,56915,56970,55,N
8045,56927,56970,43,S
8047,56935,56973,38,N
8051,56949,56973,24,S
8052,56955,56976,21,N
8056,56971,56976,5,S
8057,56975,56979,4,N
8062,56993,56994,1,S
8063,56995,56997,2,N
8058,56976,57015,39,E
8055,56970,57015,45,W
8060,56990,57018,28,E
8059,56981,57018,37,W
8065,57004,57021,17,E
8061,56992,57021,29,W
8069,57018,57024,6,E
8064,57003,57024,21,W
8066,57014,57027,13,W
8070,57025,57030,5,W
8071,57032,57033,1,E
8073,57036,57036,0,W
8075,57046,57048,2,E
8076,57047,57048,1,W
8080,57060,57060,0,E
8078,57058,57060,2,W
8081,57069,57069,0,W
8068,57015,57075,60,N
8067,57015,57075,60,S
8072,57035,57078,43,N
8074,57037,57078,41,S
8077,57055,57081,26,N
8079,57059,57081,22,S
8083,57075,57084,9,N
8085,57081,57084,3,S
8088,57095,57096,1,N
8091,57103,57105,2,S
8093,57115,57117,2,N
8082,57074,57120,46,E
8084,57080,57120,40,W
8086,57088,57123,35,E
8087,57091,57123,32,W
8089,57102,57126,24,E
8090,57102,57126,24,W
8094,57116,57129,13,E
8092,57113,57129,16,W
8097,57130,57132,2,E
8095,57124,57132,8,W
8099,57135,57135,0,W
8100,57144,57144,0,E
8101,57146,57147,1,W
8105,57158,57159,1,E
8104,57157,57159,2,W
8106,57168,57168,0,W
8108,57172,57174,2,E
8098,57135,57180,45,N
8096,57125,57180,55,S
8103,57155,57183,28,N
8102,57147,57183,36,S
8109,57175,57186,11,N
8107,57169,57186,17,S
8113,57191,57192,1,S
8114,57195,57195,0,N
8118,57213,57213,0,S
8120,57215,57216,1,N
8111,57186,57225,39,E
8110,57179,57225,46,W
8115,57200,57228,28,E
8112,57190,57228,38,W
8119,57214,57231,17,E
8116,57201,57231,30,W
8122,57228,57234,6,E
8117,57212,57234,22,W
8121,57223,57237,14,W
8123,57234,57240,6,W
8126,57242,57243,1,E
8127,57245,57246,1,W
8129,57256,57258,2,E
8130,57256,57258,2,W
8132,57267,57267,0,W
8133,57270,57270,0,E
8135,57278,57279,1,W
8125,57235,57285,50,N
8124,57235,57285,50,S
8128,57255,57288,33,N
8131,57257,57288,31,S
8134,57275,57291,16,N
8136,57279,57291,12,S
8139,57295,57297,2,N
8142,57301,57303,2,S
8145,57315,57315,0,N
8147,57323,57324,1,S
8137,57284,57330,46,E
8138,57289,57330,41,W
8140,57298,57333,35,E
8141,57300,57333,33,W
8144,57312,57336,24,E
8143,57311,57336,25,W
8148,57326,57339,13,E
8146,57322,57339,17,W
8151,57340,57342,2,E
8149,57333,57342,9,W
8152,57344,57345,1,W
8154,57354,57354,0,E
8156,57355,57357,2,W
8157,57366,57366,0,W
8159,57368,57369,1,E
8161,57377,57378,1,W
8162,57382,57384,2,E
8150,57335,57390,55,N
8153,57345,57390,45,S
8155,57355,57393,38,N
8158,57367,57393,26,S
8160,57375,57396,21,N
8164,57389,57396,7,S
8165,57395,57399,4,N
8170,57411,57411,0,S
8171,57415,57417,2,N
8166,57396,57435,39,E
8163,57388,57435,47,W
8168,57410,57438,28,E
8167,57399,57438,39,W
8173,57424,57441,17,E
8169,57410,57441,31,W
8177,57438,57444,6,E
8172,57421,57444,23,W
8174,57432,57447,15,W
8178,57443,57450,7,W
8179,57452,57453,1,E
8180,57454,57456,2,W
8183,57465,57465,0,W
8184,57466,57468,2,E
8186,57476,57477,1,W
8188,57480,57480,0,E
8189,57487,57489,2,W
8176,57435,57495,60,N
8175,57433,57495,62,S
8182,57455,57498,43,N
8181,57455,57498,43,S
8185,57475,57501,26,N
8187,57477,57501,24,S
8191,57495,57504,9,N
8193,57499,57504,5,S
8196,57515,57516,1,N
8198,57521,57522,1,S
8201,57535,57537,2,N
8190,57494,57540,46,E
8192,57498,57540,42,W
8194,57508,57543,35,E
8195,57509,57543,34,W
8199,57522,57546,24,E
8197,57520,57546,26,W
8202,57536,57549,13,E
8200,57531,57549,18,W
8205,57550,57552,2,E
8203,57542,57552,10,W
8206,57553,57555,2,W
8208,57564,57564,0,E
8209,57564,57564,0,W
8212,57575,57576,1,W
8213,57578,57579,1,E
8214,57586,57588,2,W
8216,57592,57594,2,E
8218,57597,57597,0,W
8207,57555,57600,45,N
8204,57543,57600,57,S
8211,57575,57603,28,N
8210,57565,57603,38,S
8217,57595,57606,11,N
8215,57587,57606,19,S
8221,57609,57609,0,S
8222,57615,57615,0,N
8226,57629,57630,1,S
8228,57633,57633,0,N
8219,57606,57645,39,E
8220,57608,57645,37,W
8223,57618,57648,30,E
8224,57618,57648,30,W
8227,57630,57651,21,E
8225,57628,57651,23,W
8230,57642,57654,12,E
8229,57638,57654,16,W
8234,57654,57657,3,E
8231,57648,57657,9,W
8235,57658,57660,2,W
8236,57666,57666,0,E
8237,57668,57669,1,W
8240,57678,57678,0,E
8241,57678,57678,0,W
8245,57690,57690,0,E
8243,57688,57690,2,W
8246,57698,57699,1,W
8247,57702,57702,0,E
8233,57651,57705,54,N
8232,57649,57705,56,S
8239,57669,57708,39,N
8238,57669,57708,39,S
8242,57687,57711,24,N
8244,57689,57711,22,S
8248,57705,57714,9,N
8250,57709,57714,5,S
8253,57723,57723,0,N
8256,57729,57729,0,S
8259,57741,57741,0,N
8251,57714,57750,36,E
8249,57708,57750,42,W
8254,57726,57753,27,E
8252,57718,57753,35,W
8257,57738,57756,18,E
8255,57728,57756,28,W
8262,57750,57759,9,E
8258,57738,57759,21,W
8265,57762,57762,0,E
8260,57748,57762,14,W
8263,57758,57765,7,W
8266,57768,57768,0,W
8268,57774,57774,0,E
8270,57778,57780,2,W
8271,57786,57786,0,E
8272,57788,57789,1,W
8275,57798,57798,0,E
8276,57798,57798,0,W
8264,57759,57810,51,N
8261,57749,57810,61,S
8269,57777,57813,36,N
8267,57769,57813,44,S
8274,57795,57816,21,N
8273,57789,57816,27,S
8280,57813,57819,6,N
8278,57809,57819,10,S
8285,57831,57831,0,N
8284,57829,57831,2,S
8291,57849,57849,0,N
8290,57849,57849,0,S
8279,57810,57855,45,E
8277,57808,57855,47,W
8282,57822,57858,36,E
8281,57818,57858,40,W
8286,57834,57861,27,E
8283,57828,57861,33,W
8288,57846,57864,18,E
8287,57838,57864,26,W
8292,57858,57867,9,E
8289,57848,57867,19,W
8297,57870,57870,0,E
8293,57858,57870,12,W
8295,57868,57873,5,W
8298,57878,57879,1,W
8299,57882,57882,0,E
8301,57888,57888,0,W
8303,57894,57894,0,E
8304,57898,57900,2,W
8306,57906,57906,0,E
8307,57908,57909,1,W
8294,57867,57915,48,N
8296,57869,57915,46,S
8300,57885,57918,33,N
8302,57889,57918,29,S
8305,57903,57921,18,N
8308,57909,57921,12,S
8311,57921,57924,3,N
8313,57929,57930,1,S
8316,57939,57939,0,N
8319,57949,57951,2,S
8321,57957,57957,0,N
8309,57918,57960,42,E
8310,57918,57960,42,W
8314,57930,57963,33,E
8312,57928,57963,35,W
8317,57942,57966,24,E
8315,57938,57966,28,W
8320,57954,57969,15,E
8318,57948,57969,21,W
8323,57966,57972,6,E
8322,57958,57972,14,W
8324,57968,57975,7,W
8327,57978,57978,0,E
8328,57978,57978,0,W
8331,57990,57990,0,E
8329,57988,57990,2,W
8333,57998,57999,1,W
8334,58002,58002,0,E
8335,58008,58008,0,W
8338,58014,58014,0,E
8326,57975,58020,45,N
8325,57969,58020,51,S
8332,57993,58023,30,N
8330,57989,58023,34,S
8337,58011,58026,15,N
8336,58009,58026,17,S
8343,58029,58029,0,N
8342,58029,58029,0,S
8346,58047,58047,0,N
8348,58049,58050,1,S
8340,58026,58065,39,E
8339,58018,58065,47,W
8344,58038,58068,30,E
8341,58028,58068,40,W
8349,58050,58071,21,E
8345,58038,58071,33,W
8351,58062,58074,12,E
8347,58048,58074,26,W
8355,58074,58077,3,E
8350,58058,58077,19,W
8353,58068,58080,12,W
8356,58078,58083,5,W
8358,58086,58086,0,E
8359,58088,58089,1,W
8361,58098,58098,0,E
8362,58098,58098,0,W
8366,58110,58110,0,E
8364,58108,58110,2,W
8367,58118,58119,1,W
8369,58122,58122,0,E
8352,58065,58125,60,N
8354,58069,58125,56,S
8357,58083,58128,45,N
8360,58089,58128,39,S
8363,58101,58131,30,N
8365,58109,58131,22,S
8368,58119,58134,15,N
8371,58129,58134,5,S
8373,58137,58137,0,N
8377,58149,58149,0,S
8378,58155,58155,0,N
8372,58134,58170,36,E
8370,58128,58170,42,W
8375,58146,58173,27,E
8374,58138,58173,35,W
8379,58158,58176,18,E
8376,58148,58176,28,W
8383,58170,58179,9,E
8380,58158,58179,21,W
8386,58182,58182,0,E
8381,58168,58182,14,W
8385,58178,58185,7,W
8387,58188,58188,0,W
8390,58194,58194,0,E
8391,58198,58200,2,W
8392,58206,58206,0,E
8393,58208,58209,1,W
8396,58218,58218,0,E
8397,58218,58218,0,W
8384,58173,58230,57,N
8382,58169,58230,61,S
8389,58191,58233,42,N
8388,58189,58233,44,S
8395,58209,58236,27,N
8394,58209,58236,27,S
8398,58227,58239,12,N
8400,58229,58239,10,S
8404,58245,58245,0,N
8406,58249,58251,2,S
8409,58263,58263,0,N
8412,58269,58269,0,S
8401,58230,58275,45,E
8399,58228,58275,47,W
8403,58242,58278,36,E
8402,58238,58278,40,W
8407,58254,58281,27,E
8405,58248,58281,33,W
8410,58266,58284,18,E
8408,58258,58284,26,W
8413,58278,58287,9,E
8411,58268,58287,19,W
8418,58290,58290,0,E
8414,58278,58290,12,W
8416,58288,58293,5,W
8419,58298,58299,1,W
8421,58302,58302,0,E
8422,58308,58308,0,W
8424,58314,58314,0,E
8426,58318,58320,2,W
8427,58326,58326,0,E
8428,58328,58329,1,W
8415,58281,58335,54,N
8417,58289,58335,46,S
8420,58299,58338,39,N
8423,58309,58338,29,S
8425,58317,58341,24,N
8429,58329,58341,12,S
8430,58335,58344,9,N
8434,58349,58350,1,S
8436,58353,58353,0,N
8441,58371,58371,0,N
8440,58369,58371,2,S
8431,58338,58380,42,E
8432,58338,58380,42,W
8435,58350,58383,33,E
8433,58348,58383,35,W
8438,58362,58386,24,E
8437,58358,58386,28,W
8442,58374,58389,15,E
8439,58368,58389,21,W
8444,58386,58392,6,E
8443,58378,58392,14,W
8445,58388,58395,7,W
8448,58398,58398,0,E
8449,58398,58398,0,W
8453,58410,58410,0,E
8451,58408,58410,2,W
8454,58418,58419,1,W
8455,58422,58422,0,E
8457,58428,58428,0,W
8459,58434,58434,0,E
8447,58389,58440,51,N
8446,58389,58440,51,S
8450,58407,58443,36,N
8452,58409,58443,34,S
8456,58425,58446,21,N
8458,58429,58446,17,S
8461,58443,58449,6,N
8464,58449,58449,0,S
8467,58461,58461,0,N
8469,58469,58470,1,S
8472,58479,58479,0,N
8462,58446,58485,39,E
8460,58438,58485,47,W
8465,58458,58488,30,E
8463,58448,58488,40,W
8470,58470,58491,21,E
8466,58458,58491,33,W
8473,58482,58494,12,E
8468,58468,58494,26,W
8476,58494,58497,3,E
8471,58478,58497,19,W
8474,58488,58500,12,W
8478,58498,58503,5,W
8479,58506,58506,0,E
8480,58508,58509,1,W
8483,58518,58518,0,E
8484,58518,58518,0,W
8487,58530,58530,0,E
8485,58528,58530,2,W
8489,58538,58539,1,W
8490,58542,58542,0,E
8477,58497,58545,48,N
8475,58489,58545,56,S
8482,58515,58548,33,N
8481,58509,58548,39,S
8488,58533,58551,18,N
8486,58529,58551,22,S
8493,58551,58554,3,N
8492,58549,58554,5,S
8499,58569,58569,0,N
8498,58569,58569,0,S
8502,58587,58587,0,N
8494,58554,58590,36,E
8491,58548,58590,42,W
8496,58566,58593,27,E
8495,58558,58593,35,W
8500,58578,58596,18,E
8497,58568,58596,28,W
8505,58590,58599,9,E
8501,58578,58599,21,W
8507,58602,58602,0,E
8503,58588,58602,14,W
8506,58598,58605,7,W
8509,58608,58608,0,W
8511,58614,58614,0,E
8512,58618,58620,2,W
8514,58626,58626,0,E
8515,58628,58629,1,W
8517,58638,58638,0,E
8518,58638,58638,0,W
8508,58605,58650,45,N
8504,58589,58650,61,S
8513,58623,58653,30,N
8510,58609,58653,44,S
8519,58641,58656,15,N
8516,58629,58656,27,S
8524,58659,58659,0,N
8521,58649,58659,10,S
8527,58669,58671,2,S
8529,58677,58677,0,N
8533,58689,58689,0,S
8522,58650,58695,45,E
8520,58648,58695,47,W
8525,58662,58698,36,E
8523,58658,58698,40,W
8528,58674,58701,27,E
8526,58668,58701,33,W
8531,58686,58704,18,E
8530,58678,58704,26,W
8535,58698,58707,9,E
8532,58688,58707,19,W
8539,58710,58710,0,E
8536,58698,58710,12,W
8537,58708,58713,5,W
8541,58718,58719,1,W
8542,58722,58722,0,E
8543,58728,58728,0,W
8546,58734,58734,0,E
8547,58738,58740,2,W
8548,58746,58746,0,E
8549,58748,58749,1,W
8534,58695,58755,60,N
8538,58709,58755,46,S
8540,58713,58758,45,N
8544,58729,58758,29,S
8545,58731,58761,30,N
8550,58749,58761,12,S
8551,58749,58764,15,N
8554,58767,58767,0,N
8556,58769,58770,1,S
8560,58785,58785,0,N
8562,58789,58791,2,S
8552,58758,58800,42,E
8553,58758,58800,42,W
8557,58770,58803,33,E
8555,58768,58803,35,W
8559,58782,58806,24,E
8558,58778,58806,28,W
8563,58794,58809,15,E
8561,58788,58809,21,W
8566,58806,58812,6,E
8564,58798,58812,14,W
8567,58808,58815,7,W
8569,58818,58818,0,E
8570,58818,58818,0,W
8574,58830,58830,0,E
8572,58828,58830,2,W
8575,58838,58839,1,W
8577,58842,58842,0,E
8578,58848,58848,0,W
8580,58854,58854,0,E
8565,58803,58860,57,N
8568,58809,58860,51,S
8571,58821,58863,42,N
8573,58829,58863,34,S
8576,58839,58866,27,N
8579,58849,58866,17,S
8581,58857,58869,12,N
8585,58869,58869,0,S
8586,58875,58875,0,N
8590,58889,58890,1,S
8592,58893,58893,0,N
8583,58866,58905,39,E
8582,58858,58905,47,W
8587,58878,58908,30,E
8584,58868,58908,40,W
8591,58890,58911,21,E
8588,58878,58911,33,W
8594,58902,58914,12,E
8589,58888,58914,26,W
8598,58914,58917,3,E
8593,58898,58917,19,W
8595,58908,58920,12,W
8599,58918,58923,5,W
8600,58926,58926,0,E
8601,58928,58929,1,W
8604,58938,58938,0,E
8605,58938,58938,0,W
8609,58950,58950,0,E
8607,58948,58950,2,W
8610,58958,58959,1,W
8611,58962,58962,0,E
8597,58911,58965,54,N
8596,58909,58965,56,S
8603,58929,58968,39,N
8602,58929,58968,39,S
8606,58947,58971,24,N
8608,58949,58971,22,S
8612,58965,58974,9,N
8614,58969,58974,5,S
8617,58983,58983,0,N
8620,58989,58989,0,S
8623,59001,59001,0,N
8615,58974,59010,36,E
8613,58968,59010,42,W
8618,58986,59013,27,E
8616,58978,59013,35,W
8621,58998,59016,18,E
8619,58988,59016,28,W
8626,59010,59019,9,E
8622,58998,59019,21,W
8629,59022,59022,0,E
8624,59008,59022,14,W
8627,59018,59025,7,W
8630,59028,59028,0,W
8632,59034,59034,0,E
8634,59038,59040,2,W
8635,59046,59046,0,E
8636,59048,59049,1,W
8639,59058,59058,0,E
8640,59058,59058,0,W
8628,59019,59070,51,N
8625,59009,59070,61,S
8633,59037,59073,36,N
8631,59029,59073,44,S
8638,59055,59076,21,N
8637,59049,59076,27,S
8644,59073,59079,6,N
8642,59069,59079,10,S
8649,59091,59091,0,N
8648,59089,59091,2,S
8655,59109,59109,0,N
8654,59109,59109,0,S
8643,59070,59115,45,E
8641,59068,59115,47,W
8646,59082,59118,36,E
8645,59078,59118,40,W
8650,59094,59121,27,E
8647,59088,59121,33,W
8652,59106,59124,18,E
8651,59098,59124,26,W
8656,59118,59127,9,E
8653,59108,59127,19,W
8661,59130,59130,0,E
8657,59118,59130,12,W
8659,59128,59133,5,W
8662,59138,59139,1,W
8663,59142,59142,0,E
8665,59148,59148,0,W
8667,59154,59154,0,E
8668,59158,59160,2,W
8670,59166,59166,0,E
8671,59168,59169,1,W
8658,59127,59175,48,N
8660,59129,59175,46,S
8664,59145,59178,33,N
8666,59149,59178,29,S
8669,59163,59181,18,N
8672,59169,59181,12,S
8675,59181,59184,3,N
8677,59189,59190,1,S
8680,59199,59199,0,N
8683,59209,59211,2,S
8685,59217,59217,0,N
8673,59178,59220,42,E
8674,59178,59220,42,W
8678,59190,59223,33,E
8676,59188,59223,35,W
8681,59202,59226,24,E
8679,59198,59226,28,W
8684,59214,59229,15,E
8682,59208,59229,21,W
8687,59226,59232,6,E
8686,59218,59232,14,W
8688,59228,59235,7,W
8691,59238,59238,0,E
8692,59238,59238,0,W
8695,59250,59250,0,E
8693,59248,59250,2,W
8697,59258,59259,1,W
8698,59262,59262,0,E
8699,59268,59268,0,W
8702,59274,59274,0,E
8690,59235,59280,45,N
8689,59229,59280,51,S
8696,59253,59283,30,N
8694,59249,59283,34,S
8701,59271,59286,15,N
8700,59269,59286,17,S
8707,59289,59289,0,N
8706,59289,59289,0,S
8710,59307,59307,0,N
8712,59309,59310,1,S
8704,59286,59325,39,E
8703,59278,59325,47,W
8708,59298,59328,30,E
8705,59288,59328,40,W
8713,59310,59331,21,E
8709,59298,59331,33,W
8715,59322,59334,12,E
8711,59308,59334,26,W
8719,59334,59337,3,E
8714,59318,59337,19,W
8717,59328,59340,12,W
8720,59338,59343,5,W
8722,59346,59346,0,E
8723,59348,59349,1,W
8725,59358,59358,0,E
8726,59358,59358,0,W
8730,59370,59370,0,E
8728,59368,59370,2,W
8731,59378,59379,1,W
8733,59382,59382,0,E
8716,59325,59385,60,N
8718,59329,59385,56,S
8721,59343,59388,45,N
8724,59349,59388,39,S
8727,59361,59391,30,N
8729,59369,59391,22,S
8732,59379,59394,15,N
8735,59389,59394,5,S
8737,59397,59397,0,N
8741,59409,59409,0,S
8742,59415,59415,0,N
8736,59394,59430,36,E
8734,59388,59430,42,W
8739,59406,59433,27,E
8738,59398,59433,35,W
8743,59418,59436,18,E
8740,59408,59436,28,W
8747,59430,59439,9,E
8744,59418,59439,21,W
8750,59442,59442,0,E
8745,59428,59442,14,W
8749,59438,59445,7,W
8751,59448,59448,0,W
8754,59454,59454,0,E
8755,59458,59460,2,W
8756,59466,59466,0,E
8757,59468,59469,1,W
8760,59478,59478,0,E
8761,59478,59478,0,W
8748,59433,59490,57,N
8746,59429,59490,61,S
8753,59451,59493,42,N
8752,59449,59493,44,S
8759,59469,59496,27,N
8758,59469,59496,27,S
8762,59487,59499,12,N
8764,59489,59499,10,S
8768,59505,59505,0,N
8770,59509,59511,2,S
8773,59523,59523,0,N
8776,59529,59529,0,S
8765,59490,59535,45,E
8763,59488,59535,47,W
8767,59502,59538,36,E
8766,59498,59538,40,W
8771,59514,59541,27,E
8769,59508,59541,33,W
8774,59526,59544,18,E
8772,59518,59544,26,W
8777,59538,59547,9,E
8775,59528,59547,19,W
8782,59550,59550,0,E
8778,59538,59550,12,W
8780,59548,59553,5,W
8783,59558,59559,1,W
8785,59562,59562,0,E
8786,59568,59568,0,W
8788,59574,59574,0,E
8790,59578,59580,2,W
8791,59586,59586,0,E
8792,59588,59589,1,W
8779,59541,59595,54,N
8781,59549,59595,46,S
8784,59559,59598,39,N
8787,59569,59598,29,S
8789,59577,59601,24,N
8793,59589,59601,12,S
8794,59595,59604,9,N
8798,59609,59610,1,S
8800,59613,59613,0,N
8805,59631,59631,0,N
8804,59629,59631,2,S
8795,59598,59640,42,E
8796,59598,59640,42,W
8799,59610,59643,33,E
8797,59608,59643,35,W
8802,59622,59646,24,E
8801,59618,59646,28,W
8806,59634,59649,15,E
8803,59628,59649,21,W
8808,59646,59652,6,E
8807,59638,59652,14,W
8809,59648,59655,7,W
8812,59658,59658,0,E
8813,59658,59658,0,W
8817,59670,59670,0,E
8815,59668,59670,2,W
8818,59678,59679,1,W
8819,59682,59682,0,E
8821,59688,59688,0,W
8823,59694,59694,0,E
8811,59649,59700,51,N
8810,59649,59700,51,S
8814,59667,59703,36,N
8816,59669,59703,34,S
8820,59685,59706,21,N
8822,59689,59706,17,S
8825,59703,59709,6,N
8828,59709,59709,0,S
8831,59721,59721,0,N
8833,59729,59730,1,S
8836,59739,59739,0,N
8826,59706,59745,39,E
8824,59698,59745,47,W
8829,59718,59748,30,E
8827,59708,59748,40,W
8834,59730,59751,21,E
8830,59718,59751,33,W
8837,59742,59754,12,E
8832,59728,59754,26,W
8840,59754,59757,3,E
8835,59738,59757,19,W
8838,59748,59760,12,W
8842,59758,59763,5,W
8843,59766,59766,0,E
8844,59768,59769,1,W
8847,59778,59778,0,E
8848,59778,59778,0,W
8851,59790,59790,0,E
8849,59788,59790,2,W
8853,59798,59799,1,W
8854,59802,59802,0,E
8841,59757,59805,48,N
8839,59749,59805,56,S
8846,59775,59808,33,N
8845,59769,59808,39,S
8852,59793,59811,18,N
8850,59789,59811,22,S
8857,59811,59814,3,N
8856,59809,59814,5,S
8863,59829,59829,0,N
8862,59829,59829,0,S
8866,59847,59847,0,N
8858,59814,59850,36,E
8855,59808,59850,42,W
8860,59826,59853,27,E
8859,59818,59853,35,W
8864,59838,59856,18,E
8861,59828,59856,28,W
8869,59850,59859,9,E
8865,59838,59859,21,W
8871,59862,59862,0,E
8867,59848,59862,14,W
8870,59858,59865,7,W
8873,59868,59868,0,W
8875,59874,59874,0,E
8876,59878,59880,2,W
8878,59886,59886,0,E
8879,59888,59889,1,W
8881,59898,59898,0,E
8882,59898,59898,0,W
8872,59865,59910,45,N
8868,59849,59910,61,S
8877,59883,59913,30,N
8874,59869,59913,44,S
8883,59901,59916,15,N
8880,59889,59916,27,S
8888,59919,59919,0,N
8885,59909,59919,10,S
8891,59929,59931,2,S
8893,59937,59937,0,N
8897,59949,59949,0,S
8886,59910,59955,45,E
8884,59908,59955,47,W
8889,59922,59958,36,E
8887,59918,59958,40,W
8892,59934,59961,27,E
8890,59928,59961,33,W
8895,59946,59964,18,E
8894,59938,59964,26,W
8899,59958,59967,9,E
8896,59948,59967,19,W
8903,59970,59970,0,E
8900,59958,59970,12,W
8901,59968,59973,5,W
8905,59978,59979,1,W
8906,59982,59982,0,E
8907,59988,59988,0,W
8910,59994,59994,0,E
8911,59998,60000,2,W
8912,60006,60006,0,E
8913,60008,60009,1,W
8898,59955,60015,60,N
8902,59969,60015,46,S
8904,59973,60018,45,N
8908,59989,60018,29,S
8909,59991,60021,30,N
8914,60009,60021,12,S
8915,60009,60024,15,N
8918,60027,60027,0,N
8920,60029,60030,1,S
8924,60045,60045,0,N
8926,60049,60051,2,S
8916,60018,60060,42,E
8917,60018,60060,42,W
8921,60030,60063,33,E
8919,60028,60063,35,W
8923,60042,60066,24,E
8922,60038,60066,28,W
8927,60054,60069,15,E
8925,60048,60069,21,W
8930,60066,60072,6,E
8928,60058,60072,14,W
8931,60068,60075,7,W
8933,60078,60078,0,E
8934,60078,60078,0,W
8938,60090,60090,0,E
8936,60088,60090,2,W
8939,60098,60099,1,W
8941,60102,60102,0,E
8942,60108,60108,0,W
8944,60114,60114,0,E
8929,60063,60120,57,N
8932,60069,60120,51,S
8935,60081,60123,42,N
8937,60089,60123,34,S
8940,60099,60126,27,N
8943,60109,60126,17,S
8945,60117,60129,12,N
8949,60129,60129,0,S
8950,60135,60135,0,N
8954,60149,60150,1,S
8956,60153,60153,0,N
8947,60126,60165,39,E
8946,60118,60165,47,W
8951,60138,60168,30,E
8948,60128,60168,40,W
8955,60150,60171,21,E
8952,60138,60171,33,W
8958,60162,60174,12,E
8953,60148,60174,26,W
8962,60174,60177,3,E
8957,60158,60177,19,W
8959,60168,60180,12,W
8963,60178,60183,5,W
8964,60186,60186,0,E
8965,60188,60189,1,W
8968,60198,60198,0,E
8969,60198,60198,0,W
8973,60210,60210,0,E
8971,60208,60210,2,W
8974,60218,60219,1,W
8975,60222,60222,0,E
8961,60171,60225,54,N
8960,60169,60225,56,S
8967,60189,60228,39,N
8966,60189,60228,39,S
8970,60207,60231,24,N
8972,60209,60231,22,S
8976,60225,60234,9,N
8978,60229,60234,5,S
8981,60243,60243,0,N
8984,60249,60249,0,S
8987,60261,60261,0,N
8979,60234,60270,36,E
8977,60228,60270,42,W
8982,60246,60273,27,E
8980,60238,60273,35,W
8985,60258,60276,18,E
8983,60248,60276,28,W
8990,60270,60279,9,E
8986,60258,60279,21,W
8993,60282,60282,0,E
8988,60268,60282,14,W
8991,60278,60285,7,W
8994,60288,60288,0,W
8996,60294,60294,0,E
8998,60298,60300,2,W
8999,60306,60306,0,E
9000,60308,60309,1,W
9003,60318,60318,0,E
9004,60318,60318,0,W
8992,60279,60330,51,N
8989,60269,60330,61,S
8997,60297,60333,36,N
8995,60289,60333,44,S
9002,60315,60336,21,N
9001,60309,60336,27,S
9008,60333,60339,6,N
9006,60329,60339,10,S
9013,60351,60351,0,N
9012,60349,60351,2,S
9019,60369,60369,0,N
9018,60369,60369,0,S
9007,60330,60375,45,E
9005,60328,60375,47,W
9010,60342,60378,36,E
9009,60338,60378,40,W
9014,60354,60381,27,E
9011,60348,60381,33,W
9016,60366,60384,18,E
9015,60358,60384,26,W
9020,60378,60387,9,E
9017,60368,60387,19,W
9025,60390,60390,0,E
9021,60378,60390,12,W
9023,60388,60393,5,W
9026,60398,60399,1,W
9027,60402,60402,0,E
9029,60408,60408,0,W
9031,60414,60414,0,E
9032,60418,60420,2,W
9034,60426,60426,0,E
9035,60428,60429,1,W
9022,60387,60435,48,N
9024,60389,60435,46,S
9028,60405,60438,33,N
9030,60409,60438,29,S
9033,60423,60441,18,N
9036,60429,60441,12,S
9039,60441,60444,3,N
9041,60449,60450,1,S
9044,60459,60459,0,N
9047,60469,60471,2,S
9049,60477,60477,0,N
9037,60438,60480,42,E
9038,60438,60480,42,W
9042,60450,60483,33,E
9040,60448,60483,35,W
9045,60462,60486,24,E
9043,60458,60486,28,W
9048,60474,60489,15,E
9046,60468,60489,21,W
9051,60486,60492,6,E
9050,60478,60492,14,W
9052,60488,60495,7,W
9055,60498,60498,0,E
9056,60498,60498,0,W
9059,60510,60510,0,E
9057,60508,60510,2,W
9061,60518,60519,1,W
9062,60522,60522,0,E
9063,60528,60528,0,W
9066,60534,60534,0,E
9054,60495,60540,45,N
9053,60489,60540,51,S
9060,60513,60543,30,N
9058,60509,60543,34,S
9065,60531,60546,15,N
9064,60529,60546,17,S
9071,60549,60549,0,N
9070,60549,60549,0,S
9074,60567,60567,0,N
9076,60569,60570,1,S
9068,60546,60585,39,E
9067,60538,60585,47,W
9072,60558,60588,30,E
9069,60548,60588,40,W
9077,60570,60591,21,E
9073,60558,60591,33,W
9079,60582,60594,12,E
9075,60568,60594,26,W
9083,60594,60597,3,E
9078,60578,60597,19,W
9081,60588,60600,12,W
9084,60598,60603,5,W
9086,60606,60606,0,E
9087,60608,60609,1,W
9089,60618,60618,0,E
9090,60618,60618,0,W
9094,60630,60630,0,E
9092,60628,60630,2,W
9095,60638,60639,1,W
9097,60642,60642,0,E
9080,60585,60645,60,N
9082,60589,60645,56,S
9085,60603,60648,45,N
9088,60609,60648,39,S
9091,60621,60651,30,N
9093,60629,60651,22,S
9096,60639,60654,15,N
9099,60649,60654,5,S
9101,60657,60657,0,N
9105,60669,60669,0,S
9106,60675,60675,0,N
9100,60654,60690,36,E
9098,60648,60690,42,W
9103,60666,60693,27,E
9102,60658,60693,35,W
9107,60678,60696,18,E
9104,60668,60696,28,W
9111,60690,60699,9,E
9108,60678,60699,21,W
9114,60702,60702,0,E
9109,60688,60702,14,W
9113,60698,60705,7,W
9115,60708,60708,0,W
9118,60714,60714,0,E
9119,60718,60720,2,W
9120,60726,60726,0,E
9121,60728,60729,1,W
9124,60738,60738,0,E
9125,60738,60738,0,W
9112,60693,60750,57,N
9110,60689,60750,61,S
9117,60711,60753,42,N
9116,60709,60753,44,S
9123,60729,60756,27,N
9122,60729,60756,27,S
9126,60747,60759,12,N
9128,60749,60759,10,S
9132,60765,60765,0,N
9134,60769,60771,2,S
9137,60783,60783,0,N
9140,60789,60789,0,S
9129,60750,60795,45,E
9127,60748,60795,47,W
9131,60762,60798,36,E
9130,60758,60798,40,W
9135,60774,60801,27,E
9133,60768,60801,33,W
9138,60786,60804,18,E
9136,60778,60804,26,W
9141,60798,60807,9,E
9139,60788,60807,19,W
9146,60810,60810,0,E
9142,60798,60810,12,W
9144,60808,60813,5,W
9147,60818,60819,1,W
9149,60822,60822,0,E
9150,60828,60828,0,W
9152,60834,60834,0,E
9154,60838,60840,2,W
9155,60846,60846,0,E
9156,60848,60849,1,W
9143,60801,60855,54,N
9145,60809,60855,46,S
9148,60819,60858,39,N
9151,60829,60858,29,S
9153,60837,60861,24,N
9157,60849,60861,12,S
9158,60855,60864,9,N
9162,60869,60870,1,S
9164,60873,60873,0,N
9169,60891,60891,0,N
9168,60889,60891,2,S
9159,60858,60900,42,E
9160,60858,60900,42,W
9163,60870,60903,33,E
9161,60868,60903,35,W
9166,60882,60906,24,E
9165,60878,60906,28,W
9170,60894,60909,15,E
9167,60888,60909,21,W
9172,60906,60912,6,E
9171,60898,60912,14,W
9173,60908,60915,7,W
9176,60918,60918,0,E
9177,60918,60918,0,W
9181,60930,60930,0,E
9179,60928,60930,2,W
9182,60938,60939,1,W
9183,60942,60942,0,E
9185,60948,60948,0,W
9187,60954,60954,0,E
9175,60909,60960,51,N
9174,60909,60960,51,S
9178,60927,60963,36,N
9180,60929,60963,34,S
9184,60945,60966,21,N
9186,60949,60966,17,S
9189,60963,60969,6,N
9192,60969,60969,0,S
9195,60981,60981,0,N
9197,60989,60990,1,S
9200,60999,60999,0,N
9190,60966,61005,39,E
9188,60958,61005,47,W
9193,60978,61008,30,E
9191,60968,61008,40,W
9198,60990,61011,21,E
9194,60978,61011,33,W
9201,61002,61014,12,E
9196,60988,61014,26,W
9204,61014,61017,3,E
9199,60998,61017,19,W
9202,61008,61020,12,W
9206,61018,61023,5,W
9207,61026,61026,0,E
9208,61028,61029,1,W
9211,61038,61038,0,E
9212,61038,61038,0,W
9215,61050,61050,0,E
9213,61048,61050,2,W
9217,61058,61059,1,W
9218,61062,61062,0,E
9205,61017,61065,48,N
9203,61009,61065,56,S
9210,61035,61068,33,N
9209,61029,61068,39,S
9216,61053,61071,18,N
9214,61049,61071,22,S
9221,61071,61074,3,N
9220,61069,61074,5,S
9227,61089,61089,0,N
9226,61089,61089,0,S
9230,61107,61107,0,N
9222,61074,61110,36,E
9219,61068,61110,42,W
9224,61086,61113,27,E
9223,61078,61113,35,W
9228,61098,61116,18,E
9225,61088,61116,28,W
9233,61110,61119,9,E
9229,61098,61119,21,W
9235,61122,61122,0,E
9231,61108,61122,14,W
9234,61118,61125,7,W
9237,61128,61128,0,W
9239,61134,61134,0,E
9240,61138,61140,2,W
9242,61146,61146,0,E
9243,61148,61149,1,W
9245,61158,61158,0,E
9246,61158,61158,0,W
9236,61125,61170,45,N
9232,61109,61170,61,S
9241,61143,61173,30,N
9238,61129,61173,44,S
9247,61161,61176,15,N
9244,61149,61176,27,S
9252,61179,61179,0,N
9249,61169,61179,10,S
9255,61189,61191,2,S
9257,61197,61197,0,N
9261,61209,61209,0,S
9250,61170,61215,45,E
9248,61168,61215,47,W
9253,61182,61218,36,E
9251,61178,61218,40,W
9256,61194,61221,27,E
9254,61188,61221,33,W
9259,61206,61224,18,E
9258,61198,61224,26,W
9264,61219,61227,8,E
9260,61208,61227,19,W
9263,61218,61230,12,W
9267,61232,61233,1,E
9265,61228,61233,5,W
9269,61238,61239,1,W
9270,61245,61245,0,E
9271,61248,61248,0,W
9274,61258,61260,2,E
9275,61258,61260,2,W
9276,61268,61269,1,W
9277,61271,61272,1,E
9262,61215,61275,60,N
9266,61230,61275,45,S
9268,61234,61278,44,N
9272,61251,61278,27,S
9273,61253,61281,28,N
9278,61272,61281,9,S
9279,61272,61284,12,N
9283,61291,61293,2,N
9284,61293,61293,0,S
9288,61310,61311,1,N
9290,61314,61314,0,S
9281,61284,61320,36,E
9280,61278,61320,42,W
9285,61297,61323,26,E
9282,61288,61323,35,W
9289,61310,61326,16,E
9286,61298,61326,28,W
9292,61323,61329,6,E
9287,61308,61329,21,W
9291,61318,61332,14,W
9293,61328,61335,7,W
9296,61336,61338,2,E
9297,61338,61338,0,W
9300,61349,61350,1,E
9299,61348,61350,2,W
9302,61358,61359,1,W
9303,61362,61362,0,E
9305,61368,61368,0,W
9306,61375,61377,2,E
9294,61329,61380,51,N
9295,61335,61380,45,S
9298,61348,61383,35,N
9301,61356,61383,27,S
9304,61367,61386,19,N
9307,61377,61386,9,S
9309,61386,61389,3,N
9312,61398,61398,0,S
9315,61405,61407,2,N
9319,61419,61419,0,S
9310,61388,61425,37,E
9308,61378,61425,47,W
9314,61401,61428,27,E
9311,61388,61428,40,W
9317,61414,61431,17,E
9313,61398,61431,33,W
9321,61427,61434,7,E
9316,61408,61434,26,W
9318,61418,61437,19,W
9325,61440,61440,0,E
9322,61428,61440,12,W
9323,61438,61443,5,W
9327,61448,61449,1,W
9328,61453,61455,2,E
9329,61458,61458,0,W
9332,61466,61467,1,E
9333,61468,61470,2,W
9335,61479,61479,0,E
9334,61478,61479,1,W
9320,61424,61485,61,N
9324,61440,61485,45,S
9326,61443,61488,45,N
9330,61461,61488,27,S
9331,61462,61491,29,N
9337,61482,61491,9,S
9336,61481,61494,13,N
9341,61500,61500,0,N
9342,61503,61503,0,S
9347,61519,61521,2,N
9348,61524,61524,0,S
9339,61492,61530,38,E
9338,61488,61530,42,W
9343,61505,61533,28,E
9340,61498,61533,35,W
9345,61518,61536,18,E
9344,61508,61536,28,W
9350,61531,61539,8,E
9346,61518,61539,21,W
9349,61528,61542,14,W
9353,61544,61545,1,E
9352,61538,61545,7,W
9355,61548,61548,0,W
9357,61557,61557,0,E
9358,61558,61560,2,W
9360,61568,61569,1,W
9361,61570,61572,2,E
9363,61578,61578,0,W
9364,61583,61584,1,E
9351,61538,61590,52,N
9354,61545,61590,45,S
9356,61557,61593,36,N
9359,61566,61593,27,S
9362,61576,61596,20,N
9365,61587,61596,9,S
9367,61595,61599,4,N
9370,61608,61608,0,S
9373,61614,61614,0,N
9377,61629,61629,0,S
9368,61596,61635,39,E
9366,61588,61635,47,W
9372,61609,61638,29,E
9369,61598,61638,40,W
9375,61622,61641,19,E
9371,61608,61641,33,W
9379,61635,61644,9,E
9374,61618,61644,26,W
9376,61628,61647,19,W
9381,61648,61650,2,E
9380,61638,61650,12,W
9382,61648,61653,5,W
9385,61658,61659,1,W
9386,61661,61662,1,E
9387,61668,61668,0,W
9390,61674,61674,0,E
9391,61678,61680,2,W
9392,61687,61689,2,E
9393,61688,61689,1,W
9378,61633,61695,62,N
9383,61650,61695,45,S
9384,61652,61698,46,N
9388,61671,61698,27,S
9389,61671,61701,30,N
9395,61692,61701,9,S
9394,61690,61704,14,N
9399,61709,61710,1,N
9400,61713,61713,0,S
9404,61728,61728,0,N
9406,61734,61734,0,S
9397,61700,61740,40,E
9396,61698,61740,42,W
9401,61713,61743,30,E
9398,61708,61743,35,W
9403,61726,61746,20,E
9402,61718,61746,28,W
9408,61739,61749,10,E
9405,61728,61749,21,W
9411,61752,61752,0,E
9407,61738,61752,14,W
9410,61748,61755,7,W
9413,61758,61758,0,W
9414,61765,61767,2,E
9416,61768,61770,2,W
9418,61778,61779,1,E
9419,61778,61779,1,W
9421,61788,61788,0,W
9422,61791,61791,0,E
9409,61747,61800,53,N
9412,61755,61800,45,S
9415,61766,61803,37,N
9417,61776,61803,27,S
9420,61785,61806,21,N
9423,61797,61806,9,S
9425,61804,61809,5,N
9429,61818,61818,0,S
9431,61823,61824,1,N
9435,61839,61839,0,S
9436,61842,61842,0,N
9426,61804,61845,41,E
9424,61798,61845,47,W
9428,61817,61848,31,E
9427,61808,61848,40,W
9433,61830,61851,21,E
9430,61818,61851,33,W
9437,61843,61854,11,E
9432,61828,61854,26,W
9439,61856,61857,1,E
9434,61838,61857,19,W
9438,61848,61860,12,W
9440,61858,61863,5,W
9444,61869,61869,0,E
9443,61868,61869,1,W
9445,61878,61878,0,W
9448,61882,61884,2,E
9449,61888,61890,2,W
9450,61895,61896,1,E
9451,61898,61899,1,W
9442,61861,61905,44,N
9441,61860,61905,45,S
9446,61880,61908,28,N
9447,61881,61908,27,S
9452,61899,61911,12,N
9453,61902,61911,9,S
9456,61918,61920,2,N
9459,61923,61923,0,S
9462,61937,61938,1,N
9464,61944,61944,0,S
9454,61908,61950,42,E
9455,61908,61950,42,W
9458,61921,61953,32,E
9457,61918,61953,35,W
9461,61934,61956,22,E
9460,61928,61956,28,W
9465,61947,61959,12,E
9463,61938,61959,21,W
9469,61960,61962,2,E
9466,61948,61962,14,W
9468,61958,61965,7,W
9471,61968,61968,0,W
9472,61973,61974,1,E
9474,61978,61980,2,W
9476,61986,61986,0,E
9477,61988,61989,1,W
9479,61998,61998,0,W
9480,61999,62001,2,E
9467,61956,62010,54,N
9470,61965,62010,45,S
9473,61975,62013,38,N
9475,61986,62013,27,S
9478,61994,62016,22,N
9481,62007,62016,9,S
9484,62013,62019,6,N
9487,62028,62028,0,S
9489,62032,62034,2,N
9493,62049,62049,0,S
9494,62051,62052,1,N
9483,62012,62055,43,E
9482,62008,62055,47,W
9486,62025,62058,33,E
9485,62018,62058,40,W
9490,62038,62061,23,E
9488,62028,62061,33,W
9495,62051,62064,13,E
9491,62038,62064,26,W
9497,62064,62067,3,E
9492,62048,62067,19,W
9496,62058,62070,12,W
9498,62068,62073,5,W
9501,62077,62079,2,E
9502,62078,62079,1,W
9503,62088,62088,0,W
9505,62090,62091,1,E
9507,62098,62100,2,W
9508,62103,62103,0,E
9510,62108,62109,1,W
9500,62070,62115,45,N
9499,62070,62115,45,S
9504,62089,62118,29,N
9506,62091,62118,27,S
9509,62108,62121,13,N
9511,62112,62121,9,S
9514,62127,62127,0,N
9517,62133,62133,0,S
9520,62146,62148,2,N
9522,62154,62154,0,S
9512,62116,62160,44,E
9513,62118,62160,42,W
9516,62129,62163,34,E
9515,62128,62163,35,W
9519,62142,62166,24,E
9518,62138,62166,28,W
9523,62155,62169,14,E
9521,62148,62169,21,W
9526,62168,62172,4,E
9524,62158,62172,14,W
9527,62168,62175,7,W
9529,62178,62178,0,W
9530,62181,62181,0,E
9532,62188,62190,2,W
9533,62194,62196,2,E
9535,62198,62199,1,W
9537,62207,62208,1,E
9538,62208,62208,0,W
9525,62165,62220,55,N
9528,62175,62220,45,S
9531,62184,62223,39,N
9534,62196,62223,27,S
9536,62203,62226,23,N
9539,62217,62226,9,S
9542,62222,62229,7,N
9545,62238,62238,0,S
9547,62241,62241,0,N
9551,62259,62259,0,S
9553,62260,62262,2,N
9541,62220,62265,45,E
9540,62218,62265,47,W
9544,62233,62268,35,E
9543,62228,62268,40,W
9548,62246,62271,25,E
9546,62238,62271,33,W
9552,62259,62274,15,E
9549,62248,62274,26,W
9555,62272,62277,5,E
9550,62258,62277,19,W
9554,62268,62280,12,W
9556,62278,62283,5,W
9559,62285,62286,1,E
9560,62288,62289,1,W
9562,62298,62298,0,E
9563,62298,62298,0,W
9565,62308,62310,2,W
9566,62311,62313,2,E
9568,62318,62319,1,W
9557,62279,62325,46,N
9558,62280,62325,45,S
9561,62298,62328,30,N
9564,62301,62328,27,S
9567,62317,62331,14,N
9569,62322,62331,9,S
9572,62336,62337,1,N
9575,62343,62343,0,S
9578,62355,62355,0,N
9581,62364,62364,0,S
9570,62324,62370,46,E
9571,62328,62370,42,W
9573,62337,62373,36,E
9574,62338,62373,35,W
9577,62350,62376,26,E
9576,62348,62376,28,W
9580,62363,62379,16,E
9579,62358,62379,21,W
9584,62376,62382,6,E
9582,62368,62382,14,W
9585,62378,62385,7,W
9587,62388,62388,0,W
9588,62389,62391,2,E
9590,62398,62400,2,W
9591,62402,62403,1,E
9593,62408,62409,1,W
9595,62415,62415,0,E
9596,62418,62418,0,W
9583,62374,62430,56,N
9586,62385,62430,45,S
9589,62393,62433,40,N
9592,62406,62433,27,S
9594,62412,62436,24,N
9597,62427,62436,9,S
9600,62431,62439,8,N
9603,62448,62448,0,S
9605,62450,62451,1,N
9611,62469,62469,0,N
9610,62469,62469,0,S
9598,62428,62475,47,E
9599,62428,62475,47,W
9602,62441,62478,37,E
9601,62438,62478,40,W
9606,62454,62481,27,E
9604,62448,62481,33,W
9608,62467,62484,17,E
9607,62458,62484,26,W
9613,62480,62487,7,E
9609,62468,62487,19,W
9612,62478,62490,12,W
9617,62493,62493,0,E
9615,62488,62493,5,W
9618,62498,62499,1,W
9619,62506,62508,2,E
9621,62508,62508,0,W
9624,62519,62520,1,E
9623,62518,62520,2,W
9626,62528,62529,1,W
9628,62532,62532,0,E
9614,62488,62535,47,N
9616,62490,62535,45,S
9620,62507,62538,31,N
9622,62511,62538,27,S
9625,62526,62541,15,N
9627,62532,62541,9,S
9630,62545,62547,2,N
9633,62553,62553,0,S
9636,62564,62565,1,N
9639,62574,62574,0,S
9631,62545,62580,35,E
9629,62538,62580,42,W
9634,62558,62583,25,E
9632,62548,62583,35,W
9638,62571,62586,15,E
9635,62558,62586,28,W
9642,62584,62589,5,E
9637,62568,62589,21,W
9640,62578,62592,14,W
9643,62588,62595,7,W
9645,62597,62598,1,E
9646,62598,62598,0,W
9649,62610,62610,0,E
9648,62608,62610,2,W
9651,62618,62619,1,W
9653,62623,62625,2,E
9654,62628,62628,0,W
9655,62636,62637,1,E
9641,62583,62640,57,N
9644,62595,62640,45,S
9647,62602,62643,41,N
9650,62616,62643,27,S
9652,62621,62646,25,N
9656,62637,62646,9,S
9658,62640,62649,9,N
9661,62658,62658,0,S
9663,62659,62661,2,N
9667,62678,62679,1,N
9669,62679,62679,0,S
9660,62649,62685,36,E
9657,62638,62685,47,W
9664,62662,62688,26,E
9659,62648,62688,40,W
9666,62675,62691,16,E
9662,62658,62691,33,W
9670,62688,62694,6,E
9665,62668,62694,26,W
9668,62678,62697,19,W
9671,62688,62700,12,W
9675,62701,62703,2,E
9673,62698,62703,5,W
9676,62708,62709,1,W
9677,62714,62715,1,E
9679,62718,62718,0,W
9681,62727,62727,0,E
9682,62728,62730,2,W
9684,62738,62739,1,W
9685,62740,62742,2,E
9672,62697,62745,48,N
9674,62700,62745,45,S
9678,62716,62748,32,N
9680,62721,62748,27,S
9683,62735,62751,16,N
9686,62742,62751,9,S
9689,62754,62754,0,N
9691,62763,62763,0,S
9694,62773,62775,2,N
9697,62784,62784,0,S
9688,62753,62790,37,E
9687,62748,62790,42,W
9692,62766,62793,27,E
9690,62758,62793,35,W
9696,62779,62796,17,E
9693,62768,62796,28,W
9700,62792,62799,7,E
9695,62778,62799,21,W
9698,62788,62802,14,W
9703,62805,62805,0,E
9701,62798,62805,7,W
9704,62808,62808,0,W
9706,62818,62820,2,E
9707,62818,62820,2,W
9709,62828,62829,1,W
9711,62831,62832,1,E
9712,62838,62838,0,W
9713,62844,62844,0,E
9699,62792,62850,58,N
9702,62805,62850,45,S
9705,62811,62853,42,N
9708,62826,62853,27,S
9710,62830,62856,26,N
9714,62847,62856,9,S
9716,62849,62859,10,N
9720,62868,62868,0,N
9719,62868,62868,0,S
9725,62887,62889,2,N
9727,62889,62889,0,S
9717,62857,62895,38,E
9715,62848,62895,47,W
9722,62870,62898,28,E
9718,62858,62898,40,W
9724,62883,62901,18,E
9721,62868,62901,33,W
9728,62896,62904,8,E
9723,62878,62904,26,W
9726,62888,62907,19,W
9732,62909,62910,1,E
9729,62898,62910,12,W
9731,62908,62913,5,W
9734,62918,62919,1,W
9735,62922,62922,0,E
9737,62928,62928,0,W
9739,62935,62937,2,E
9740,62938,62940,2,W
9742,62948,62949,1,E
9743,62948,62949,1,W
9730,62906,62955,49,N
9733,62910,62955,45,S
9736,62925,62958,33,N
9738,62931,62958,27,S
9741,62944,62961,17,N
9744,62952,62961,9,S
9747,62963,62964,1,N
9749,62973,62973,0,S
9752,62982,62982,0,N
9755,62994,62994,0,S
9746,62961,63000,39,E
9745,62958,63000,42,W
9750,62974,63003,29,E
9748,62968,63003,35,W
9753,62987,63006,19,E
9751,62978,63006,28,W
9757,63000,63009,9,E
9754,62988,63009,21,W
9756,62998,63012,14,W
9760,63013,63015,2,E
9759,63008,63015,7,W
9762,63018,63018,0,W
9764,63026,63027,1,E
9765,63028,63030,2,W
9769,63039,63039,0,E
9767,63038,63039,1,W
9770,63048,63048,0,W
9771,63052,63054,2,E
9758,63001,63060,59,N
9761,63015,63060,45,S
9763,63020,63063,43,N
9766,63036,63063,27,S
9768,63039,63066,27,N
9772,63057,63066,9,S
9773,63058,63069,11,N
9777,63077,63078,1,N
9778,63078,63078,0,S
9783,63096,63096,0,N
9785,63099,63099,0,S
9775,63065,63105,40,E
9774,63058,63105,47,W
9779,63078,63108,30,E
9776,63068,63108,40,W
9782,63091,63111,20,E
9780,63078,63111,33,W
9786,63104,63114,10,E
9781,63088,63114,26,W
9789,63117,63117,0,E
9784,63098,63117,19,W
9787,63108,63120,12,W
9790,63118,63123,5,W
9792,63128,63129,1,W
9793,63130,63132,2,E
9795,63138,63138,0,W
9797,63143,63144,1,E
9798,63148,63150,2,W
9800,63156,63156,0,E
9801,63158,63159,1,W
9788,63115,63165,50,N
9791,63120,63165,45,S
9794,63134,63168,34,N
9796,63141,63168,27,S
9799,63153,63171,18,N
9802,63162,63171,9,S
9805,63172,63174,2,N
9808,63183,63183,0,S
9810,63191,63192,1,N
9813,63204,63204,0,S
9804,63169,63210,41,E
9803,63168,63210,42,W
9807,63182,63213,31,E
9806,63178,63213,35,W
9811,63195,63216,21,E
9809,63188,63216,28,W
9814,63208,63219,11,E
9812,63198,63219,21,W
9818,63221,63222,1,E
9815,63208,63222,14,W
9817,63218,63225,7,W
9820,63228,63228,0,W
9822,63234,63234,0,E
9823,63238,63240,2,W
9825,63247,63249,2,E
9827,63248,63249,1,W
9828,63258,63258,0,W
9829,63260,63261,1,E
9816,63210,63270,60,N
9819,63225,63270,45,S
9821,63229,63273,44,N
9824,63246,63273,27,S
9826,63248,63276,28,N
9830,63267,63276,9,S
9831,63267,63279,12,N
9835,63286,63288,2,N
9837,63288,63288,0,S
9841,63305,63306,1,N
9843,63309,63309,0,S
9833,63273,63315,42,E
9832,63268,63315,47,W
9836,63286,63318,32,E
9834,63278,63318,40,W
9840,63299,63321,22,E
9838,63288,63321,33,W
9844,63312,63324,12,E
9839,63298,63324,26,W
9847,63325,63327,2,E
9842,63308,63327,19,W
9845,63318,63330,12,W
9848,63328,63333,5,W
9850,63338,63339,1,E
9851,63338,63339,1,W
9853,63348,63348,0,W
9855,63351,63351,0,E
9856,63358,63360,2,W
9858,63364,63366,2,E
9859,63368,63369,1,W
9846,63324,63375,51,N
9849,63330,63375,45,S
9852,63343,63378,35,N
9854,63351,63378,27,S
9857,63362,63381,19,N
9860,63372,63381,9,S
9863,63381,63384,3,N
9866,63393,63393,0,S
9868,63400,63402,2,N
9871,63414,63414,0,S
9861,63377,63420,43,E
9862,63378,63420,42,W
9865,63390,63423,33,E
9864,63388,63423,35,W
9869,63403,63426,23,E
9867,63398,63426,28,W
9872,63416,63429,13,E
9870,63408,63429,21,W
9876,63429,63432,3,E
9873,63418,63432,14,W
9875,63428,63435,7,W
9879,63438,63438,0,W
9880,63442,63444,2,E
9881,63448,63450,2,W
9882,63455,63456,1,E
9885,63458,63459,1,W
9886,63468,63468,0,E
9887,63468,63468,0,W
9874,63419,63480,61,N
9877,63435,63480,45,S
9878,63438,63483,45,N
9883,63456,63483,27,S
9884,63457,63486,29,N
9889,63477,63486,9,S
9888,63476,63489,13,N
9894,63495,63495,0,N
9895,63498,63498,0,S
9899,63514,63516,2,N
9901,63519,63519,0,S
9891,63481,63525,44,E
9890,63478,63525,47,W
9893,63494,63528,34,E
9892,63488,63528,40,W
9897,63507,63531,24,E
9896,63498,63531,33,W
9902,63520,63534,14,E
9898,63508,63534,26,W
9905,63533,63537,4,E
9900,63518,63537,19,W
9903,63528,63540,12,W
9906,63538,63543,5,W
9908,63546,63546,0,E
9909,63548,63549,1,W
9911,63558,63558,0,W
9912,63559,63561,2,E
9914,63568,63570,2,W
9916,63572,63573,1,E
9917,63578,63579,1,W
9904,63533,63585,52,N
9907,63540,63585,45,S
9910,63552,63588,36,N
9913,63561,63588,27,S
9915,63571,63591,20,N
9918,63582,63591,9,S
9921,63590,63594,4,N
9924,63603,63603,0,S
9926,63609,63609,0,N
9929,63624,63624,0,S
9919,63585,63630,45,E
9920,63588,63630,42,W
9922,63598,63633,35,E
9923,63598,63633,35,W
9927,63611,63636,25,E
9925,63608,63636,28,W
9930,63624,63639,15,E
9928,63618,63639,21,W
9933,63637,63642,5,E
9932,63628,63642,14,W
9934,63638,63645,7,W
9937,63648,63648,0,W
9938,63650,63651,1,E
9939,63658,63660,2,W
9940,63663,63663,0,E
9943,63668,63669,1,W
9944,63676,63678,2,E
9945,63678,63678,0,W
9931,63628,63690,62,N
9935,63645,63690,45,S
9936,63647,63693,46,N
9941,63666,63693,27,S
9942,63666,63696,30,N
9947,63687,63696,9,S
9946,63685,63699,14,N
9952,63704,63705,1,N
9953,63708,63708,0,S
9957,63723,63723,0,N
9960,63729,63729,0,S
9949,63689,63735,46,E
9948,63688,63735,47,W
9951,63702,63738,36,E
9950,63698,63738,40,W
9955,63715,63741,26,E
9954,63708,63741,33,W
9958,63728,63744,16,E
9956,63718,63744,26,W
9962,63741,63747,6,E
9959,63728,63747,19,W
9961,63738,63750,12,W
9964,63748,63753,5,W
9966,63754,63756,2,E
9967,63758,63759,1,W
9969,63767,63768,1,E
9970,63768,63768,0,W
9974,63780,63780,0,E
9972,63778,63780,2,W
9975,63788,63789,1,W
9963,63742,63795,53,N
9965,63750,63795,45,S
9968,63761,63798,37,N
9971,63771,63798,27,S
9973,63780,63801,21,N
9976,63792,63801,9,S
9979,63799,63804,5,N
9982,63813,63813,0,S
9983,63818,63819,1,N
9988,63834,63834,0,S
9989,63837,63837,0,N
9977,63793,63840,47,E
9978,63798,63840,42,W
9980,63806,63843,37,E
9981,63808,63843,35,W
9985,63819,63846,27,E
9984,63818,63846,28,W
9987,63832,63849,17,E
9986,63828,63849,21,W
9991,63845,63852,7,E
9990,63838,63852,14,W
9992,63848,63855,7,W
9995,63858,63858,0,E
9996,63858,63858,0,W
9997,63868,63870,2,W
9998,63871,63873,2,E
10001,63878,63879,1,W
10002,63884,63885,1,E
10003,63888,63888,0,W
10006,63897,63897,0,E
9994,63856,63900,44,N
9993,63855,63900,45,S
9999,63875,63903,28,N
10000,63876,63903,27,S
10004,63894,63906,12,N
10005,63897,63906,9,S
10010,63913,63915,2,N
10011,63918,63918,0,S
10015,63932,63933,1,N
10018,63939,63939,0,S
10009,63910,63945,35,E
10007,63898,63945,47,W
10013,63923,63948,25,E
10008,63908,63948,40,W
10016,63936,63951,15,E
10012,63918,63951,33,W
10020,63949,63954,5,E
10014,63928,63954,26,W
10017,63938,63957,19,W
10019,63948,63960,12,W
10024,63962,63963,1,E
10022,63958,63963,5,W
10025,63968,63969,1,W
10027,63975,63975,0,E
10028,63978,63978,0,W
10030,63988,63990,2,E
10031,63988,63990,2,W
10033,63998,63999,1,W
10034,64001,64002,1,E
10021,63951,64005,54,N
10023,63960,64005,45,S
10026,63970,64008,38,N
10029,63981,64008,27,S
10032,63989,64011,22,N
10035,64002,64011,9,S
10036,64008,64014,6,N
10040,64023,64023,0,S
10041,64027,64029,2,N
10046,64044,64044,0,S
10047,64046,64047,1,N
10038,64014,64050,36,E
10037,64008,64050,42,W
10042,64027,64053,26,E
10039,64018,64053,35,W
10045,64040,64056,16,E
10043,64028,64056,28,W
10049,64053,64059,6,E
10044,64038,64059,21,W
10048,64048,64062,14,W
10050,64058,64065,7,W
10053,64066,64068,2,E
10054,64068,64068,0,W
10056,64079,64080,1,E
10055,64078,64080,2,W
10059,64088,64089,1,W
10060,64092,64092,0,E
10061,64098,64098,0,W
10063,64105,64107,2,E
10052,64065,64110,45,N
10051,64065,64110,45,S
10057,64084,64113,29,N
10058,64086,64113,27,S
10062,64103,64116,13,N
10064,64107,64116,9,S
10068,64122,64122,0,N
10069,64128,64128,0,S
10073,64141,64143,2,N
10076,64149,64149,0,S
10066,64118,64155,37,E
10065,64108,64155,47,W
10071,64131,64158,27,E
10067,64118,64158,40,W
10074,64144,64161,17,E
10070,64128,64161,33,W
10077,64157,64164,7,E
10072,64138,64164,26,W
10075,64148,64167,19,W
10082,64170,64170,0,E
10078,64158,64170,12,W
10080,64168,64173,5,W
10083,64178,64179,1,W
10085,64183,64185,2,E
10086,64188,64188,0,W
10088,64196,64197,1,E
10090,64198,64200,2,W
10092,64209,64209,0,E
10091,64208,64209,1,W
10079,64160,64215,55,N
10081,64170,64215,45,S
10084,64179,64218,39,N
10087,64191,64218,27,S
10089,64198,64221,23,N
10093,64212,64221,9,S
10094,64217,64224,7,N
10098,64233,64233,0,S
10100,64236,64236,0,N
10104,64254,64254,0,S
10105,64255,64257,2,N
10096,64222,64260,38,E
10095,64218,64260,42,W
10099,64235,64263,28,E
10097,64228,64263,35,W
10102,64248,64266,18,E
10101,64238,64266,28,W
10107,64261,64269,8,E
10103,64248,64269,21,W
10106,64258,64272,14,W
10110,64274,64275,1,E
10108,64268,64275,7,W
10112,64278,64278,0,W
10113,64287,64287,0,E
10114,64288,64290,2,W
10117,64298,64299,1,W
10118,64300,64302,2,E
10119,64308,64308,0,W
10121,64313,64314,1,E
10109,64274,64320,46,N
10111,64275,64320,45,S
10115,64293,64323,30,N
10116,64296,64323,27,S
10120,64312,64326,14,N
10122,64317,64326,9,S
10126,64331,64332,1,N
10127,64338,64338,0,S
10131,64350,64350,0,N
10134,64359,64359,0,S
10124,64326,64365,39,E
10123,64318,64365,47,W
10129,64339,64368,29,E
10125,64328,64368,40,W
10132,64352,64371,19,E
10128,64338,64371,33,W
10135,64365,64374,9,E
10130,64348,64374,26,W
10133,64358,64377,19,W
10138,64378,64380,2,E
10136,64368,64380,12,W
10139,64378,64383,5,W
10142,64388,64389,1,W
10143,64391,64392,1,E
10144,64398,64398,0,W
10146,64404,64404,0,E
10148,64408,64410,2,W
10149,64417,64419,2,E
10150,64418,64419,1,W
10137,64369,64425,56,N
10140,64380,64425,45,S
10141,64388,64428,40,N
10145,64401,64428,27,S
10147,64407,64431,24,N
10151,64422,64431,9,S
10152,64426,64434,8,N
10156,64443,64443,0,S
10158,64445,64446,1,N
10163,64464,64464,0,N
10162,64464,64464,0,S
10154,64430,64470,40,E
10153,64428,64470,42,W
10157,64443,64473,30,E
10155,64438,64473,35,W
10160,64456,64476,20,E
10159,64448,64476,28,W
10165,64469,64479,10,E
10161,64458,64479,21,W
10167,64482,64482,0,E
10164,64468,64482,14,W
10166,64478,64485,7,W
10170,64488,64488,0,W
10171,64495,64497,2,E
10172,64498,64500,2,W
10175,64508,64509,1,E
10176,64508,64509,1,W
10177,64518,64518,0,W
10179,64521,64521,0,E
10168,64483,64530,47,N
10169,64485,64530,45,S
10173,64502,64533,31,N
10174,64506,64533,27,S
10178,64521,64536,15,N
10180,64527,64536,9,S
10184,64540,64542,2,N
10186,64548,64548,0,S
10189,64559,64560,1,N
10192,64569,64569,0,S
10182,64534,64575,41,E
10181,64528,64575,47,W
10185,64547,64578,31,E
10183,64538,64578,40,W
10190,64560,64581,21,E
10187,64548,64581,33,W
10193,64573,64584,11,E
10188,64558,64584,26,W
10196,64586,64587,1,E
10191,64568,64587,19,W
10195,64578,64590,12,W
10197,64588,64593,5,W
10201,64599,64599,0,E
10200,64598,64599,1,W
10202,64608,64608,0,W
10204,64612,64614,2,E
10206,64618,64620,2,W
10207,64625,64626,1,E
10208,64628,64629,1,W
10194,64578,64635,57,N
10198,64590,64635,45,S
10199,64597,64638,41,N
10203,64611,64638,27,S
10205,64616,64641,25,N
10209,64632,64641,9,S
10210,64635,64644,9,N
10215,64653,64653,0,S
10216,64654,64656,2,N
10220,64673,64674,1,N
10221,64674,64674,0,S
10211,64638,64680,42,E
10212,64638,64680,42,W
10214,64651,64683,32,E
10213,64648,64683,35,W
10218,64664,64686,22,E
10217,64658,64686,28,W
10222,64677,64689,12,E
10219,64668,64689,21,W
10225,64690,64692,2,E
10223,64678,64692,14,W
10224,64688,64695,7,W
10228,64698,64698,0,W
10229,64703,64704,1,E
10230,64708,64710,2,W
10233,64716,64716,0,E
10234,64718,64719,1,W
10235,64728,64728,0,W
10236,64729,64731,2,E
10226,64692,64740,48,N
10227,64695,64740,45,S
10231,64711,64743,32,N
10232,64716,64743,27,S
10237,64730,64746,16,N
10238,64737,64746,9,S
10242,64749,64749,0,N
10244,64758,64758,0,S
10246,64768,64770,2,N
10250,64779,64779,0,S
10240,64742,64785,43,E
10239,64738,64785,47,W
10243,64755,64788,33,E
10241,64748,64788,40,W
10247,64768,64791,23,E
10245,64758,64791,33,W
10251,64781,64794,13,E
10248,64768,64794,26,W
10254,64794,64797,3,E
10249,64778,64797,19,W
10253,64788,64800,12,W
10255,64798,64803,5,W
10258,64807,64809,2,E
10259,64808,64809,1,W
10261,64824,64824,0,E
10260,64822,64824,2,W
10264,64836,64836,0,W
10265,64841,64842,1,E
10252,64787,64845,58,N
10256,64800,64845,45,S
10257,64806,64848,42,N
10262,64828,64848,20,S
10263,64832,64851,19,N
10267,64856,64857,1,S
10268,64858,64860,2,N
10274,64884,64884,0,N
10273,64884,64884,0,S
10269,64858,64890,32,E
10266,64850,64890,40,W
10271,64875,64893,18,E
10270,64864,64893,29,W
10275,64892,64896,4,E
10272,64878,64896,18,W
10276,64892,64899,7,W
10277,64906,64908,2,W
10278,64909,64911,2,E
10281,64920,64920,0,W
10282,64926,64926,0,E
10283,64934,64935,1,W
10286,64943,64944,1,E
10279,64910,64950,40,N
10280,64912,64950,38,S
10284,64936,64953,17,N
10285,64940,64953,13,S
10289,64962,64962,0,N
10291,64968,64968,0,S
10294,64988,64989,1,N
10288,64960,64995,35,E
10287,64948,64995,47,W
10293,64977,64998,21,E
10290,64962,64998,36,W
10296,64994,65001,7,E
10292,64976,65001,25,W
10295,64990,65004,14,W
10298,65004,65007,3,W
10299,65011,65013,2,E
10301,65018,65019,1,W
10303,65028,65028,0,E
10304,65032,65034,2,W
10306,65045,65046,1,E
10307,65046,65046,0,W
10300,65014,65055,41,N
10297,64996,65055,59,S
10305,65040,65058,18,N
10302,65024,65058,34,S
10308,65052,65061,9,S
10311,65066,65067,1,N
10314,65080,65082,2,S
10316,65092,65094,2,N
10310,65062,65100,38,E
10309,65060,65100,40,W
10313,65079,65103,24,E
10312,65074,65103,29,W
10317,65096,65106,10,E
10315,65088,65106,18,W
10318,65102,65109,7,W
10320,65113,65115,2,E
10321,65116,65118,2,W
10323,65130,65130,0,E
10324,65130,65130,0,W
10327,65144,65145,1,W
10328,65147,65148,1,E
10322,65118,65160,42,N
10319,65108,65160,52,S
10326,65144,65163,19,N
10325,65136,65163,27,S
10330,65164,65166,2,S
10332,65170,65172,2,N
10336,65192,65193,1,S
10337,65196,65196,0,N
10331,65164,65205,41,E
10329,65158,65205,47,W
10334,65181,65208,27,E
10333,65172,65208,36,W
10338,65198,65211,13,E
10335,65186,65211,25,W
10339,65200,65214,14,W
10341,65215,65217,2,E
10340,65214,65217,3,W
10344,65228,65229,1,W
10345,65232,65232,0,E
10346,65242,65244,2,W
10349,65249,65250,1,E
10350,65256,65256,0,W
10343,65222,65265,43,N
10342,65220,65265,45,S
10348,65248,65268,20,N
10347,65248,65268,20,S
10353,65274,65274,0,N
10354,65276,65277,1,S
10358,65300,65301,1,N
10360,65304,65304,0,S
10351,65266,65310,44,E
10352,65270,65310,40,W
10355,65283,65313,30,E
10356,65284,65313,29,W
10359,65300,65316,16,E
10357,65298,65316,18,W
10362,65317,65319,2,E
10361,65312,65319,7,W
10364,65326,65328,2,W
10366,65334,65334,0,E
10367,65340,65340,0,W
10368,65351,65352,1,E
10370,65354,65355,1,W
10363,65326,65370,44,N
10365,65332,65370,38,S
10369,65352,65373,21,N
10371,65360,65373,13,S
10374,65378,65379,1,N
10377,65388,65388,0,S
10380,65404,65406,2,N
10372,65368,65415,47,E
10373,65368,65415,47,W
10376,65385,65418,33,E
10375,65382,65418,36,W
10379,65402,65421,19,E
10378,65396,65421,25,W
10383,65419,65424,5,E
10381,65410,65424,14,W
10384,65424,65427,3,W
10386,65436,65436,0,E
10387,65438,65439,1,W
10390,65453,65454,1,E
10389,65452,65454,2,W
10392,65466,65466,0,W
10393,65470,65472,2,E
10385,65430,65475,45,N
10382,65416,65475,59,S
10391,65456,65478,22,N
10388,65444,65478,34,S
10394,65472,65481,9,S
10396,65482,65484,2,N
10399,65500,65502,2,S
10401,65508,65508,0,N
10397,65487,65520,33,E
10395,65480,65520,40,W
10400,65504,65523,19,E
10398,65494,65523,29,W
10403,65521,65526,5,E
10402,65508,65526,18,W
10404,65522,65529,7,W
10408,65538,65538,0,E
10407,65536,65538,2,W
10409,65550,65550,0,W
10410,65555,65556,1,E
10413,65564,65565,1,W
10414,65572,65574,2,E
10406,65534,65580,46,N
10405,65528,65580,52,S
10412,65560,65583,23,N
10411,65556,65583,27,S
10417,65586,65586,0,N
10416,65584,65586,2,S
10423,65612,65613,1,N
10422,65612,65613,1,S
10418,65589,65625,36,E
10415,65578,65625,47,W
10420,65606,65628,22,E
10419,65592,65628,36,W
10425,65623,65631,8,E
10421,65606,65631,25,W
10424,65620,65634,14,W
10426,65634,65637,3,W
10429,65640,65640,0,E
10430,65648,65649,1,W
10431,65657,65658,1,E
10432,65662,65664,2,W
10435,65674,65676,2,E
10436,65676,65676,0,W
10427,65638,65685,47,N
10428,65640,65685,45,S
10433,65664,65688,24,N
10434,65668,65688,20,S
10437,65690,65691,1,N
10440,65696,65697,1,S
10443,65716,65718,2,N
10445,65724,65724,0,S
10439,65691,65730,39,E
10438,65690,65730,40,W
10442,65708,65733,25,E
10441,65704,65733,29,W
10446,65725,65736,11,E
10444,65718,65736,18,W
10447,65732,65739,7,W
10449,65742,65742,0,E
10450,65746,65748,2,W
10452,65759,65760,1,E
10453,65760,65760,0,W
10455,65774,65775,1,W
10456,65776,65778,2,E
10448,65742,65790,48,N
10451,65752,65790,38,S
10454,65768,65793,25,N
10457,65780,65793,13,S
10460,65794,65796,2,N
10462,65808,65808,0,S
10465,65820,65820,0,N
10459,65793,65835,42,E
10458,65788,65835,47,W
10463,65810,65838,28,E
10461,65802,65838,36,W
10466,65827,65841,14,E
10464,65816,65841,25,W
10469,65844,65844,0,E
10467,65830,65844,14,W
10470,65844,65847,3,W
10472,65858,65859,1,W
10473,65861,65862,1,E
10476,65872,65874,2,W
10477,65878,65880,2,E
10478,65886,65886,0,W
10471,65846,65895,49,N
10468,65836,65895,59,S
10475,65872,65898,26,N
10474,65864,65898,34,S
10481,65898,65901,3,N
10479,65892,65901,9,S
10485,65920,65922,2,S
10486,65924,65925,1,N
10480,65895,65940,45,E
10482,65900,65940,40,W
10483,65912,65943,31,E
10484,65914,65943,29,W
10488,65929,65946,17,E
10487,65928,65946,18,W
10490,65946,65949,3,E
10489,65942,65949,7,W
10493,65956,65958,2,W
10494,65963,65964,1,E
10495,65970,65970,0,W
10498,65980,65982,2,E
10499,65984,65985,1,W
10500,65997,65997,0,E
10492,65950,66000,50,N
10491,65948,66000,52,S
10497,65976,66003,27,N
10496,65976,66003,27,S
10502,66002,66006,4,N
10503,66004,66006,2,S
10507,66028,66030,2,N
10509,66032,66033,1,S
10505,66014,66045,31,E
10501,65998,66045,47,W
10508,66031,66048,17,E
10504,66012,66048,36,W
10511,66048,66051,3,E
10506,66026,66051,25,W
10510,66040,66054,14,W
10513,66054,66057,3,W
10515,66065,66066,1,E
10516,66068,66069,1,W
10518,66082,66084,2,E
10519,66082,66084,2,W
10521,66096,66096,0,W
10522,66099,66099,0,E
10512,66054,66105,51,N
10514,66060,66105,45,S
10517,66080,66108,28,N
10520,66088,66108,20,S
10523,66106,66111,5,N
10525,66116,66117,1,S
10528,66132,66132,0,N
10531,66144,66144,0,S
10526,66116,66150,34,E
10524,66110,66150,40,W
10529,66133,66153,20,E
10527,66124,66153,29,W
10532,66150,66156,6,E
10530,66138,66156,18,W
10533,66152,66159,7,W
10536,66167,66168,1,E
10535,66166,66168,2,W
10538,66180,66180,0,W
10540,66184,66186,2,E
10541,66194,66195,1,W
10543,66201,66201,0,E
10534,66158,66210,52,N
10537,66172,66210,38,S
10539,66184,66213,29,N
10542,66200,66213,13,S
10545,66210,66216,6,N
10548,66228,66228,0,S
10550,66236,66237,1,N
10546,66218,66255,37,E
10544,66208,66255,47,W
10549,66235,66258,23,E
10547,66222,66258,36,W
10553,66252,66261,9,E
10551,66236,66261,25,W
10552,66250,66264,14,W
10556,66264,66267,3,W
10557,66269,66270,1,E
10558,66278,66279,1,W
10560,66286,66288,2,E
10562,66292,66294,2,W
10563,66303,66303,0,E
10564,66306,66306,0,W
10555,66262,66315,53,N
10554,66256,66315,59,S
10561,66288,66318,30,N
10559,66284,66318,34,S
10566,66314,66321,7,N
10565,66312,66321,9,S
10572,66340,66342,2,N
10571,66340,66342,2,S
10567,66320,66360,40,E
10568,66320,66360,40,W
10570,66337,66363,26,E
10569,66334,66363,29,W
10574,66354,66366,12,E
10573,66348,66366,18,W
10575,66362,66369,7,W
10578,66371,66372,1,E
10579,66376,66378,2,W
10580,66388,66390,2,E
10581,66390,66390,0,W
10585,66405,66405,0,E
10584,66404,66405,1,W
10576,66366,66420,54,N
10577,66368,66420,52,S
10582,66392,66423,31,N
10583,66396,66423,27,S
10586,66418,66426,8,N
10589,66424,66426,2,S
10592,66444,66444,0,N
10594,66452,66453,1,S
10588,66422,66465,43,E
10587,66418,66465,47,W
10591,66439,66468,29,E
10590,66432,66468,36,W
10595,66456,66471,15,E
10593,66446,66471,25,W
10598,66473,66474,1,E
10596,66460,66474,14,W
10599,66474,66477,3,W
10601,66488,66489,1,W
10602,66490,66492,2,E
10604,66502,66504,2,W
10605,66507,66507,0,E
10607,66516,66516,0,W
10597,66470,66525,55,N
10600,66480,66525,45,S
10603,66496,66528,32,N
10606,66508,66528,20,S
10608,66522,66531,9,N
10611,66536,66537,1,S
10614,66548,66549,1,N
10617,66564,66564,0,S
10609,66524,66570,46,E
10610,66530,66570,40,W
10612,66541,66573,32,E
10613,66544,66573,29,W
10615,66558,66576,18,E
10616,66558,66576,18,W
10620,66575,66579,4,E
10618,66572,66579,7,W
10621,66586,66588,2,W
10623,66592,66594,2,E
10625,66600,66600,0,W
10626,66609,66609,0,E
10627,66614,66615,1,W
10630,66626,66627,1,E
10619,66574,66630,56,N
10622,66592,66630,38,S
10624,66600,66633,33,N
10628,66620,66633,13,S
10629,66626,66636,10,N
10634,66648,66648,0,S
10635,66652,66654,2,N
10633,66643,66675,32,E
10631,66628,66675,47,W
10637,66660,66678,18,E
10632,66642,66678,36,W
10640,66677,66681,4,E
10636,66656,66681,25,W
10638,66670,66684,14,W
10642,66684,66687,3,W
10643,66694,66696,2,E
10644,66698,66699,1,W
10647,66711,66711,0,E
10648,66712,66714,2,W
10649,66726,66726,0,W
10650,66728,66729,1,E
10641,66678,66735,57,N
10639,66676,66735,59,S
10646,66704,66738,34,N
10645,66704,66738,34,S
10651,66730,66741,11,N
10652,66732,66741,9,S
10656,66756,66756,0,N
10657,66760,66762,2,S
10654,66745,66780,35,E
10653,66740,66780,40,W
10658,66762,66783,21,E
10655,66754,66783,29,W
10660,66779,66786,7,E
10659,66768,66786,18,W
10662,66782,66789,7,W
10664,66796,66798,2,E
10665,66796,66798,2,W
10667,66810,66810,0,W
10668,66813,66813,0,E
10670,66824,66825,1,W
10671,66830,66831,1,E
10661,66782,66840,58,N
10663,66788,66840,52,S
10666,66808,66843,35,N
10669,66816,66843,27,S
10672,66834,66846,12,N
10674,66844,66846,2,S
10677,66860,66861,1,N
10680,66872,66873,1,S
10675,66847,66885,38,E
10673,66838,66885,47,W
10678,66864,66888,24,E
10676,66852,66888,36,W
10682,66881,66891,10,E
10679,66866,66891,25,W
10681,66880,66894,14,W
10684,66894,66897,3,W
10685,66898,66900,2,E
10687,66908,66909,1,W
10689,66915,66915,0,E
10690,66922,66924,2,W
10692,66932,66933,1,E
10693,66936,66936,0,W
10683,66886,66945,59,N
10686,66900,66945,45,S
10688,66912,66948,36,N
10691,66928,66948,20,S
10694,66938,66951,13,N
10697,66956,66957,1,S
10698,66964,66966,2,N
10703,66984,66984,0,S
10695,66949,66990,41,E
10696,66950,66990,40,W
10700,66966,66993,27,E
10699,66964,66993,29,W
10702,66983,66996,13,E
10701,66978,66996,18,W
10705,66992,66999,7,W
10706,67000,67002,2,E
10707,67006,67008,2,W
10710,67017,67017,0,E
10711,67020,67020,0,W
10712,67034,67035,1,E
10713,67034,67035,1,W
10704,66990,67050,60,N
10708,67012,67050,38,S
10709,67016,67053,37,N
10714,67040,67053,13,S
10715,67042,67056,14,N
10720,67068,67068,0,N
10719,67068,67068,0,S
10717,67051,67095,44,E
10716,67048,67095,47,W
10721,67068,67098,30,E
10718,67062,67098,36,W
10723,67085,67101,16,E
10722,67076,67101,25,W
10727,67102,67104,2,E
10724,67090,67104,14,W
10728,67104,67107,3,W
10730,67119,67119,0,E
10729,67118,67119,1,W
10733,67132,67134,2,W
10734,67136,67137,1,E
10736,67146,67146,0,W
10725,67094,67155,61,N
10726,67096,67155,59,S
10731,67120,67158,38,N
10732,67124,67158,34,S
10735,67146,67161,15,N
10737,67152,67161,9,S
10741,67172,67173,1,N
10743,67180,67182,2,S
10738,67153,67200,47,E
10739,67160,67200,40,W
10740,67170,67203,33,E
10742,67174,67203,29,W
10744,67187,67206,19,E
10745,67188,67206,18,W
10748,67204,67209,5,E
10747,67202,67209,7,W
10750,67216,67218,2,W
10751,67221,67221,0,E
10753,67230,67230,0,W
10755,67238,67239,1,E
10756,67244,67245,1,W
10758,67255,67257,2,E
10746,67198,67260,62,N
10749,67208,67260,52,S
10752,67224,67263,39,N
10754,67236,67263,27,S
10757,67250,67266,16,N
10760,67264,67266,2,S
10763,67276,67278,2,N
10766,67292,67293,1,S
10768,67302,67302,0,N
10761,67272,67305,33,E
10759,67258,67305,47,W
10765,67289,67308,19,E
10762,67272,67308,36,W
10769,67306,67311,5,E
10764,67286,67311,25,W
10767,67300,67314,14,W
10770,67314,67317,3,W
10772,67323,67323,0,E
10774,67328,67329,1,W
10775,67340,67341,1,E
10776,67342,67344,2,W
10779,67356,67356,0,W
10780,67357,67359,2,E
10773,67328,67365,37,N
10771,67320,67365,45,S
10778,67354,67368,14,N
10777,67348,67368,20,S
10783,67376,67377,1,S
10784,67380,67380,0,N
10788,67404,67404,0,S
10789,67406,67407,1,N
10782,67374,67410,36,E
10781,67370,67410,40,W
10786,67391,67413,22,E
10785,67384,67413,29,W
10790,67408,67416,8,E
10787,67398,67416,18,W
10791,67412,67419,7,W
10792,67425,67425,0,E
10793,67426,67428,2,W
10796,67440,67440,0,W
10797,67442,67443,1,E
10798,67454,67455,1,W
10800,67459,67461,2,E
10795,67432,67470,38,N
10794,67432,67470,38,S
10799,67458,67473,15,N
10801,67460,67473,13,S
10805,67484,67485,1,N
10806,67488,67488,0,S
10809,67510,67512,2,N
10803,67476,67515,39,E
10802,67468,67515,47,W
10807,67493,67518,25,E
10804,67482,67518,36,W
10810,67510,67521,11,E
10808,67496,67521,25,W
10811,67510,67524,14,W
10814,67527,67527,0,E
10813,67524,67527,3,W
10816,67538,67539,1,W
10818,67544,67545,1,E
10819,67552,67554,2,W
10820,67561,67563,2,E
10822,67566,67566,0,W
10815,67536,67575,39,N
10812,67516,67575,59,S
10821,67562,67578,16,N
10817,67544,67578,34,S
10823,67572,67581,9,S
10826,67588,67590,2,N
10829,67600,67602,2,S
10832,67614,67614,0,N
10824,67578,67620,42,E
10825,67580,67620,40,W
10828,67595,67623,28,E
10827,67594,67623,29,W
10831,67612,67626,14,E
10830,67608,67626,18,W
10835,67629,67629,0,E
10833,67622,67629,7,W
10836,67636,67638,2,W
10838,67646,67647,1,E
10839,67650,67650,0,W
10841,67663,67665,2,E
10842,67664,67665,1,W
10837,67640,67680,40,N
10834,67628,67680,52,S
10843,67666,67683,17,N
10840,67656,67683,27,S
10846,67684,67686,2,S
10847,67692,67692,0,N
10851,67712,67713,1,S
10853,67718,67719,1,N
10845,67680,67725,45,E
10844,67678,67725,47,W
10849,67697,67728,31,E
10848,67692,67728,36,W
10852,67714,67731,17,E
10850,67706,67731,25,W
10855,67731,67734,3,E
10854,67720,67734,14,W
10856,67734,67737,3,W
10859,67748,67749,1,E
10860,67748,67749,1,W
10861,67762,67764,2,W
10862,67765,67767,2,E
10865,67776,67776,0,W
10866,67782,67782,0,E
10858,67744,67785,41,N
10857,67740,67785,45,S
10864,67770,67788,18,N
10863,67768,67788,20,S
10869,67796,67797,1,N
10868,67796,67797,1,S
10874,67822,67824,2,N
10875,67824,67824,0,S
10870,67799,67830,31,E
10867,67790,67830,40,W
10872,67816,67833,17,E
10871,67804,67833,29,W
10877,67833,67836,3,E
10873,67818,67836,18,W
10876,67832,67839,7,W
10878,67846,67848,2,W
10880,67850,67851,1,E
10882,67860,67860,0,W
10883,67867,67869,2,E
10885,67874,67875,1,W
10887,67884,67884,0,E
10879,67848,67890,42,N
10881,67852,67890,38,S
10884,67874,67893,19,N
10886,67880,67893,13,S
10889,67900,67902,2,N
10892,67908,67908,0,S
10895,67926,67926,0,N
10890,67901,67935,34,E
10888,67888,67935,47,W
10894,67918,67938,20,E
10891,67902,67938,36,W
10897,67935,67941,6,E
10893,67916,67941,25,W
10896,67930,67944,14,W
10899,67944,67947,3,W
10901,67952,67953,1,E
10902,67958,67959,1,W
10904,67969,67971,2,E
10905,67972,67974,2,W
10907,67986,67986,0,E
10908,67986,67986,0,W
10900,67952,67995,43,N
10898,67936,67995,59,S
10906,67978,67998,20,N
10903,67964,67998,34,S
10909,67992,68001,9,S
10912,68004,68004,0,N
10914,68020,68022,2,S
10917,68030,68031,1,N
10911,68003,68040,37,E
10910,68000,68040,40,W
10915,68020,68043,23,E
10913,68014,68043,29,W
10918,68037,68046,9,E
10916,68028,68046,18,W
10919,68042,68049,7,W
10921,68054,68055,1,E
10923,68056,68058,2,W
10924,68070,68070,0,W
10925,68071,68073,2,E
10928,68084,68085,1,W
10929,68088,68088,0,E
10922,68056,68100,44,N
10920,68048,68100,52,S
10927,68082,68103,21,N
10926,68076,68103,27,S
10931,68104,68106,2,S
10933,68108,68109,1,N
10937,68132,68133,1,S
10938,68134,68136,2,N
10932,68105,68145,40,E
10930,68098,68145,47,W
10935,68122,68148,26,E
10934,68112,68148,36,W
10939,68139,68151,12,E
10936,68126,68151,25,W
10940,68140,68154,14,W
10942,68156,68157,1,E
10941,68154,68157,3,W
10945,68168,68169,1,W
10946,68173,68175,2,E
10947,68182,68184,2,W
10950,68190,68190,0,E
10951,68196,68196,0,W
10944,68160,68205,45,N
10943,68160,68205,45,S
10948,68186,68208,22,N
10949,68188,68208,20,S
10954,68212,68214,2,N
10955,68216,68217,1,S
10958,68238,68238,0,N
10961,68244,68244,0,S
10952,68207,68250,43,E
10953,68210,68250,40,W
10956,68224,68253,29,E
10957,68224,68253,29,W
10960,68241,68256,15,E
10959,68238,68256,18,W
10963,68258,68259,1,E
10962,68252,68259,7,W
10965,68266,68268,2,W
10967,68275,68277,2,E
10968,68280,68280,0,W
10970,68292,68292,0,E
10971,68294,68295,1,W
10964,68264,68310,46,N
10966,68272,68310,38,S
10969,68290,68313,23,N
10972,68300,68313,13,S
10975,68316,68316,0,N
10978,68328,68328,0,S
10980,68342,68343,1,N
10974,68309,68355,46,E
10973,68308,68355,47,W
10977,68326,68358,32,E
10976,68322,68358,36,W
10981,68343,68361,18,E
10979,68336,68361,25,W
10984,68360,68364,4,E
10982,68350,68364,14,W
10985,68364,68367,3,W
10987,68377,68379,2,E
10988,68378,68379,1,W
10992,68394,68394,0,E
10990,68392,68394,2,W
10993,68406,68406,0,W
10994,68411,68412,1,E
10986,68368,68415,47,N
10983,68356,68415,59,S
10991,68394,68418,24,N
10989,68384,68418,34,S
10996,68420,68421,1,N
10995,68412,68421,9,S
11000,68449,68451,2,S
11001,68454,68454,0,N
10998,68434,68460,26,E
10997,68424,68460,36,W
11002,68457,68463,6,E
10999,68442,68463,21,W
11003,68460,68466,6,W
11004,68478,68478,0,W
11005,68480,68481,1,E
11008,68496,68496,0,W
11009,68503,68505,2,E
11010,68514,68514,0,W
11007,68488,68520,32,N
11006,68486,68520,34,S
11011,68522,68523,1,N
11012,68523,68523,0,S
11017,68556,68556,0,N
11018,68560,68562,2,S
11013,68526,68565,39,E
11014,68532,68565,33,W
11015,68549,68568,19,E
11016,68550,68568,18,W
11019,68568,68571,3,W
11020,68572,68574,2,E
11021,68586,68586,0,W
11023,68595,68595,0,E
11025,68604,68604,0,W
11026,68618,68619,1,E
11027,68622,68622,0,W
11022,68590,68625,35,N
11024,68597,68625,28,S
11028,68624,68628,4,N
11029,68634,68634,0,S
11032,68658,68658,0,N
11031,68641,68670,29,E
11030,68640,68670,30,W
11034,68664,68673,9,E
11033,68658,68673,15,W
11036,68676,68676,0,W
11037,68687,68688,1,E
11039,68694,68694,0,W
11041,68710,68712,2,E
11042,68712,68712,0,W
11038,68692,68730,38,N
11035,68671,68730,59,S
11043,68726,68733,7,N
11040,68708,68733,25,S
11046,68745,68745,0,S
11049,68760,68760,0,N
11045,68733,68775,42,E
11044,68730,68775,45,W
11048,68756,68778,22,E
11047,68748,68778,30,W
11051,68779,68781,2,E
11050,68766,68781,15,W
11053,68784,68784,0,W
11055,68802,68802,0,E
11056,68802,68802,0,W
11058,68820,68820,0,W
11059,68825,68826,1,E
11054,68794,68835,41,N
11052,68782,68835,53,S
11060,68828,68838,10,N
11057,68819,68838,19,S
11063,68856,68856,0,S
11065,68862,68862,0,N
11062,68848,68880,32,E
11061,68838,68880,42,W
11066,68871,68883,12,E
11064,68856,68883,27,W
11067,68874,68886,12,W
11068,68892,68892,0,W
11070,68894,68895,1,E
11072,68910,68910,0,W
11073,68917,68919,2,E
11074,68928,68928,0,W
11071,68896,68940,44,N
11069,68893,68940,47,S
11076,68930,68943,13,N
11075,68930,68943,13,S
11080,68964,68964,0,N
11082,68967,68967,0,S
11077,68940,68985,45,E
11078,68946,68985,39,W
11079,68963,68988,25,E
11081,68964,68988,24,W
11084,68986,68991,5,E
11083,68982,68991,9,W
11086,69000,69000,0,W
11088,69009,69009,0,E
11089,69018,69018,0,W
11091,69032,69033,1,E
11092,69036,69036,0,W
11085,68998,69045,47,N
11087,69004,69045,41,S
11090,69032,69048,16,N
11093,69041,69048,7,S
11096,69066,69066,0,N
11098,69078,69078,0,S
11095,69055,69090,35,E
11094,69054,69090,36,W
11099,69078,69093,15,E
11097,69072,69093,21,W
11100,69090,69096,6,W
11102,69101,69102,1,E
11103,69108,69108,0,W
11105,69124,69126,2,E
11106,69126,69126,0,W
11108,69144,69144,0,W
11109,69147,69147,0,E
11101,69100,69150,50,N
11104,69115,69150,35,S
11107,69134,69153,19,N
11110,69152,69153,1,S
11112,69168,69168,0,N
11115,69189,69189,0,S
11113,69170,69195,25,E
11111,69162,69195,33,W
11116,69193,69198,5,E
11114,69180,69198,18,W
11117,69198,69201,3,W
11119,69216,69216,0,E
11120,69216,69216,0,W
11122,69234,69234,0,W
11124,69239,69240,1,E
11125,69252,69252,0,W
11118,69202,69255,53,N
11121,69226,69255,29,S
11123,69236,69258,22,N
11127,69263,69264,1,S
11128,69270,69270,0,N
11126,69262,69300,38,E
11129,69270,69300,30,W
11130,69285,69303,18,E
11131,69288,69303,15,W
11134,69306,69306,0,W
11135,69308,69309,1,E
11136,69324,69324,0,W
11137,69331,69333,2,E
11140,69342,69342,0,W
11141,69354,69354,0,E
11133,69304,69360,56,N
11132,69300,69360,60,S
11139,69338,69363,25,N
11138,69337,69363,26,S
11143,69372,69372,0,N
11144,69374,69375,1,S
11145,69377,69405,28,E
11142,69360,69405,45,W
11148,69400,69408,8,E
11146,69378,69408,30,W
11147,69396,69411,15,W
11151,69414,69414,0,W
11152,69423,69423,0,E
11153,69432,69432,0,W
11155,69446,69447,1,E
11157,69450,69450,0,W
11149,69406,69465,59,N
11150,69411,69465,54,S
11154,69440,69468,28,N
11156,69448,69468,20,S
11160,69474,69474,0,N
11161,69485,69486,1,S
11159,69469,69510,41,E
11158,69468,69510,42,W
11163,69492,69513,21,E
11162,69486,69513,27,W
11166,69515,69516,1,E
11164,69504,69516,12,W
11168,69522,69522,0,W
11169,69538,69540,2,E
11170,69540,69540,0,W
11172,69558,69558,0,W
11174,69561,69561,0,E
11165,69508,69570,62,N
11167,69522,69570,48,S
11171,69542,69573,31,N
11173,69559,69573,14,S
11175,69576,69576,0,N
11179,69596,69597,1,S
11181,69610,69612,2,N
11177,69584,69615,31,E
11176,69576,69615,39,W
11180,69607,69618,11,E
11178,69594,69618,24,W
11182,69612,69621,9,W
11183,69630,69630,0,E
11184,69630,69630,0,W
11187,69648,69648,0,W
11188,69653,69654,1,E
11189,69666,69666,0,W
11186,69644,69675,31,N
11185,69633,69675,42,S
11192,69678,69678,0,N
11190,69670,69678,8,S
11196,69707,69708,1,S
11197,69712,69714,2,N
11191,69676,69720,44,E
11193,69684,69720,36,W
11194,69699,69723,24,E
11195,69702,69723,21,W
11199,69722,69726,4,E
11198,69720,69726,6,W
11200,69738,69738,0,W
11202,69745,69747,2,E
11204,69756,69756,0,W
11205,69768,69768,0,E
11206,69774,69774,0,W
11203,69746,69780,34,N
11201,69744,69780,36,S
11207,69780,69783,3,N
11208,69781,69783,2,S
11212,69814,69816,2,N
11214,69818,69819,1,S
11209,69791,69825,34,E
11210,69792,69825,33,W
11213,69814,69828,14,E
11211,69810,69828,18,W
11215,69828,69831,3,W
11216,69837,69837,0,E
11217,69846,69846,0,W
11220,69860,69861,1,E
11221,69864,69864,0,W
11223,69882,69882,0,W
11218,69848,69885,37,N
11219,69855,69885,30,S
11222,69882,69888,6,N
11225,69892,69894,2,S
11228,69916,69918,2,N
11224,69883,69930,47,E
11226,69900,69930,30,W
11227,69906,69933,27,E
11229,69918,69933,15,W
11231,69929,69936,7,E
11232,69936,69936,0,W
11234,69952,69954,2,E
11235,69954,69954,0,W
11237,69972,69972,0,W
11238,69975,69975,0,E
11233,69950,69990,40,N
11230,69929,69990,61,S
11239,69984,69993,9,N
11236,69966,69993,27,S
11242,70003,70005,2,S
11244,70018,70020,2,N
11241,69998,70035,37,E
11240,69990,70035,45,W
11245,70021,70038,17,E
11243,70008,70038,30,W
11246,70026,70041,15,W
11248,70044,70044,0,E
11249,70044,70044,0,W
11251,70062,70062,0,W
11252,70067,70068,1,E
11254,70080,70080,0,W
11256,70090,70092,2,E
11250,70052,70095,43,N
11247,70040,70095,55,S
11255,70086,70098,12,N
11253,70077,70098,21,S
11259,70114,70116,2,S
11261,70120,70122,2,N
11258,70113,70140,27,E
11257,70098,70140,42,W
11263,70136,70143,7,E
11260,70116,70143,27,W
11262,70134,70146,12,W
11265,70152,70152,0,W
11267,70159,70161,2,E
11268,70170,70170,0,W
11269,70182,70182,0,E
11272,70188,70188,0,W
11266,70154,70200,46,N
11264,70151,70200,49,S
11271,70188,70203,15,N
11270,70188,70203,15,S
11275,70222,70224,2,N
11277,70225,70227,2,S
11273,70205,70245,40,E
11274,70206,70245,39,W
11278,70228,70248,20,E
11276,70224,70248,24,W
11280,70251,70251,0,E
11279,70242,70251,9,W
11282,70260,70260,0,W
11284,70274,70275,1,E
11285,70278,70278,0,W
11287,70296,70296,0,W
11288,70297,70299,2,E
11281,70256,70305,49,N
11283,70262,70305,43,S
11286,70290,70308,18,N
11289,70299,70308,9,S
11292,70324,70326,2,N
11294,70336,70338,2,S
11291,70320,70350,30,E
11290,70314,70350,36,W
11295,70343,70353,10,E
11293,70332,70353,21,W
11296,70350,70356,6,W
11298,70366,70368,2,E
11299,70368,70368,0,W
11301,70386,70386,0,W
11302,70389,70389,0,E
11304,70404,70404,0,W
11297,70358,70410,52,N
11300,70373,70410,37,S
11303,70392,70413,21,N
11305,70410,70413,3,S
11308,70426,70428,2,N
11311,70447,70449,2,S
11306,70412,70455,43,E
11307,70422,70455,33,W
11309,70435,70458,23,E
11310,70440,70458,18,W
11312,70458,70461,3,E
11313,70458,70461,3,W
11315,70476,70476,0,W
11316,70481,70482,1,E
11319,70494,70494,0,W
11320,70504,70506,2,E
11321,70512,70512,0,W
11314,70460,70515,55,N
11317,70484,70515,31,S
11318,70494,70518,24,N
11322,70521,70521,0,S
11324,70528,70530,2,N
11323,70527,70560,33,E
11325,70530,70560,30,W
11327,70550,70563,13,E
11326,70548,70563,15,W
11330,70566,70566,0,W
11331,70573,70575,2,E
11332,70584,70584,0,W
11335,70596,70596,0,E
11336,70602,70602,0,W
11329,70562,70620,58,N
11328,70558,70620,62,S
11334,70596,70623,27,N
11333,70595,70623,28,S
11339,70630,70632,2,N
11340,70632,70632,0,S
11337,70619,70665,46,E
11338,70620,70665,45,W
11342,70642,70668,26,E
11341,70638,70668,30,W
11345,70665,70671,6,E
11343,70656,70671,15,W
11347,70674,70674,0,W
11348,70688,70689,1,E
11349,70692,70692,0,W
11352,70710,70710,0,W
11353,70711,70713,2,E
11344,70664,70725,61,N
11346,70669,70725,56,S
11350,70698,70728,30,N
11351,70706,70728,22,S
11355,70732,70734,2,N
11357,70743,70743,0,S
11361,70766,70767,1,N
11356,70734,70770,36,E
11354,70728,70770,42,W
11359,70757,70773,16,E
11358,70746,70773,27,W
11360,70764,70776,12,W
11363,70780,70782,2,E
11364,70782,70782,0,W
11366,70800,70800,0,W
11367,70803,70803,0,E
11369,70818,70818,0,W
11370,70826,70827,1,E
11365,70800,70830,30,N
11362,70780,70830,50,S
11368,70817,70833,16,S
11371,70834,70836,2,N
11374,70854,70854,0,S
11376,70868,70869,1,N
11373,70849,70875,26,E
11372,70836,70875,39,W
11377,70872,70878,6,E
11375,70854,70878,24,W
11378,70872,70881,9,W
11379,70890,70890,0,W
11381,70895,70896,1,E
11383,70908,70908,0,W
11384,70918,70920,2,E
11385,70926,70926,0,W
11382,70902,70935,33,N
11380,70891,70935,44,S
11387,70936,70938,2,N
11386,70928,70938,10,S
11392,70965,70965,0,S
11393,70970,70971,1,N
11388,70941,70980,39,E
11389,70944,70980,36,W
11391,70964,70983,19,E
11390,70962,70983,21,W
11394,70980,70986,6,W
11395,70987,70989,2,E
11396,70998,70998,0,W
11399,71010,71010,0,E
11400,71016,71016,0,W
11401,71033,71034,1,E
11402,71034,71034,0,W
11398,71004,71040,36,N
11397,71002,71040,38,S
11403,71038,71043,5,N
11404,71039,71043,4,S
11408,71072,71073,1,N
11409,71076,71076,0,S
11406,71056,71085,29,E
11405,71052,71085,33,W
11410,71079,71088,9,E
11407,71070,71088,18,W
11411,71088,71091,3,W
11412,71102,71103,1,E
11414,71106,71106,0,W
11416,71124,71124,0,W
11417,71125,71127,2,E
11419,71142,71142,0,W
11413,71106,71145,39,N
11415,71113,71145,32,S
11418,71140,71148,8,N
11421,71150,71151,1,S
11424,71174,71175,1,N
11426,71187,71187,0,S
11420,71148,71190,42,E
11422,71160,71190,30,W
11423,71171,71193,22,E
11425,71178,71193,15,W
11427,71194,71196,2,E
11428,71196,71196,0,W
11430,71214,71214,0,W
11431,71217,71217,0,E
11433,71232,71232,0,W
11434,71240,71241,1,E
11429,71208,71250,42,N
11432,71224,71250,26,S
11435,71242,71253,11,N
11437,71261,71262,1,S
11440,71276,71277,1,N
11438,71263,71295,32,E
11436,71250,71295,45,W
11441,71286,71298,12,E
11439,71268,71298,30,W
11442,71286,71301,15,W
11444,71304,71304,0,W
11445,71309,71310,1,E
11447,71322,71322,0,W
11448,71332,71334,2,E
11450,71340,71340,0,W
11446,71310,71355,45,N
11443,71298,71355,57,S
11451,71344,71358,14,N
11449,71335,71358,23,S
11454,71372,71373,1,S
11456,71378,71379,1,N
11452,71355,71400,45,E
11453,71358,71400,42,W
11457,71378,71403,25,E
11455,71376,71403,27,W
11459,71401,71406,5,E
11458,71394,71406,12,W
11462,71412,71412,0,W
11463,71424,71424,0,E
11464,71430,71430,0,W
11467,71447,71448,1,E
11468,71448,71448,0,W
11461,71412,71460,48,N
11460,71409,71460,51,S
11466,71446,71463,17,N
11465,71446,71463,17,S
11471,71480,71481,1,N
11472,71483,71484,1,S
11470,71470,71505,35,E
11469,71466,71505,39,W
11474,71493,71508,15,E
11473,71484,71508,24,W
11475,71502,71511,9,W
11477,71516,71517,1,E
11479,71520,71520,0,W
11480,71538,71538,0,W
11481,71539,71541,2,E
11483,71556,71556,0,W
11485,71562,71562,0,E
11476,71514,71565,51,N
11478,71520,71565,45,S
11482,71548,71568,20,N
11484,71557,71568,11,S
11487,71582,71583,1,N
11490,71594,71595,1,S
11488,71585,71610,25,E
11486,71574,71610,36,W
11491,71608,71613,5,E
11489,71592,71613,21,W
11492,71610,71616,6,W
11494,71628,71628,0,W
11496,71631,71631,0,E
11497,71646,71646,0,W
11499,71654,71655,1,E
11500,71664,71664,0,W
11493,71616,71670,54,N
11495,71631,71670,39,S
11498,71650,71673,23,N
11501,71668,71673,5,S
11504,71684,71685,1,N
11507,71705,71706,1,S
11502,71677,71715,38,E
11503,71682,71715,33,W
11505,71700,71718,18,E
11506,71700,71718,18,W
11509,71718,71721,3,W
11510,71723,71724,1,E
11511,71736,71736,0,W
11513,71746,71748,2,E
11515,71754,71754,0,W
11516,71769,71769,0,E
11517,71772,71772,0,W
11508,71718,71775,57,N
11512,71742,71775,33,S
11514,71752,71778,26,N
11518,71779,71781,2,S
11519,71786,71787,1,N
11524,71816,71817,1,S
11521,71792,71820,28,E
11520,71790,71820,30,W
11523,71815,71823,8,E
11522,71808,71823,15,W
11526,71826,71826,0,W
11527,71838,71838,0,E
11528,71844,71844,0,W
11531,71861,71862,1,E
11532,71862,71862,0,W
11525,71820,71880,60,N
11529,71853,71880,27,S
11530,71854,71883,29,N
11535,71888,71889,1,N
11536,71890,71892,2,S
11540,71922,71922,0,N
11534,71884,71925,41,E
11533,71880,71925,45,W
11538,71907,71928,21,E
11537,71898,71928,30,W
11542,71930,71931,1,E
11539,71916,71931,15,W
11543,71934,71934,0,W
11544,71952,71952,0,W
11545,71953,71955,2,E
11548,71970,71970,0,W
11549,71976,71976,0,E
11546,71956,71985,29,N
11541,71927,71985,58,S
11547,71964,71988,24,S
11551,71990,71991,1,N
11553,72001,72003,2,S
11556,72024,72024,0,N
11552,71999,72030,31,E
11550,71988,72030,42,W
11555,72022,72033,11,E
11554,72006,72033,27,W
11557,72029,72036,7,W
11559,72051,72051,0,E
11560,72052,72054,2,W
11562,72075,72075,0,W
11563,72080,72081,1,E
11561,72068,72090,22,N
11558,72049,72090,41,S
11564,72097,72099,2,S
11567,72112,72114,2,N
11566,72109,72135,26,E
11565,72098,72135,37,W
11569,72138,72138,0,E
11568,72121,72138,17,W
11570,72144,72144,0,W
11573,72167,72168,1,E
11574,72167,72168,1,W
11575,72190,72192,2,W
11572,72156,72195,39,N
11571,72145,72195,50,S
11576,72193,72198,5,S
11578,72200,72201,1,N
11577,72196,72240,44,E
11579,72213,72240,27,W
11580,72225,72243,18,E
11581,72236,72243,7,W
11584,72254,72255,1,E
11585,72259,72261,2,W
11586,72282,72282,0,W
11587,72283,72285,2,E
11583,72244,72300,56,N
11582,72241,72300,59,S
11588,72288,72303,15,N
11589,72289,72303,14,S
11593,72332,72333,1,N
11594,72337,72339,2,S
11591,72312,72345,33,E
11590,72305,72345,40,W
11595,72341,72348,7,E
11592,72328,72348,20,W
11596,72351,72351,0,W
11597,72370,72372,2,E
11598,72374,72375,1,W
11602,72399,72399,0,E
11601,72397,72399,2,W
11599,72376,72405,29,N
11600,72385,72405,20,S
11603,72420,72420,0,N
11606,72433,72435,2,S
11605,72428,72450,22,E
11604,72420,72450,30,W
11607,72443,72453,10,W
11608,72457,72459,2,E
11610,72466,72468,2,W
11612,72486,72486,0,E
11613,72489,72489,0,W
11609,72464,72510,46,N
11611,72481,72510,29,S
11614,72508,72513,5,N
11617,72529,72531,2,S
11620,72552,72552,0,N
11616,72515,72555,40,E
11615,72512,72555,43,W
11619,72544,72558,14,E
11618,72535,72558,23,W
11621,72558,72561,3,W
11622,72573,72573,0,E
11624,72581,72582,1,W
11626,72602,72603,1,E
11627,72604,72606,2,W
11625,72596,72615,19,N
11623,72577,72615,38,S
11628,72625,72627,2,S
11631,72640,72642,2,N
11630,72631,72660,29,E
11629,72627,72660,33,W
11633,72660,72663,3,E
11632,72650,72663,13,W
11635,72673,72675,2,W
11637,72689,72690,1,E
11638,72696,72696,0,W
11636,72684,72720,36,N
11634,72673,72720,47,S
11641,72721,72723,2,S
11642,72728,72729,1,N
11639,72718,72765,47,E
11640,72719,72765,46,W
11644,72747,72768,21,E
11643,72742,72768,26,W
11645,72765,72771,6,W
11648,72776,72777,1,E
11649,72788,72789,1,W
11650,72805,72807,2,E
11651,72811,72813,2,W
11647,72772,72825,53,N
11646,72769,72825,56,S
11652,72816,72828,12,N
11653,72817,72828,11,S
11657,72860,72861,1,N
11659,72865,72867,2,S
11654,72834,72870,36,E
11655,72834,72870,36,W
11658,72863,72873,10,E
11656,72857,72873,16,W
11660,72880,72882,2,W
11661,72892,72894,2,E
11662,72903,72903,0,W
11665,72921,72921,0,E
11666,72926,72927,1,W
11663,72904,72930,26,N
11664,72913,72930,17,S
11667,72948,72948,0,N
11670,72961,72963,2,S
11669,72950,72975,25,E
11668,72949,72975,26,W
11671,72972,72978,6,W
11672,72979,72981,2,E
11674,72995,72996,1,W
11675,73008,73008,0,E
11677,73018,73020,2,W
11673,72992,73035,43,N
11676,73009,73035,26,S
11678,73036,73038,2,N
11681,73057,73059,2,S
11679,73037,73080,43,E
11680,73041,73080,39,W
11683,73066,73083,17,E
11682,73064,73083,19,W
11685,73087,73089,2,W
11686,73095,73095,0,E
11688,73110,73110,0,W
11690,73124,73125,1,E
11691,73133,73134,1,W
11684,73080,73140,60,N
11687,73105,73140,35,S
11689,73124,73143,19,N
11692,73153,73155,2,S
11695,73168,73170,2,N
11693,73153,73185,32,E
11694,73156,73185,29,W
11697,73182,73188,6,E
11696,73179,73188,9,W
11699,73202,73203,1,W
11700,73211,73212,1,E
11702,73225,73227,2,W
11703,73240,73242,2,E
11701,73212,73245,33,N
11698,73201,73245,44,S
11705,73249,73251,2,S
11706,73256,73257,1,N
11707,73269,73290,21,E
11704,73248,73290,42,W
11708,73271,73293,22,W
11709,73294,73296,2,W
11711,73298,73299,1,E
11713,73317,73317,0,W
11714,73327,73329,2,E
11715,73340,73341,1,W
11712,73300,73350,50,N
11710,73297,73350,53,S
11716,73344,73353,9,N
11717,73345,73353,8,S
11722,73388,73389,1,N
11718,73356,73395,39,E
11719,73363,73395,32,W
11720,73385,73398,13,E
11721,73386,73398,12,W
11724,73409,73410,1,W
11725,73414,73416,2,E
11727,73432,73434,2,W
11729,73443,73443,0,E
11726,73432,73455,23,N
11723,73393,73455,62,S
11728,73441,73458,17,S
11732,73476,73476,0,N
11734,73489,73491,2,S
11731,73472,73500,28,E
11730,73455,73500,45,W
11735,73501,73503,2,E
11733,73478,73503,25,W
11736,73501,73506,5,W
11738,73524,73524,0,W
11739,73530,73530,0,E
11741,73547,73548,1,W
11737,73520,73560,40,N
11740,73537,73560,23,S
11743,73564,73566,2,N
11745,73585,73587,2,S
11742,73559,73605,46,E
11744,73570,73605,35,W
11746,73588,73608,20,E
11747,73593,73608,15,W
11750,73617,73617,0,E
11749,73616,73617,1,W
11752,73639,73641,2,W
11753,73646,73647,1,E
11755,73662,73662,0,W
11748,73608,73665,57,N
11751,73633,73665,32,S
11754,73652,73668,16,N
11757,73681,73683,2,S
11759,73696,73698,2,N
11756,73675,73710,35,E
11758,73685,73710,25,W
11760,73704,73713,9,E
11761,73708,73713,5,W
11763,73731,73731,0,W
11764,73733,73734,1,E
11766,73754,73755,1,W
11767,73762,73764,2,E
11765,73740,73770,30,N
11762,73729,73770,41,S
11768,73777,73779,2,S
11770,73784,73785,1,N
11771,73791,73815,24,E
11769,73777,73815,38,W
11772,73800,73818,18,W
11773,73820,73821,1,E
11774,73823,73824,1,W
11777,73846,73848,2,W
11778,73849,73851,2,E
11779,73869,73869,0,W
11776,73828,73875,47,N
11775,73825,73875,50,S
11780,73872,73878,6,N
11781,73873,73878,5,S
11786,73916,73917,1,N
11782,73878,73920,42,E
11783,73892,73920,28,W
11784,73907,73923,16,E
11785,73915,73923,8,W
11788,73936,73938,2,E
11789,73938,73938,0,W
11791,73961,73962,1,W
11792,73965,73965,0,E
11790,73960,73980,20,N
11787,73921,73980,59,S
11793,73969,73983,14,S
11796,74004,74004,0,N
11798,74017,74019,2,S
11795,73994,74025,31,E
11794,73984,74025,41,W
11799,74023,74028,5,E
11797,74007,74028,21,W
11800,74030,74031,1,W
11802,74052,74052,0,E
11803,74053,74055,2,W
11805,74076,74076,0,W
11806,74081,74082,1,E
11801,74048,74085,37,N
11804,74065,74085,20,S
11807,74092,74094,2,N
11810,74113,74115,2,S
11809,74110,74130,20,E
11808,74099,74130,31,W
11811,74122,74133,11,W
11813,74139,74139,0,E
11814,74145,74145,0,W
11816,74168,74169,1,E
11817,74168,74169,1,W
11812,74136,74190,54,N
11815,74161,74190,29,S
11818,74180,74193,13,N
11821,74209,74211,2,S
11823,74224,74226,2,N
11820,74197,74235,38,E
11819,74191,74235,44,W
11824,74226,74238,12,E
11822,74214,74238,24,W
11825,74237,74241,4,W
11826,74255,74256,1,E
11828,74260,74262,2,W
11830,74283,74283,0,W
11831,74284,74286,2,E
11829,74268,74295,27,N
11827,74257,74295,38,S
11832,74305,74307,2,S
11834,74312,74313,1,N
11835,74313,74340,27,E
11833,74306,74340,34,W
11837,74342,74343,1,E
11836,74329,74343,14,W
11838,74352,74352,0,W
11841,74371,74373,2,E
11842,74375,74376,1,W
11840,74356,74400,44,N
11839,74353,74400,47,S
11844,74400,74403,3,N
11846,74401,74403,2,S
11845,74400,74445,45,E
11843,74398,74445,47,W
11848,74429,74448,19,E
11847,74421,74448,27,W
11850,74444,74451,7,W
11852,74458,74460,2,E
11853,74467,74469,2,W
11854,74487,74487,0,E
11856,74490,74490,0,W
11849,74444,74505,61,N
11851,74449,74505,56,S
11855,74488,74508,20,N
11857,74497,74508,11,S
11860,74532,74532,0,N
11862,74545,74547,2,S
11859,74516,74550,34,E
11858,74513,74550,37,W
11863,74545,74553,8,E
11861,74536,74553,17,W
11864,74559,74559,0,W
11865,74574,74574,0,E
11867,74582,74583,1,W
11869,74603,74604,1,E
11870,74605,74607,2,W
11866,74576,74610,34,N
11868,74593,74610,17,S
11871,74620,74622,2,N
11874,74641,74643,2,S
11873,74632,74655,23,E
11872,74628,74655,27,W
11875,74651,74658,7,W
11876,74661,74661,0,E
11878,74674,74676,2,W
11880,74690,74691,1,E
11881,74697,74697,0,W
11877,74664,74715,51,N
11879,74689,74715,26,S
11882,74708,74718,10,N
11885,74737,74739,2,S
11888,74752,74754,2,N
11883,74719,74760,41,E
11884,74720,74760,40,W
11887,74748,74763,15,E
11886,74743,74763,20,W
11889,74766,74766,0,W
11890,74777,74778,1,E
11892,74789,74790,1,W
11894,74806,74808,2,E
11895,74812,74814,2,W
11893,74796,74820,24,N
11891,74785,74820,35,S
11896,74833,74835,2,S
11899,74840,74841,1,N
11897,74835,74865,30,E
11898,74835,74865,30,W
11901,74864,74868,4,E
11900,74858,74868,10,W
11903,74881,74883,2,W
11905,74893,74895,2,E
11906,74904,74904,0,W
11907,74922,74922,0,E
11904,74884,74925,41,N
11902,74881,74925,44,S
11909,74928,74928,0,N
11910,74929,74931,2,S
11912,74951,74970,19,E
11908,74927,74970,43,W
11911,74950,74973,23,W
11914,74973,74976,3,W
11916,74980,74982,2,E
11917,74996,74997,1,W
11918,75009,75009,0,E
11920,75019,75021,2,W
11913,74972,75030,58,N
11915,74977,75030,53,S
11919,75016,75033,17,N
11921,75025,75033,8,S
11924,75060,75060,0,N
11922,75038,75075,37,E
11923,75042,75075,33,W
11926,75067,75078,11,E
11925,75065,75078,13,W
11928,75088,75090,2,W
11929,75096,75096,0,E
11931,75111,75111,0,W
11933,75125,75126,1,E
11930,75104,75135,31,N
11927,75073,75135,62,S
11932,75121,75138,17,S
11935,75148,75150,2,N
11938,75169,75171,2,S
11936,75154,75180,26,E
11934,75134,75180,46,W
11940,75183,75183,0,E
11937,75157,75183,26,W
11939,75180,75186,6,W
11942,75203,75204,1,W
11943,75212,75213,1,E
11945,75226,75228,2,W
11941,75192,75240,48,N
11944,75217,75240,23,S
11946,75236,75243,7,N
11949,75265,75267,2,S
11952,75280,75282,2,N
11947,75241,75285,44,E
11948,75249,75285,36,W
11950,75270,75288,18,E
11951,75272,75288,16,W
11953,75295,75297,2,W
11954,75299,75300,1,E
11956,75318,75318,0,W
11958,75328,75330,2,E
11959,75341,75342,1,W
11957,75324,75345,21,N
11955,75313,75345,32,S
11961,75361,75363,2,S
11963,75368,75369,1,N
11960,75357,75390,33,E
11962,75364,75390,26,W
11964,75386,75393,7,E
11965,75387,75393,6,W
11967,75410,75411,1,W
11969,75415,75417,2,E
11970,75433,75435,2,W
11971,75444,75444,0,E
11968,75412,75450,38,N
11966,75409,75450,41,S
11972,75456,75456,0,N
11974,75457,75459,2,S
11975,75473,75495,22,E
11973,75456,75495,39,W
11976,75479,75498,19,W
11978,75502,75504,2,E
11979,75502,75504,2,W
11981,75525,75525,0,W
11982,75531,75531,0,E
11984,75548,75549,1,W
11977,75500,75555,55,N
11980,75505,75555,50,S
11983,75544,75558,14,N
11985,75553,75558,5,S
11988,75588,75588,0,N
11986,75560,75600,40,E
11987,75571,75600,29,W
11989,75589,75603,14,E
11990,75594,75603,9,W
11993,75618,75618,0,E
11992,75617,75618,1,W
11995,75645,75645,0,W
11996,75653,75654,1,E
11994,75632,75660,28,N
11991,75601,75660,59,S
11997,75659,75663,4,S
11999,75685,75687,2,N
12000,75688,75705,17,E
11998,75673,75705,32,W
12001,75701,75708,7,W
12003,75723,75723,0,E
12004,75729,75729,0,W
12007,75758,75759,1,E
12006,75757,75759,2,W
12005,75738,75765,27,N
12002,75717,75765,48,S
12008,75775,75777,2,S
12010,75791,75792,1,N
12011,75793,75810,17,E
12009,75785,75810,25,W
12012,75813,75813,0,W
12013,75828,75828,0,E
12015,75841,75843,2,W
12017,75863,75864,1,E
12016,75844,75870,26,N
12014,75833,75870,37,S
12019,75891,75891,0,S
12020,75897,75897,0,N
12022,75898,75915,17,E
12018,75869,75915,46,W
12021,75897,75918,21,W
12023,75925,75927,2,W
12024,75933,75933,0,E
12027,75953,75954,1,W
12028,75968,75969,1,E
12026,75950,75975,25,N
12025,75949,75975,26,S
12030,76003,76005,2,N
12032,76007,76008,1,S
12031,76003,76020,17,E
12029,75981,76020,39,W
12033,76009,76023,14,W
12035,76038,76038,0,E
12034,76037,76038,1,W
12038,76065,76065,0,W
12039,76073,76074,1,E
12036,76056,76080,24,N
12037,76065,76080,15,S
12042,76109,76110,1,N
12041,76108,76125,17,E
12040,76093,76125,32,W
12043,76121,76128,7,W
12045,76143,76143,0,E
12046,76149,76149,0,W
12049,76178,76179,1,E
12048,76177,76179,2,W
12047,76162,76185,23,N
12044,76123,76185,62,S
12050,76181,76188,7,S
12053,76215,76215,0,N
12052,76213,76230,17,E
12051,76205,76230,25,W
12054,76233,76233,0,W
12056,76248,76248,0,E
12057,76261,76263,2,W
12059,76283,76284,1,E
12058,76268,76290,22,N
12055,76239,76290,51,S
12061,76297,76299,2,S
12064,76321,76323,2,N
12063,76318,76335,17,E
12060,76289,76335,46,W
12062,76317,76338,21,W
12065,76345,76347,2,W
12066,76353,76353,0,E
12068,76373,76374,1,W
12070,76388,76389,1,E
12069,76374,76395,21,N
12067,76355,76395,40,S
12072,76413,76413,0,S
12074,76427,76428,1,N
12073,76423,76440,17,E
12071,76401,76440,39,W
12075,76429,76443,14,W
12077,76458,76458,0,E
12076,76457,76458,1,W
12080,76485,76485,0,W
12081,76493,76494,1,E
12079,76480,76500,20,N
12078,76471,76500,29,S
12084,76529,76530,1,S
12085,76533,76533,0,N
12083,76528,76545,17,E
12082,76513,76545,32,W
12086,76541,76548,7,W
12087,76563,76563,0,E
12088,76569,76569,0,W
12092,76598,76599,1,E
12091,76597,76599,2,W
12089,76586,76605,19,N
12090,76587,76605,18,S
12095,76639,76641,2,N
12096,76645,76647,2,S
12094,76633,76650,17,E
12093,76625,76650,25,W
12097,76653,76653,0,W
12098,76668,76668,0,E
12099,76681,76683,2,W
12102,76703,76704,1,E
12100,76692,76710,18,N
12101,76703,76710,7,S
12106,76745,76746,1,N
12105,76738,76755,17,E
12103,76709,76755,46,W
12104,76737,76758,21,W
12108,76765,76767,2,W
12109,76773,76773,0,E
12110,76793,76794,1,W
12112,76808,76809,1,E
12111,76798,76815,17,N
12107,76761,76815,54,S
12113,76819,76821,2,S
12117,76851,76851,0,N
12115,76843,76860,17,E
12114,76821,76860,39,W
12116,76849,76863,14,W
12120,76878,76878,0,E
12119,76877,76878,1,W
12122,76905,76905,0,W
12123,76913,76914,1,E
12121,76904,76920,16,N
12118,76877,76920,43,S
12125,76935,76935,0,S
12127,76957,76959,2,N
12126,76948,76965,17,E
12124,76933,76965,32,W
12128,76961,76968,7,W
12129,76983,76983,0,E
12130,76989,76989,0,W
12134,77018,77019,1,E
12133,77017,77019,2,W
12132,77010,77025,15,N
12131,76993,77025,32,S
12136,77051,77052,1,S
12138,77063,77064,1,N
12137,77053,77070,17,E
12135,77045,77070,25,W
12139,77073,77073,0,W
12140,77088,77088,0,E
12141,77101,77103,2,W
12144,77123,77124,1,E
12143,77116,77130,14,N
12142,77109,77130,21,S
12149,77169,77169,0,N
12148,77167,77169,2,S
12147,77158,77175,17,E
12145,77129,77175,46,W
12146,77157,77178,21,W
12150,77185,77187,2,W
12151,77193,77193,0,E
12152,77213,77214,1,W
12155,77228,77229,1,E
12153,77222,77235,13,N
12154,77225,77235,10,S
12159,77275,77277,2,N
12157,77263,77280,17,E
12156,77241,77280,39,W
12158,77269,77283,14,W
12162,77298,77298,0,E
12161,77297,77298,1,W
12163,77325,77325,0,W
12165,77333,77334,1,E
12164,77328,77340,12,N
12160,77283,77340,57,S
12166,77341,77343,2,S
12169,77381,77382,1,N
12168,77368,77385,17,E
12167,77353,77385,32,W
12170,77381,77388,7,W
12172,77403,77403,0,E
12173,77409,77409,0,W
12176,77438,77439,1,E
12175,77437,77439,2,W
12174,77434,77445,11,N
12171,77399,77445,46,S
12177,77457,77457,0,S
12180,77487,77487,0,N
12179,77473,77490,17,E
12178,77465,77490,25,W
12181,77493,77493,0,W
12182,77508,77508,0,E
12184,77521,77523,2,W
12186,77543,77544,1,E
12185,77540,77550,10,N
12183,77515,77550,35,S
12188,77573,77574,1,S
12190,77578,77595,17,E
12187,77549,77595,46,W
12189,77577,77598,21,W
12192,77605,77607,2,W
12193,77613,77613,0,E
12195,77633,77634,1,W
12197,77648,77649,1,E
12191,77593,77655,62,N
12194,77631,77655,24,S
12196,77646,77658,12,N
12200,77689,77691,2,S
12199,77683,77700,17,E
12198,77661,77700,39,W
12201,77689,77703,14,W
12204,77718,77718,0,E
12203,77717,77718,1,W
12205,77745,77745,0,W
12208,77753,77754,1,E
12202,77699,77760,61,N
12206,77747,77760,13,S
12207,77752,77763,11,N
12210,77788,77805,17,E
12209,77773,77805,32,W
12211,77801,77808,7,W
12214,77823,77823,0,E
12215,77829,77829,0,W
12218,77858,77859,1,E
12216,77857,77859,2,W
12213,77805,77865,60,N
12212,77805,77865,60,S
12217,77858,77868,10,N
12219,77863,77868,5,S
12221,77893,77910,17,E
12220,77885,77910,25,W
12223,77913,77913,0,W
12225,77928,77928,0,E
12226,77941,77943,2,W
12227,77963,77964,1,E
12222,77911,77970,59,N
12224,77921,77970,49,S
12228,77964,77973,9,N
12230,77979,77979,0,S
12232,77998,78015,17,E
12229,77969,78015,46,W
12231,77997,78018,21,W
12234,78025,78027,2,W
12235,78033,78033,0,E
12237,78053,78054,1,W
12238,78068,78069,1,E
12233,78017,78075,58,N
12236,78037,78075,38,S
12239,78070,78078,8,N
12241,78095,78096,1,S
12242,78103,78120,17,E
12240,78081,78120,39,W
12243,78109,78123,14,W
12246,78138,78138,0,E
12245,78137,78138,1,W
12248,78165,78165,0,W
12249,78173,78174,1,E
12244,78123,78180,57,N
12247,78153,78180,27,S
12250,78176,78183,7,N
12253,78211,78213,2,S
12252,78208,78225,17,E
12251,78193,78225,32,W
12254,78221,78228,7,W
12256,78243,78243,0,E
12257,78249,78249,0,W
12260,78278,78279,1,E
12259,78277,78279,2,W
12255,78229,78285,56,N
12258,78269,78285,16,S
12261,78282,78288,6,N
12264,78327,78327,0,S
12263,78313,78330,17,E
12262,78305,78330,25,W
12265,78333,78333,0,W
12267,78348,78348,0,E
12268,78361,78363,2,W
12269,78383,78384,1,E
12266,78335,78390,55,N
12270,78385,78390,5,S
12271,78388,78393,5,N
12274,78418,78435,17,E
12272,78389,78435,46,W
12273,78417,78438,21,W
12277,78445,78447,2,W
12278,78453,78453,0,E
12279,78473,78474,1,W
12280,78488,78489,1,E
12275,78441,78495,54,N
12276,78443,78495,52,S
12281,78494,78498,4,N
12282,78501,78501,0,S
12284,78523,78540,17,E
12283,78501,78540,39,W
12285,78529,78543,14,W
12288,78558,78558,0,E
12287,78557,78558,1,W
12290,78585,78585,0,W
12291,78593,78594,1,E
12286,78547,78600,53,N
12289,78559,78600,41,S
12292,78600,78603,3,N
12294,78617,78618,1,S
12295,78628,78645,17,E
12293,78613,78645,32,W
12296,78641,78648,7,W
12298,78663,78663,0,E
12299,78669,78669,0,W
12302,78698,78699,1,E
12301,78697,78699,2,W
12297,78653,78705,52,N
12300,78675,78705,30,S
12303,78706,78708,2,N
12305,78733,78735,2,S
12306,78733,78750,17,E
12304,78725,78750,25,W
12307,78753,78753,0,W
12309,78768,78768,0,E
12310,78781,78783,2,W
12312,78803,78804,1,E
12308,78759,78810,51,N
12311,78791,78810,19,S
12314,78812,78813,1,N
12317,78849,78849,0,S
12316,78838,78855,17,E
12313,78809,78855,46,W
12315,78837,78858,21,W
12319,78865,78867,2,W
12320,78873,78873,0,E
12321,78893,78894,1,W
12323,78908,78909,1,E
12318,78865,78915,50,N
12322,78907,78915,8,S
12324,78918,78918,0,N
12326,78943,78960,17,E
12325,78921,78960,39,W
12327,78949,78963,14,W
12331,78978,78978,0,E
12330,78977,78978,1,W
12332,79005,79005,0,W
12333,79013,79014,1,E
12329,78971,79020,49,N
12328,78965,79020,55,S
12334,79023,79023,0,S
12335,79024,79026,2,N
12337,79048,79065,17,E
12336,79033,79065,32,W
12338,79061,79068,7,W
12341,79083,79083,0,E
12342,79089,79089,0,W
12344,79118,79119,1,E
12343,79117,79119,2,W
12339,79077,79125,48,N
12340,79081,79125,44,S
12345,79130,79131,1,N
12346,79139,79140,1,S
12348,79153,79170,17,E
12347,79145,79170,25,W
12349,79173,79173,0,W
12351,79188,79188,0,E
12353,79201,79203,2,W
12354,79223,79224,1,E
12350,79183,79230,47,N
12352,79197,79230,33,S
12355,79236,79236,0,N
12357,79255,79257,2,S
12358,79271,79275,4,E
12356,79240,79275,35,W
12359,79279,79281,2,W
12362,79319,79320,1,E
12361,79318,79320,2,W
12360,79308,79335,27,N
12363,79334,79335,1,S
12365,79367,79380,13,E
12364,79357,79380,23,W
12367,79396,79398,2,W
12369,79415,79416,1,E
12370,79435,79437,2,W
12366,79380,79440,60,N
12368,79413,79440,27,S
12371,79452,79452,0,N
12372,79463,79485,22,E
12373,79474,79485,11,W
12375,79511,79512,1,E
12376,79513,79515,2,W
12377,79524,79545,21,N
12374,79492,79545,53,S
12380,79571,79572,1,S
12379,79559,79590,31,E
12378,79552,79590,38,W
12381,79591,79593,2,W
12383,79607,79608,1,E
12384,79630,79632,2,W
12382,79596,79650,54,N
12385,79650,79650,0,S
12387,79668,79668,0,N
12386,79655,79695,40,E
12388,79669,79695,26,W
12389,79703,79704,1,E
12390,79708,79710,2,W
12393,79747,79749,2,W
12394,79751,79752,1,E
12392,79740,79755,15,N
12391,79729,79755,26,S
12396,79799,79800,1,E
12395,79786,79800,14,W
12399,79825,79827,2,W
12400,79847,79848,1,E
12398,79812,79860,48,N
12397,79808,79860,52,S
12402,79884,79884,0,N
12403,79887,79887,0,S
12404,79895,79905,10,E
12401,79864,79905,41,W
12405,79903,79908,5,W
12407,79943,79944,1,E
12406,79942,79944,2,W
12408,79956,79965,9,N
12409,79966,79968,2,S
12411,79991,80010,19,E
12410,79981,80010,29,W
12412,80020,80022,2,W
12414,80039,80040,1,E
12416,80059,80061,2,W
12413,80028,80070,42,N
12415,80045,80070,25,S
12419,80100,80100,0,N
12417,80087,80115,28,E
12418,80098,80115,17,W
12421,80135,80136,1,E
12422,80137,80139,2,W
12423,80172,80175,3,N
12420,80124,80175,51,S
12426,80203,80205,2,S
12425,80183,80220,37,E
12424,80176,80220,44,W
12427,80215,80223,8,W
12428,80231,80232,1,E
12430,80254,80256,2,W
12429,80244,80280,36,N
12432,80282,80283,1,S
12434,80316,80316,0,N
12431,80279,80325,46,E
12433,80293,80325,32,W
12435,80327,80328,1,E
12436,80332,80334,2,W
12438,80371,80373,2,W
12439,80375,80376,1,E
12437,80361,80385,24,S
12440,80388,80388,0,N
12442,80423,80430,7,E
12441,80410,80430,20,W
12444,80449,80451,2,W
12446,80471,80472,1,E
12445,80460,80490,30,N
12443,80440,80490,50,S
12448,80519,80520,1,S
12451,80532,80532,0,N
12449,80519,80535,16,E
12447,80488,80535,47,W
12450,80527,80538,11,W
12453,80567,80568,1,E
12452,80566,80568,2,W
12454,80598,80598,0,S
12455,80604,80604,0,N
12457,80615,80640,25,E
12456,80605,80640,35,W
12458,80644,80646,2,W
12459,80663,80664,1,E
12462,80683,80685,2,W
12460,80676,80700,24,N
12461,80677,80700,23,S
12463,80711,80745,34,E
12464,80722,80745,23,W
12467,80759,80760,1,E
12468,80761,80763,2,W
12469,80800,80802,2,W
12465,80748,80805,57,N
12466,80756,80805,49,S
12471,80820,80820,0,N
12472,80835,80835,0,S
12470,80807,80850,43,E
12473,80839,80850,11,W
12474,80855,80856,1,E
12475,80878,80880,2,W
12477,80903,80904,1,E
12476,80892,80910,18,N
12478,80914,80916,2,S
12480,80951,80955,4,E
12479,80917,80955,38,W
12481,80956,80958,2,W
12484,80995,80997,2,W
12485,80999,81000,1,E
12482,80964,81015,51,N
12483,80993,81015,22,S
12487,81036,81036,0,N
12488,81047,81060,13,E
12486,81034,81060,26,W
12490,81073,81075,2,W
12491,81095,81096,1,E
12493,81112,81114,2,W
12492,81108,81120,12,N
12489,81072,81120,48,S
12495,81151,81153,2,S
12494,81143,81165,22,E
12496,81151,81165,14,W
12499,81191,81192,1,E
12498,81190,81192,2,W
12497,81180,81225,45,N
12501,81230,81231,1,S
12503,81252,81252,0,N
12502,81239,81270,31,E
12500,81229,81270,41,W
12504,81268,81273,5,W
12505,81287,81288,1,E
12506,81307,81309,2,W
12508,81324,81330,6,N
12507,81309,81330,21,S
12509,81335,81375,40,E
12510,81346,81375,29,W
12511,81383,81384,1,E
12512,81385,81387,2,W
12515,81424,81426,2,W
12516,81431,81432,1,E
12514,81396,81435,39,N
12513,81388,81435,47,S
12519,81468,81468,0,N
12518,81467,81468,1,S
12520,81479,81480,1,E
12517,81463,81480,17,W
12521,81502,81504,2,W
12522,81527,81528,1,E
12523,81540,81540,0,N
12525,81546,81546,0,S
12526,81575,81585,10,E
12524,81541,81585,44,W
12527,81580,81588,8,W
12529,81619,81621,2,W
12530,81623,81624,1,E
12528,81612,81645,33,N
12531,81625,81645,20,S
12534,81684,81684,0,N
12533,81671,81690,19,E
12532,81658,81690,32,W
12535,81697,81699,2,W
12537,81719,81720,1,E
12538,81736,81738,2,W
12536,81704,81750,46,S
12539,81756,81756,0,N
12542,81783,81783,0,S
12540,81767,81795,28,E
12541,81775,81795,20,W
12544,81815,81816,1,E
12543,81814,81816,2,W
12545,81828,81855,27,N
12547,81862,81864,2,S
12548,81863,81900,37,E
12546,81853,81900,47,W
12549,81892,81903,11,W
12551,81911,81912,1,E
12552,81931,81933,2,W
12550,81900,81960,60,N
12553,81941,81960,19,S
12556,81972,81972,0,N
12554,81959,82005,46,E
12555,81970,82005,35,W
12557,82007,82008,1,E
12558,82009,82011,2,W
12561,82048,82050,2,W
12562,82055,82056,1,E
12560,82044,82065,21,N
12559,82020,82065,45,S
12564,82099,82101,2,S
12565,82103,82110,7,E
12563,82087,82110,23,W
12567,82126,82128,2,W
12568,82151,82152,1,E
12569,82165,82167,2,W
12566,82116,82170,54,N
12570,82178,82179,1,S
12571,82188,82188,0,N
12572,82199,82215,16,E
12573,82204,82215,11,W
12574,82243,82245,2,W
12575,82247,82248,1,E
12577,82260,82275,15,N
12576,82257,82275,18,S
12579,82295,82320,25,E
12578,82282,82320,38,W
12580,82321,82323,2,W
12583,82343,82344,1,E
12584,82360,82362,2,W
12581,82332,82380,48,N
12582,82336,82380,44,S
12587,82404,82404,0,N
12588,82415,82416,1,S
12585,82391,82425,34,E
12586,82399,82425,26,W
12590,82439,82440,1,E
12589,82438,82440,2,W
12592,82477,82479,2,W
12591,82476,82485,9,N
12594,82494,82494,0,S
12593,82487,82530,43,E
12595,82516,82530,14,W
12596,82535,82536,1,E
12598,82555,82557,2,W
12600,82583,82584,1,E
12597,82548,82590,42,N
12599,82573,82590,17,S
12602,82620,82620,0,N
12603,82631,82635,4,E
12601,82594,82635,41,W
12604,82633,82638,5,W
12606,82672,82674,2,W
12607,82679,82680,1,E
12608,82692,82695,3,N
12605,82652,82695,43,S
12611,82731,82731,0,S
12610,82727,82740,13,E
12609,82711,82740,29,W
12612,82750,82752,2,W
12614,82775,82776,1,E
12615,82789,82791,2,W
12613,82764,82800,36,N
12616,82810,82812,2,S
12619,82836,82836,0,N
12617,82823,82845,22,E
12618,82828,82845,17,W
12620,82885,82887,2,W
12621,82895,82896,1,E
12622,82928,82929,1,S
12624,82943,82944,1,N
12623,82942,82950,8,W
12625,82967,82968,1,E
12626,82999,83001,2,W
12628,83046,83046,0,S
12629,83050,83052,2,N
12627,83039,83055,16,E
12630,83056,83058,2,W
12631,83111,83112,1,E
12633,83157,83157,0,N
12632,83113,83160,47,W
12635,83170,83172,2,W
12636,83183,83184,1,E
12634,83164,83220,56,S
12638,83255,83265,10,E
12637,83227,83265,38,W
12641,83284,83286,2,W
12639,83264,83325,61,N
12640,83282,83325,43,S
12642,83327,83370,43,E
12643,83341,83370,29,W
12646,83399,83400,1,E
12645,83398,83400,2,W
12644,83371,83430,59,N
12647,83400,83430,30,S
12649,83471,83475,4,E
12648,83455,83475,20,W
12651,83512,83514,2,W
12650,83478,83535,57,N
12652,83518,83535,17,S
12653,83543,83580,37,E
12654,83569,83580,11,W
12656,83615,83616,1,E
12657,83626,83628,2,W
12655,83585,83640,55,N
12658,83636,83640,4,S
12659,83683,83685,2,W
12660,83687,83688,1,E
12662,83740,83742,2,W
12661,83692,83745,53,N
12663,83754,83754,0,S
12664,83759,83790,31,E
12665,83797,83799,2,W
12667,83831,83832,1,E
12666,83799,83850,51,N
12669,83872,83874,2,S
12668,83854,83895,41,W
12670,83903,83904,1,E
12672,83911,83913,2,W
12671,83906,83955,49,N
12675,83990,83991,1,S
12674,83975,84000,25,E
12673,83968,84000,32,W
12677,84025,84027,2,W
12678,84047,84048,1,E
12676,84013,84060,47,N
12679,84082,84105,23,W
12681,84119,84120,1,E
12683,84139,84141,2,W
12682,84120,84165,45,N
12680,84108,84165,57,S
12684,84191,84210,19,E
12685,84196,84210,14,W
12688,84253,84255,2,W
12689,84263,84264,1,E
12687,84227,84270,43,N
12686,84226,84270,44,S
12690,84310,84315,5,W
12692,84335,84336,1,E
12694,84367,84369,2,W
12691,84334,84375,41,N
12693,84344,84375,31,S
12695,84407,84420,13,E
12696,84424,84426,2,W
12697,84441,84480,39,N
12698,84462,84480,18,S
12699,84479,84525,46,E
12700,84481,84525,44,W
12701,84538,84540,2,W
12703,84551,84552,1,E
12702,84548,84585,37,N
12704,84580,84585,5,S
12706,84623,84630,7,E
12705,84595,84630,35,W
12707,84652,84654,2,W
12708,84655,84690,35,N
12710,84698,84699,1,S
12709,84695,84735,40,E
12711,84709,84735,26,W
12714,84767,84768,1,E
12713,84766,84768,2,W
12712,84762,84795,33,N
12715,84816,84816,0,S
12717,84839,84840,1,E
12716,84823,84840,17,W
12719,84880,84882,2,W
12718,84869,84900,31,N
12721,84934,84936,2,S
12720,84911,84945,34,E
12722,84937,84945,8,W
12724,84983,84984,1,E
12725,84994,84996,2,W
12723,84976,85005,29,N
12726,85051,85053,2,W
12728,85055,85056,1,E
12729,85083,85110,27,N
12727,85052,85110,58,S
12731,85127,85155,28,E
12730,85108,85155,47,W
12732,85165,85167,2,W
12735,85199,85200,1,E
12734,85190,85215,25,N
12733,85170,85215,45,S
12736,85222,85260,38,W
12737,85271,85272,1,E
12738,85279,85281,2,W
12740,85297,85320,23,N
12739,85288,85320,32,S
12742,85343,85365,22,E
12741,85336,85365,29,W
12743,85393,85395,2,W
12746,85415,85416,1,E
12744,85404,85425,21,N
12745,85406,85425,19,S
12747,85450,85470,20,W
12748,85487,85488,1,E
12749,85507,85509,2,W
12750,85511,85530,19,N
12751,85524,85530,6,S
12752,85559,85575,16,E
12753,85564,85575,11,W
12755,85621,85623,2,W
12756,85631,85632,1,E
12754,85618,85635,17,N
12757,85642,85644,2,S
12758,85678,85680,2,W
12759,85703,85704,1,E
12761,85735,85737,2,W
12760,85725,85740,15,N
12762,85760,85761,1,S
12763,85775,85785,10,E
12764,85792,85794,2,W
12765,85832,85845,13,N
12768,85878,85878,0,S
12766,85847,85890,43,E
12767,85849,85890,41,W
12769,85906,85908,2,W
12770,85919,85920,1,E
12771,85939,85950,11,N
12773,85991,85995,4,E
12772,85963,85995,32,W
12775,86020,86022,2,W
12776,86046,86055,9,N
12774,85996,86055,59,S
12777,86063,86100,37,E
12778,86077,86100,23,W
12781,86135,86136,1,E
12780,86134,86136,2,W
12782,86153,86160,7,N
12779,86114,86160,46,S
12783,86191,86205,14,W
12784,86207,86208,1,E
12786,86248,86250,2,W
12787,86260,86265,5,N
12785,86232,86265,33,S
12788,86279,86310,31,E
12789,86305,86310,5,W
12791,86351,86352,1,E
12792,86362,86364,2,W
12793,86367,86370,3,N
12790,86350,86370,20,S
