Car_Number,Arrive,Depart,Wait,Direction
1,0,0,0,N
2,0,4,4,S
3,0,8,8,E
4,0,12,12,W
5,98,100,2,W
6,122,124,2,E
7,183,184,1,N
8,196,196,0,W
9,201,204,3,S
10,244,244,0,E
11,294,296,2,W
12,366,368,2,N
13,366,372,6,E
14,392,392,0,W
15,402,404,2,S
16,488,488,0,E
17,490,492,2,W
18,549,552,3,N
19,588,588,0,W
20,603,604,1,S
21,610,612,2,E
22,686,688,2,W
23,732,732,0,N
24,732,736,4,E
25,784,784,0,W
26,804,804,0,S
27,854,856,2,E
28,882,884,2,W
29,915,916,1,N
30,976,976,0,E
31,980,980,0,W
32,1005,1008,3,S
33,1078,1080,2,W
34,1098,1100,2,N
35,1098,1104,6,E
36,1176,1176,0,W
37,1206,1208,2,S
38,1220,1220,0,E
39,1274,1276,2,W
40,1281,1284,3,N
41,1342,1344,2,E
42,1372,1372,0,W
43,1407,1408,1,S
44,1464,1464,0,N
45,1464,1468,4,E
46,1470,1472,2,W
47,1568,1568,0,W
48,1586,1588,2,E
49,1608,1608,0,S
50,1647,1648,1,N
51,1666,1668,2,W
52,1708,1708,0,E
53,1764,1764,0,W
54,1809,1812,3,S
55,1830,1832,2,N
56,1830,1836,6,E
57,1862,1864,2,W
58,1952,1952,0,E
59,1960,1960,0,W
60,2010,2012,2,S
61,2013,2016,3,N
62,2058,2060,2,W
63,2074,2076,2,E
64,2156,2156,0,W
65,2196,2196,0,N
66,2196,2200,4,E
67,2211,2212,1,S
68,2254,2256,2,W
69,2318,2320,2,E
70,2352,2352,0,W
71,2379,2380,1,N
72,2412,2412,0,S
73,2440,2440,0,E
74,2450,2452,2,W
75,2548,2548,0,W
76,2562,2564,2,N
77,2562,2568,6,E
78,2613,2616,3,S
79,2646,2648,2,W
80,2684,2684,0,E
81,2744,2744,0,W
82,2745,2748,3,N
83,2806,2808,2,E
84,2814,2816,2,S
85,2842,2844,2,W
86,2928,2928,0,N
87,2928,2932,4,E
88,2940,2940,0,W
89,3015,3016,1,S
90,3038,3040,2,W
91,3050,3052,2,E
92,3111,3112,1,N
93,3136,3136,0,W
94,3172,3172,0,E
95,3216,3216,0,S
96,3234,3236,2,W
97,3294,3296,2,N
98,3294,3300,6,E
99,3332,3332,0,W
100,3416,3416,0,E
101,3417,3420,3,S
102,3430,3432,2,W
103,3477,3480,3,N
104,3528,3528,0,W
105,3538,3540,2,E
106,3618,3620,2,S
107,3626,3628,2,W
108,3660,3660,0,N
109,3660,3664,4,E
110,3779,3780,1,W
111,3850,3852,2,E
112,3930,3932,2,S
113,3932,3936,4,W
114,3945,3948,3,N
115,4040,4040,0,E
116,4085,4088,3,W
117,4230,4232,2,N
118,4230,4236,6,E
119,4238,4240,2,W
120,4242,4244,2,S
121,4391,4392,1,W
122,4420,4420,0,E
123,4515,4516,1,N
124,4544,4544,0,W
125,4554,4556,2,S
126,4610,4612,2,E
127,4697,4700,3,W
128,4800,4800,0,N
129,4800,4804,4,E
130,4850,4852,2,W
131,4866,4868,2,S
132,4990,4992,2,E
133,5003,5004,1,W
134,5085,5088,3,N
135,5156,5156,0,W
136,5178,5180,2,S
137,5180,5184,4,E
138,5309,5312,3,W
139,5370,5372,2,N
140,5370,5376,6,E
141,5462,5464,2,W
142,5490,5492,2,S
143,5560,5560,0,E
144,5615,5616,1,W
145,5655,5656,1,N
146,5750,5752,2,E
147,5768,5768,0,W
148,5802,5804,2,S
149,5921,5924,3,W
150,5940,5940,0,N
151,5940,5944,4,E
152,6074,6076,2,W
153,6114,6116,2,S
154,6130,6132,2,E
155,6225,6228,3,N
156,6227,6232,5,W
157,6320,6320,0,E
158,6380,6380,0,W
159,6426,6428,2,S
160,6510,6512,2,N
161,6510,6516,6,E
162,6533,6536,3,W
163,6686,6688,2,W
164,6700,6700,0,E
165,6738,6740,2,S
166,6795,6796,1,N
167,6839,6840,1,W
168,6890,6892,2,E
169,6992,6992,0,W
170,7050,7052,2,S
171,7080,7080,0,N
172,7080,7084,4,E
173,7145,7148,3,W
174,7270,7272,2,E
175,7298,7300,2,W
176,7362,7364,2,S
177,7365,7368,3,N
178,7467,7468,1,W
179,7481,7484,3,E
180,7636,7636,0,W
181,7680,7680,0,N
182,7692,7692,0,E
183,7708,7708,0,S
184,7805,7808,3,W
185,7903,7904,1,E
186,7974,7976,2,W
187,7995,7996,1,N
188,8054,8056,2,S
189,8114,8116,2,E
190,8143,8144,1,W
191,8310,8312,2,N
192,8312,8316,4,W
193,8325,8328,3,E
194,8400,8400,0,S
195,8481,8484,3,W
196,8536,8536,0,E
197,8625,8628,3,N
198,8650,8652,2,W
199,8746,8748,2,S
200,8747,8752,5,E
201,8819,8820,1,W
202,8940,8940,0,N
203,8958,8960,2,E
204,8988,8988,0,W
205,9092,9092,0,S
206,9157,9160,3,W
207,9169,9172,3,E
208,9255,9256,1,N
209,9326,9328,2,W
210,9380,9380,0,E
211,9438,9440,2,S
212,9495,9496,1,W
213,9570,9572,2,N
214,9591,9592,1,E
215,9664,9664,0,W
216,9784,9784,0,S
217,9802,9804,2,E
218,9833,9836,3,W
219,9885,9888,3,N
220,10002,10004,2,W
221,10013,10016,3,E
222,10130,10132,2,S
223,10171,10172,1,W
224,10200,10200,0,N
225,10224,10224,0,E
226,10340,10340,0,W
227,10435,10436,1,E
228,10476,10476,0,S
229,10509,10512,3,W
230,10515,10516,1,N
231,10646,10648,2,E
232,10678,10680,2,W
233,10822,10824,2,S
234,10830,10832,2,N
235,10847,10848,1,W
236,10857,10860,3,E
237,10986,10988,2,W
238,11031,11032,1,E
239,11090,11092,2,N
240,11107,11108,1,S
241,11125,11128,3,W
242,11205,11208,3,E
243,11264,11264,0,W
244,11350,11352,2,N
245,11379,11380,1,E
246,11392,11392,0,S
247,11403,11404,1,W
248,11542,11544,2,W
249,11553,11556,3,E
250,11610,11612,2,N
251,11677,11680,3,S
252,11681,11684,3,W
253,11727,11728,1,E
254,11820,11820,0,W
255,11870,11872,2,N
256,11901,11904,3,E
257,11959,11960,1,W
258,11962,11964,2,S
259,12075,12076,1,E
260,12098,12100,2,W
261,12130,12132,2,N
262,12237,12240,3,W
263,12247,12248,1,S
264,12249,12252,3,E
265,12376,12376,0,W
266,12390,12392,2,N
267,12423,12424,1,E
268,12515,12516,1,W
269,12532,12532,0,S
270,12597,12600,3,E
271,12650,12652,2,N
272,12654,12656,2,W
273,12771,12772,1,E
274,12793,12796,3,W
275,12817,12820,3,S
276,12910,12912,2,N
277,12932,12932,0,W
278,12945,12948,3,E
279,13071,13072,1,W
280,13102,13104,2,S
281,13119,13120,1,E
282,13170,13172,2,N
283,13210,13212,2,W
284,13293,13296,3,E
285,13349,13352,3,W
286,13387,13388,1,S
287,13430,13432,2,N
288,13467,13468,1,E
289,13488,13488,0,W
290,13627,13628,1,W
291,13641,13644,3,E
292,13672,13672,0,S
293,13690,13692,2,N
294,13766,13768,2,W
295,13815,13816,1,E
296,13905,13908,3,W
297,13950,13952,2,N
298,13957,13960,3,S
299,13989,13992,3,E
300,14044,14044,0,W
301,14163,14164,1,E
302,14183,14184,1,W
303,14210,14212,2,N
304,14242,14244,2,S
305,14322,14324,2,W
306,14337,14340,3,E
307,14461,14464,3,W
308,14470,14472,2,N
309,14511,14512,1,E
310,14527,14528,1,S
311,14541,14544,3,W
312,14611,14612,1,E
313,14620,14620,0,N
314,14621,14624,3,W
315,14691,14692,1,S
316,14701,14704,3,W
317,14711,14712,1,E
318,14770,14772,2,N
319,14781,14784,3,W
320,14811,14812,1,E
321,14855,14856,1,S
322,14861,14864,3,W
323,14911,14912,1,E
324,14920,14920,0,N
325,14941,14944,3,W
326,15011,15012,1,E
327,15019,15020,1,S
328,15021,15024,3,W
329,15070,15072,2,N
330,15101,15104,3,W
331,15111,15112,1,E
332,15181,15184,3,W
333,15183,15188,5,S
334,15211,15212,1,E
335,15220,15220,0,N
336,15261,15264,3,W
337,15311,15312,1,E
338,15341,15344,3,W
339,15347,15348,1,S
340,15370,15372,2,N
341,15411,15412,1,E
342,15421,15424,3,W
343,15501,15504,3,W
344,15511,15512,1,S
345,15511,15516,5,E
346,15520,15520,0,N
347,15581,15584,3,W
348,15611,15612,1,E
349,15661,15664,3,W
350,15670,15672,2,N
351,15675,15676,1,S
352,15711,15712,1,E
353,15741,15744,3,W
354,15811,15812,1,E
355,15820,15820,0,N
356,15821,15824,3,W
357,15839,15840,1,S
358,15901,15904,3,W
359,15911,15912,1,E
360,15970,15972,2,N
361,15981,15984,3,W
362,16003,16004,1,S
363,16011,16012,1,E
364,16061,16064,3,W
365,16111,16112,1,E
366,16120,16120,0,N
367,16141,16144,3,W
368,16167,16168,1,S
369,16211,16212,1,E
370,16221,16224,3,W
371,16270,16272,2,N
372,16301,16304,3,W
373,16311,16312,1,E
374,16331,16332,1,S
375,16381,16384,3,W
376,16411,16412,1,E
377,16420,16420,0,N
378,16461,16464,3,W
379,16495,16496,1,S
380,16511,16512,1,E
381,16541,16544,3,W
382,16570,16572,2,N
383,16611,16612,1,E
384,16621,16624,3,W
385,16659,16660,1,S
386,16701,16704,3,W
387,16711,16712,1,E
388,16720,16720,0,N
389,16781,16784,3,W
390,16811,16812,1,E
391,16823,16824,1,S
392,16861,16864,3,W
393,16870,16872,2,N
394,16911,16912,1,E
395,16941,16944,3,W
396,16987,16988,1,S
397,17011,17012,1,E
398,17020,17020,0,N
399,17021,17024,3,W
400,17101,17104,3,W
401,17111,17112,1,E
402,17151,17152,1,S
403,17170,17172,2,N
404,17181,17184,3,W
405,17211,17212,1,E
406,17261,17264,3,W
407,17311,17312,1,E
408,17315,17316,1,S
409,17320,17320,0,N
410,17341,17344,3,W
411,17411,17412,1,E
412,17421,17424,3,W
413,17470,17472,2,N
414,17479,17480,1,S
415,17501,17504,3,W
416,17511,17512,1,E
417,17581,17584,3,W
418,17611,17612,1,E
419,17620,17620,0,N
420,17643,17644,1,S
421,17661,17664,3,W
422,17711,17712,1,E
423,17741,17744,3,W
424,17770,17772,2,N
425,17807,17808,1,S
426,17811,17812,1,E
427,17821,17824,3,W
428,17901,17904,3,W
429,17911,17912,1,E
430,17920,17920,0,N
431,17971,17972,1,S
432,17981,17984,3,W
433,18011,18012,1,E
434,18054,18056,2,E
435,18061,18064,3,W
436,18070,18072,2,N
437,18095,18096,1,W
438,18097,18100,3,E
439,18129,18132,3,W
440,18134,18136,2,N
441,18135,18140,5,S
442,18140,18144,4,E
443,18163,18164,1,W
444,18183,18184,1,E
445,18197,18200,3,W
446,18198,18204,6,N
447,18206,18208,2,S
448,18226,18228,2,E
449,18231,18232,1,W
450,18262,18264,2,N
451,18265,18268,3,W
452,18269,18272,3,E
453,18277,18280,3,S
454,18299,18300,1,W
455,18312,18312,0,E
456,18326,18328,2,N
457,18333,18336,3,W
458,18348,18348,0,S
459,18355,18356,1,E
460,18367,18368,1,W
461,18390,18392,2,N
462,18398,18400,2,E
463,18401,18404,3,W
464,18419,18420,1,S
465,18435,18436,1,W
466,18441,18444,3,E
467,18454,18456,2,N
468,18469,18472,3,W
469,18484,18484,0,E
470,18490,18492,2,S
471,18503,18504,1,W
472,18518,18520,2,N
473,18527,18528,1,E
474,18537,18540,3,W
475,18561,18564,3,S
476,18570,18572,2,E
477,18571,18576,5,W
478,18582,18584,2,N
479,18605,18608,3,W
480,18613,18616,3,E
481,18632,18632,0,S
482,18639,18640,1,W
483,18646,18648,2,N
484,18656,18656,0,E
485,18673,18676,3,W
486,18699,18700,1,E
487,18703,18704,1,S
488,18707,18708,1,W
489,18710,18712,2,N
490,18741,18744,3,W
491,18742,18748,6,E
492,18774,18776,2,S
493,18774,18780,6,N
494,18775,18784,9,W
495,18785,18788,3,E
496,18809,18812,3,W
497,18828,18828,0,E
498,18838,18840,2,N
499,18843,18844,1,W
500,18845,18848,3,S
501,18871,18872,1,E
502,18877,18880,3,W
503,18902,18904,2,N
504,18911,18912,1,W
505,18914,18916,2,E
506,18916,18920,4,S
507,18945,18948,3,W
508,18957,18960,3,E
509,18966,18968,2,N
510,18979,18980,1,W
511,18987,18988,1,S
512,19000,19000,0,E
513,19013,19016,3,W
514,19030,19032,2,N
515,19043,19044,1,E
516,19047,19048,1,W
517,19058,19060,2,S
518,19081,19084,3,W
519,19086,19088,2,E
520,19094,19096,2,N
521,19115,19116,1,W
522,19129,19132,3,S
523,19129,19136,7,E
524,19149,19152,3,W
525,19158,19160,2,N
526,19172,19172,0,E
527,19183,19184,1,W
528,19200,19200,0,S
529,19215,19216,1,E
530,19217,19220,3,W
531,19222,19224,2,N
532,19251,19252,1,W
533,19258,19260,2,E
534,19271,19272,1,S
535,19285,19288,3,W
536,19286,19292,6,N
537,19301,19304,3,E
538,19319,19320,1,W
539,19342,19344,2,S
540,19344,19348,4,E
541,19350,19352,2,N
542,19353,19356,3,W
543,19387,19388,1,E
544,19387,19392,5,W
545,19413,19416,3,S
546,19414,19420,6,N
547,19421,19424,3,W
548,19430,19432,2,E
549,19455,19456,1,W
550,19473,19476,3,E
551,19478,19480,2,N
552,19484,19484,0,S
553,19489,19492,3,W
554,19516,19516,0,E
555,19523,19524,1,W
556,19542,19544,2,N
557,19555,19556,1,S
558,19557,19560,3,W
559,19559,19564,5,E
560,19591,19592,1,W
561,19602,19604,2,E
562,19606,19608,2,N
563,19625,19628,3,W
564,19626,19632,6,S
565,19645,19648,3,E
566,19659,19660,1,W
567,19670,19672,2,N
568,19688,19688,0,E
569,19693,19696,3,W
570,19697,19700,3,S
571,19727,19728,1,W
572,19731,19732,1,E
573,19734,19736,2,N
574,19761,19764,3,W
575,19768,19768,0,S
576,19774,19776,2,E
577,19795,19796,1,W
578,19798,19800,2,N
579,19817,19820,3,E
580,19829,19832,3,W
581,19839,19840,1,S
582,19860,19860,0,E
583,19862,19864,2,N
584,19863,19868,5,W
585,19897,19900,3,W
586,19903,19904,1,E
587,19910,19912,2,S
588,19926,19928,2,N
589,19931,19932,1,W
590,19946,19948,2,E
591,19965,19968,3,W
592,19981,19984,3,S
593,19989,19992,3,E
594,19990,19996,6,N
595,19999,20000,1,W
596,20032,20032,0,E
597,20033,20036,3,W
598,20052,20052,0,S
599,20054,20056,2,N
600,20067,20068,1,W
601,20075,20076,1,E
602,20101,20104,3,W
603,20118,20120,2,N
604,20118,20124,6,E
605,20123,20128,5,S
606,20135,20136,1,W
607,20161,20164,3,E
608,20169,20172,3,W
609,20182,20184,2,N
610,20194,20196,2,S
611,20203,20204,1,W
612,20204,20208,4,E
613,20237,20240,3,W
614,20246,20248,2,N
615,20247,20252,5,E
616,20265,20268,3,S
617,20271,20272,1,W
618,20290,20292,2,E
619,20305,20308,3,W
620,20310,20312,2,N
621,20333,20336,3,E
622,20336,20340,4,S
623,20339,20344,5,W
624,20373,20376,3,W
625,20374,20380,6,N
626,20376,20384,8,E
627,20407,20408,1,S
628,20407,20412,5,W
629,20419,20420,1,E
630,20438,20440,2,N
631,20441,20444,3,W
632,20462,20464,2,E
633,20475,20476,1,W
634,20478,20480,2,S
635,20502,20504,2,N
636,20505,20508,3,E
637,20509,20512,3,W
638,20543,20544,1,W
639,20548,20548,0,E
640,20549,20552,3,S
641,20566,20568,2,N
642,20577,20580,3,W
643,20591,20592,1,E
644,20611,20612,1,W
645,20620,20620,0,S
646,20630,20632,2,N
647,20634,20636,2,E
648,20645,20648,3,W
649,20677,20680,3,E
650,20679,20684,5,W
651,20691,20692,1,S
652,20694,20696,2,N
653,20713,20716,3,W
654,20720,20720,0,E
655,20747,20748,1,W
656,20758,20760,2,N
657,20762,20764,2,S
658,20763,20768,5,E
659,20781,20784,3,W
660,20806,20808,2,E
661,20815,20816,1,W
662,20822,20824,2,N
663,20833,20836,3,S
664,20849,20852,3,E
665,20849,20856,7,W
666,20883,20884,1,W
667,20886,20888,2,N
668,20892,20892,0,E
669,20904,20904,0,S
670,20917,20920,3,W
671,20935,20936,1,E
672,20950,20952,2,N
673,20951,20956,5,W
674,20975,20976,1,S
675,20978,20980,2,E
676,20985,20988,3,W
677,21014,21016,2,N
678,21019,21020,1,W
679,21021,21024,3,E
680,21046,21048,2,S
681,21053,21056,3,W
682,21064,21064,0,E
683,21078,21080,2,N
684,21087,21088,1,W
685,21107,21108,1,E
686,21117,21120,3,S
687,21121,21124,3,W
688,21142,21144,2,N
689,21150,21152,2,E
690,21155,21156,1,W
691,21188,21188,0,S
692,21189,21192,3,W
693,21193,21196,3,E
694,21206,21208,2,N
695,21223,21224,1,W
696,21236,21236,0,E
697,21257,21260,3,W
698,21259,21264,5,S
699,21270,21272,2,N
700,21279,21280,1,E
701,21291,21292,1,W
702,21322,21324,2,E
703,21325,21328,3,W
704,21330,21332,2,S
705,21334,21336,2,N
706,21359,21360,1,W
707,21365,21368,3,E
708,21393,21396,3,W
709,21398,21400,2,N
710,21401,21404,3,S
711,21408,21408,0,E
712,21427,21428,1,W
713,21451,21452,1,E
714,21461,21464,3,W
715,21462,21468,6,N
716,21472,21472,0,S
717,21494,21496,2,E
718,21495,21500,5,W
719,21526,21528,2,N
720,21529,21532,3,W
721,21537,21540,3,E
722,21543,21544,1,S
723,21563,21564,1,W
724,21580,21580,0,E
725,21590,21592,2,N
726,21597,21600,3,W
727,21614,21616,2,S
728,21623,21624,1,E
729,21631,21632,1,W
730,21643,21644,1,E
731,21647,21648,1,S
732,21647,21652,5,W
733,21654,21656,2,N
734,21663,21664,1,E
735,21663,21668,5,W
736,21679,21680,1,W
737,21680,21684,4,S
738,21683,21688,5,E
739,21684,21692,8,N
740,21695,21696,1,W
741,21703,21704,1,E
742,21711,21712,1,W
743,21713,21716,3,S
744,21714,21720,6,N
745,21723,21724,1,E
746,21727,21728,1,W
747,21743,21744,1,E
748,21743,21748,5,W
749,21744,21752,8,N
750,21746,21756,10,S
751,21759,21760,1,W
752,21763,21764,1,E
753,21774,21776,2,N
754,21775,21780,5,W
755,21779,21784,5,S
756,21783,21788,5,E
757,21791,21792,1,W
758,21803,21804,1,E
759,21804,21808,4,N
760,21807,21812,5,W
761,21812,21816,4,S
762,21823,21824,1,E
763,21823,21828,5,W
764,21834,21836,2,N
765,21839,21840,1,W
766,21843,21844,1,E
767,21845,21848,3,S
768,21855,21856,1,W
769,21863,21864,1,E
770,21864,21868,4,N
771,21871,21872,1,W
772,21878,21880,2,S
773,21883,21884,1,E
774,21887,21888,1,W
775,21894,21896,2,N
776,21903,21904,1,E
777,21903,21908,5,W
778,21911,21912,1,S
779,21919,21920,1,W
780,21923,21924,1,E
781,21924,21928,4,N
782,21935,21936,1,W
783,21943,21944,1,E
784,21944,21948,4,S
785,21951,21952,1,W
786,21954,21956,2,N
787,21963,21964,1,E
788,21967,21968,1,W
789,21977,21980,3,S
790,21983,21984,1,E
791,21983,21988,5,W
792,21984,21992,8,N
793,21999,22000,1,W
794,22003,22004,1,E
795,22010,22012,2,S
796,22014,22016,2,N
797,22015,22020,5,W
798,22023,22024,1,E
799,22031,22032,1,W
800,22043,22044,1,S
801,22043,22048,5,E
802,22044,22052,8,N
803,22047,22056,9,W
804,22063,22064,1,E
805,22063,22068,5,W
806,22074,22076,2,N
807,22076,22080,4,S
808,22079,22084,5,W
809,22083,22088,5,E
810,22095,22096,1,W
811,22103,22104,1,E
812,22104,22108,4,N
813,22109,22112,3,S
814,22111,22116,5,W
815,22123,22124,1,E
816,22127,22128,1,W
817,22134,22136,2,N
818,22142,22144,2,S
819,22143,22148,5,E
820,22143,22152,9,W
821,22159,22160,1,W
822,22163,22164,1,E
823,22164,22168,4,N
824,22175,22176,1,S
825,22175,22180,5,W
826,22183,22184,1,E
827,22191,22192,1,W
828,22194,22196,2,N
829,22203,22204,1,E
830,22207,22208,1,W
831,22208,22212,4,S
832,22223,22224,1,E
833,22223,22228,5,W
834,22224,22232,8,N
835,22239,22240,1,W
836,22241,22244,3,S
837,22243,22248,5,E
838,22254,22256,2,N
839,22255,22260,5,W
840,22263,22264,1,E
841,22271,22272,1,W
842,22274,22276,2,S
843,22283,22284,1,E
844,22284,22288,4,N
845,22287,22292,5,W
846,22303,22304,1,E
847,22303,22308,5,W
848,22307,22312,5,S
849,22314,22316,2,N
850,22319,22320,1,W
851,22323,22324,1,E
852,22335,22336,1,W
853,22340,22340,0,S
854,22343,22344,1,E
855,22344,22348,4,N
856,22351,22352,1,W
857,22363,22364,1,E
858,22367,22368,1,W
859,22373,22376,3,S
860,22374,22380,6,N
861,22383,22384,1,E
862,22383,22388,5,W
863,22399,22400,1,W
864,22403,22404,1,E
865,22404,22408,4,N
866,22406,22412,6,S
867,22415,22416,1,W
868,22423,22424,1,E
869,22431,22432,1,W
870,22434,22436,2,N
871,22439,22440,1,S
872,22443,22444,1,E
873,22447,22448,1,W
874,22463,22464,1,E
875,22463,22468,5,W
876,22464,22472,8,N
877,22472,22476,4,S
878,22479,22480,1,W
879,22483,22484,1,E
880,22494,22496,2,N
881,22495,22500,5,W
882,22503,22504,1,E
883,22505,22508,3,S
884,22511,22512,1,W
885,22523,22524,1,E
886,22524,22528,4,N
887,22527,22532,5,W
888,22538,22540,2,S
889,22543,22544,1,E
890,22543,22548,5,W
891,22554,22556,2,N
892,22559,22560,1,W
893,22563,22564,1,E
894,22571,22572,1,S
895,22575,22576,1,W
896,22583,22584,1,E
897,22584,22588,4,N
898,22591,22592,1,W
899,22603,22604,1,E
900,22604,22608,4,S
901,22607,22612,5,W
902,22614,22616,2,N
903,22623,22624,1,E
904,22623,22628,5,W
905,22637,22640,3,S
906,22639,22644,5,W
907,22643,22648,5,E
908,22644,22652,8,N
909,22655,22656,1,W
910,22663,22664,1,E
911,22670,22672,2,S
912,22671,22676,5,W
913,22674,22680,6,N
914,22683,22684,1,E
915,22687,22688,1,W
916,22703,22704,1,S
917,22703,22708,5,E
918,22703,22712,9,W
919,22704,22716,12,N
920,22719,22720,1,W
921,22723,22724,1,E
922,22734,22736,2,N
923,22735,22740,5,W
924,22736,22744,8,S
925,22743,22748,5,E
926,22751,22752,1,W
927,22763,22764,1,E
928,22764,22768,4,N
929,22767,22772,5,W
930,22769,22776,7,S
931,22783,22784,1,E
932,22783,22788,5,W
933,22794,22796,2,N
934,22799,22800,1,W
935,22802,22804,2,S
936,22803,22808,5,E
937,22815,22816,1,W
938,22823,22824,1,E
939,22824,22828,4,N
940,22831,22832,1,W
941,22835,22836,1,S
942,22843,22844,1,E
943,22847,22848,1,W
944,22854,22856,2,N
945,22863,22864,1,E
946,22863,22868,5,W
947,22868,22872,4,S
948,22879,22880,1,W
949,22883,22884,1,E
950,22884,22888,4,N
951,22895,22896,1,W
952,22901,22904,3,S
953,22903,22908,5,E
954,22911,22912,1,W
955,22914,22916,2,N
956,22923,22924,1,E
957,22927,22928,1,W
958,22934,22936,2,S
959,22943,22944,1,E
960,22943,22948,5,W
961,22944,22952,8,N
962,22959,22960,1,W
963,22963,22964,1,E
964,22967,22968,1,S
965,22974,22976,2,N
966,22975,22980,5,W
967,22983,22984,1,E
968,22991,22992,1,W
969,23000,23000,0,S
970,23003,23004,1,E
971,23004,23008,4,N
972,23007,23012,5,W
973,23023,23024,1,E
974,23023,23028,5,W
975,23033,23036,3,S
976,23034,23040,6,N
977,23039,23044,5,W
978,23043,23048,5,E
979,23055,23056,1,W
980,23063,23064,1,E
981,23064,23068,4,N
982,23066,23072,6,S
983,23071,23076,5,W
984,23083,23084,1,E
985,23087,23088,1,W
986,23094,23096,2,N
987,23099,23100,1,S
988,23103,23104,1,E
989,23103,23108,5,W
990,23119,23120,1,W
991,23123,23124,1,E
992,23124,23128,4,N
993,23132,23132,0,S
994,23135,23136,1,W
995,23143,23144,1,E
996,23151,23152,1,W
997,23154,23156,2,N
998,23163,23164,1,E
999,23165,23168,3,S
1000,23167,23172,5,W
1001,23183,23184,1,E
1002,23183,23188,5,W
1003,23184,23192,8,N
1004,23198,23200,2,S
1005,23199,23204,5,W
1006,23203,23208,5,E
1007,23214,23216,2,N
1008,23215,23220,5,W
1009,23223,23224,1,E
1010,23231,23232,1,S
1011,23231,23236,5,W
1012,23243,23244,1,E
1013,23244,23248,4,N
1014,23247,23252,5,W
1015,23263,23264,1,E
1016,23263,23268,5,W
1017,23264,23272,8,S
1018,23274,23276,2,N
1019,23279,23280,1,W
1020,23283,23284,1,E
1021,23295,23296,1,W
1022,23297,23300,3,S
1023,23303,23304,1,E
1024,23304,23308,4,N
1025,23311,23312,1,W
1026,23323,23324,1,E
1027,23327,23328,1,W
1028,23330,23332,2,S
1029,23334,23336,2,N
1030,23343,23344,1,E
1031,23343,23348,5,W
1032,23359,23360,1,W
1033,23363,23364,1,S
1034,23363,23368,5,E
1035,23364,23372,8,N
1036,23375,23376,1,W
1037,23383,23384,1,E
1038,23391,23392,1,W
1039,23394,23396,2,N
1040,23396,23400,4,S
1041,23403,23404,1,E
1042,23407,23408,1,W
1043,23423,23424,1,E
1044,23423,23428,5,W
1045,23424,23432,8,N
1046,23429,23436,7,S
1047,23439,23440,1,W
1048,23443,23444,1,E
1049,23454,23456,2,N
1050,23455,23460,5,W
1051,23462,23464,2,S
1052,23463,23468,5,E
1053,23471,23472,1,W
1054,23483,23484,1,E
1055,23484,23488,4,N
1056,23487,23492,5,W
1057,23495,23496,1,S
1058,23503,23504,1,E
1059,23503,23508,5,W
1060,23514,23516,2,N
1061,23519,23520,1,W
1062,23523,23524,1,E
1063,23528,23528,0,S
1064,23535,23536,1,W
1065,23543,23544,1,E
1066,23544,23548,4,N
1067,23551,23552,1,W
1068,23561,23564,3,S
1069,23563,23568,5,E
1070,23567,23572,5,W
1071,23574,23576,2,N
1072,23583,23584,1,E
1073,23583,23588,5,W
1074,23594,23596,2,S
1075,23599,23600,1,W
1076,23603,23604,1,E
1077,23604,23608,4,N
1078,23615,23616,1,W
1079,23623,23624,1,E
1080,23627,23628,1,S
1081,23631,23632,1,W
1082,23634,23636,2,N
1083,23643,23644,1,E
1084,23647,23648,1,W
1085,23660,23660,0,S
1086,23663,23664,1,E
1087,23663,23668,5,W
1088,23664,23672,8,N
1089,23679,23680,1,W
1090,23683,23684,1,E
1091,23693,23696,3,S
1092,23694,23700,6,N
1093,23695,23704,9,W
1094,23703,23708,5,E
1095,23711,23712,1,W
1096,23723,23724,1,E
1097,23724,23728,4,N
1098,23726,23732,6,S
1099,23727,23736,9,W
1100,23743,23744,1,E
1101,23743,23748,5,W
1102,23754,23756,2,N
1103,23759,23760,1,S
1104,23759,23764,5,W
1105,23763,23768,5,E
1106,23775,23776,1,W
1107,23783,23784,1,E
1108,23784,23788,4,N
1109,23791,23792,1,W
1110,23792,23796,4,S
1111,23803,23804,1,E
1112,23807,23808,1,W
1113,23814,23816,2,N
1114,23823,23824,1,E
1115,23823,23828,5,W
1116,23825,23832,7,S
1117,23839,23840,1,W
1118,23843,23844,1,E
1119,23844,23848,4,N
1120,23855,23856,1,W
1121,23858,23860,2,S
1122,23863,23864,1,E
1123,23871,23872,1,W
1124,23874,23876,2,N
1125,23883,23884,1,E
1126,23887,23888,1,W
1127,23891,23892,1,S
1128,23903,23904,1,E
1129,23903,23908,5,W
1130,23904,23912,8,N
1131,23919,23920,1,W
1132,23923,23924,1,E
1133,23924,23928,4,S
1134,23934,23936,2,N
1135,23935,23940,5,W
1136,23943,23944,1,E
1137,23951,23952,1,W
1138,23957,23960,3,S
1139,23963,23964,1,E
1140,23964,23968,4,N
1141,23967,23972,5,W
1142,23983,23984,1,E
1143,23983,23988,5,W
1144,23990,23992,2,S
1145,23994,23996,2,N
1146,23999,24000,1,W
1147,24003,24004,1,E
1148,24015,24016,1,W
1149,24023,24024,1,S
1150,24023,24028,5,E
1151,24024,24032,8,N
1152,24031,24036,5,W
1153,24043,24044,1,E
1154,24047,24048,1,W
1155,24054,24056,2,N
1156,24056,24060,4,S
1157,24063,24064,1,E
1158,24063,24068,5,W
1159,24079,24080,1,W
1160,24083,24084,1,E
1161,24084,24088,4,N
1162,24089,24092,3,S
1163,24095,24096,1,W
1164,24103,24104,1,E
1165,24111,24112,1,W
1166,24114,24116,2,N
1167,24122,24124,2,S
1168,24123,24128,5,E
1169,24127,24132,5,W
1170,24143,24144,1,E
1171,24143,24148,5,W
1172,24144,24152,8,N
1173,24155,24156,1,S
1174,24159,24160,1,W
1175,24163,24164,1,E
1176,24174,24176,2,N
1177,24175,24180,5,W
1178,24183,24184,1,E
1179,24188,24188,0,S
1180,24191,24192,1,W
1181,24203,24204,1,E
1182,24204,24208,4,N
1183,24207,24212,5,W
1184,24221,24224,3,S
1185,24223,24228,5,E
1186,24223,24232,9,W
1187,24234,24236,2,N
1188,24239,24240,1,W
1189,24243,24244,1,E
1190,24254,24256,2,S
1191,24255,24260,5,W
1192,24263,24264,1,E
1193,24264,24268,4,N
1194,24271,24272,1,W
1195,24283,24284,1,E
1196,24287,24288,1,S
1197,24287,24292,5,W
1198,24294,24296,2,N
1199,24303,24304,1,E
1200,24303,24308,5,W
1201,24319,24320,1,W
1202,24320,24324,4,S
1203,24323,24328,5,E
1204,24324,24332,8,N
1205,24335,24336,1,W
1206,24343,24344,1,E
1207,24351,24352,1,W
1208,24353,24356,3,S
1209,24354,24360,6,N
1210,24363,24364,1,E
1211,24367,24368,1,W
1212,24383,24384,1,E
1213,24383,24388,5,W
1214,24384,24392,8,N
1215,24386,24396,10,S
1216,24399,24400,1,W
1217,24403,24404,1,E
1218,24414,24416,2,N
1219,24415,24420,5,W
1220,24419,24424,5,S
1221,24423,24428,5,E
1222,24431,24432,1,W
1223,24443,24444,1,E
1224,24444,24448,4,N
1225,24447,24452,5,W
1226,24452,24456,4,S
1227,24463,24464,1,E
1228,24463,24468,5,W
1229,24474,24476,2,N
1230,24479,24480,1,W
1231,24483,24484,1,E
1232,24485,24488,3,S
1233,24495,24496,1,W
1234,24503,24504,1,E
1235,24504,24508,4,N
1236,24511,24512,1,W
1237,24518,24520,2,S
1238,24523,24524,1,E
1239,24527,24528,1,W
1240,24534,24536,2,N
1241,24543,24544,1,E
1242,24543,24548,5,W
1243,24551,24552,1,S
1244,24559,24560,1,W
1245,24563,24564,1,E
1246,24564,24568,4,N
1247,24575,24576,1,W
1248,24583,24584,1,E
1249,24584,24588,4,S
1250,24591,24592,1,W
1251,24594,24596,2,N
1252,24603,24604,1,E
1253,24607,24608,1,W
1254,24617,24620,3,S
1255,24623,24624,1,E
1256,24623,24628,5,W
1257,24624,24632,8,N
1258,24639,24640,1,W
1259,24643,24644,1,E
1260,24650,24652,2,S
1261,24654,24656,2,N
1262,24655,24660,5,W
1263,24663,24664,1,E
1264,24671,24672,1,W
1265,24683,24684,1,S
1266,24683,24688,5,E
1267,24684,24692,8,N
1268,24687,24696,9,W
1269,24703,24704,1,E
1270,24703,24708,5,W
1271,24714,24716,2,N
1272,24716,24720,4,S
1273,24719,24724,5,W
1274,24723,24728,5,E
1275,24735,24736,1,W
1276,24743,24744,1,E
1277,24744,24748,4,N
1278,24749,24752,3,S
1279,24751,24756,5,W
1280,24763,24764,1,E
1281,24767,24768,1,W
1282,24774,24776,2,N
1283,24782,24784,2,S
1284,24783,24788,5,E
1285,24783,24792,9,W
1286,24799,24800,1,W
1287,24803,24804,1,E
1288,24804,24808,4,N
1289,24815,24816,1,S
1290,24815,24820,5,W
1291,24823,24824,1,E
1292,24831,24832,1,W
1293,24834,24836,2,N
1294,24843,24844,1,E
1295,24847,24848,1,W
1296,24848,24852,4,S
1297,24863,24864,1,E
1298,24863,24868,5,W
1299,24864,24872,8,N
1300,24879,24880,1,W
1301,24881,24884,3,S
1302,24883,24888,5,E
1303,24894,24896,2,N
1304,24895,24900,5,W
1305,24903,24904,1,E
1306,24911,24912,1,W
1307,24914,24916,2,S
1308,24923,24924,1,E
1309,24924,24928,4,N
1310,24927,24932,5,W
1311,24943,24944,1,E
1312,24943,24948,5,W
1313,24947,24952,5,S
1314,24954,24956,2,N
1315,24959,24960,1,W
1316,24963,24964,1,E
1317,24975,24976,1,W
1318,24980,24980,0,S
1319,24983,24984,1,E
1320,24984,24988,4,N
1321,24991,24992,1,W
1322,25003,25004,1,E
1323,25007,25008,1,W
1324,25013,25016,3,S
1325,25014,25020,6,N
1326,25023,25024,1,E
1327,25023,25028,5,W
1328,25039,25040,1,W
1329,25043,25044,1,E
1330,25044,25048,4,N
1331,25046,25052,6,S
1332,25055,25056,1,W
1333,25063,25064,1,E
1334,25071,25072,1,W
1335,25074,25076,2,N
1336,25079,25080,1,S
1337,25083,25084,1,E
1338,25087,25088,1,W
1339,25103,25104,1,E
1340,25103,25108,5,W
1341,25104,25112,8,N
1342,25112,25116,4,S
1343,25119,25120,1,W
1344,25123,25124,1,E
1345,25134,25136,2,N
1346,25135,25140,5,W
1347,25143,25144,1,E
1348,25145,25148,3,S
1349,25151,25152,1,W
1350,25163,25164,1,E
1351,25164,25168,4,N
1352,25167,25172,5,W
1353,25178,25180,2,S
1354,25183,25184,1,E
1355,25183,25188,5,W
1356,25194,25196,2,N
1357,25199,25200,1,W
1358,25203,25204,1,E
1359,25211,25212,1,S
1360,25215,25216,1,W
1361,25218,25220,2,E
1362,25224,25224,0,N
1363,25227,25228,1,W
1364,25233,25236,3,E
1365,25235,25240,5,S
1366,25239,25244,5,W
1367,25246,25248,2,N
1368,25248,25252,4,E
1369,25251,25256,5,W
1370,25259,25260,1,S
1371,25263,25264,1,E
1372,25263,25268,5,W
1373,25268,25272,4,N
1374,25275,25276,1,W
1375,25278,25280,2,E
1376,25283,25284,1,S
1377,25287,25288,1,W
1378,25290,25292,2,N
1379,25293,25296,3,E
1380,25299,25300,1,W
1381,25307,25308,1,S
1382,25308,25312,4,E
1383,25311,25316,5,W
1384,25312,25320,8,N
1385,25323,25324,1,E
1386,25323,25328,5,W
1387,25331,25332,1,S
1388,25334,25336,2,N
1389,25335,25340,5,W
1390,25338,25344,6,E
1391,25347,25348,1,W
1392,25353,25356,3,E
1393,25355,25360,5,S
1394,25356,25364,8,N
1395,25359,25368,9,W
1396,25368,25372,4,E
1397,25371,25376,5,W
1398,25378,25380,2,N
1399,25379,25384,5,S
1400,25383,25388,5,E
1401,25383,25392,9,W
1402,25395,25396,1,W
1403,25398,25400,2,E
1404,25400,25404,4,N
1405,25403,25408,5,S
1406,25407,25412,5,W
1407,25413,25416,3,E
1408,25419,25420,1,W
1409,25422,25424,2,N
1410,25427,25428,1,S
1411,25428,25432,4,E
1412,25431,25436,5,W
1413,25443,25444,1,E
1414,25443,25448,5,W
1415,25444,25452,8,N
1416,25451,25456,5,S
1417,25455,25460,5,W
1418,25458,25464,6,E
1419,25466,25468,2,N
1420,25467,25472,5,W
1421,25473,25476,3,E
1422,25475,25480,5,S
1423,25479,25484,5,W
1424,25488,25488,0,N
1425,25488,25492,4,E
1426,25491,25496,5,W
1427,25499,25500,1,S
1428,25503,25504,1,E
1429,25503,25508,5,W
1430,25510,25512,2,N
1431,25515,25516,1,W
1432,25518,25520,2,E
1433,25523,25524,1,S
1434,25527,25528,1,W
1435,25532,25532,0,N
1436,25533,25536,3,E
1437,25539,25540,1,W
1438,25547,25548,1,S
1439,25548,25552,4,E
1440,25551,25556,5,W
1441,25554,25560,6,N
1442,25563,25564,1,E
1443,25563,25568,5,W
1444,25571,25572,1,S
1445,25575,25576,1,W
1446,25576,25580,4,N
1447,25578,25584,6,E
1448,25587,25588,1,W
1449,25593,25596,3,E
1450,25595,25600,5,S
1451,25598,25604,6,N
1452,25599,25608,9,W
1453,25608,25612,4,E
1454,25611,25616,5,W
1455,25619,25620,1,S
1456,25620,25624,4,N
1457,25623,25628,5,E
1458,25623,25632,9,W
1459,25635,25636,1,W
1460,25638,25640,2,E
1461,25642,25644,2,N
1462,25643,25648,5,S
1463,25647,25652,5,W
1464,25653,25656,3,E
1465,25659,25660,1,W
1466,25664,25664,0,N
1467,25667,25668,1,S
1468,25668,25672,4,E
1469,25671,25676,5,W
1470,25683,25684,1,E
1471,25683,25688,5,W
1472,25686,25692,6,N
1473,25691,25696,5,S
1474,25695,25700,5,W
1475,25698,25704,6,E
1476,25707,25708,1,W
1477,25708,25712,4,N
1478,25713,25716,3,E
1479,25715,25720,5,S
1480,25719,25724,5,W
1481,25728,25728,0,E
1482,25730,25732,2,N
1483,25731,25736,5,W
1484,25739,25740,1,S
1485,25743,25744,1,E
1486,25743,25748,5,W
1487,25752,25752,0,N
1488,25755,25756,1,W
1489,25758,25760,2,E
1490,25763,25764,1,S
1491,25767,25768,1,W
1492,25773,25776,3,E
1493,25774,25780,6,N
1494,25779,25784,5,W
1495,25787,25788,1,S
1496,25788,25792,4,E
1497,25791,25796,5,W
1498,25796,25800,4,N
1499,25803,25804,1,E
1500,25803,25808,5,W
1501,25811,25812,1,S
1502,25815,25816,1,W
1503,25818,25820,2,N
1504,25818,25824,6,E
1505,25827,25828,1,W
1506,25833,25836,3,E
1507,25835,25840,5,S
1508,25839,25844,5,W
1509,25840,25848,8,N
1510,25848,25852,4,E
1511,25851,25856,5,W
1512,25859,25860,1,S
1513,25862,25864,2,N
1514,25863,25868,5,E
1515,25863,25872,9,W
1516,25875,25876,1,W
1517,25878,25880,2,E
1518,25883,25884,1,S
1519,25884,25888,4,N
1520,25887,25892,5,W
1521,25893,25896,3,E
1522,25899,25900,1,W
1523,25906,25908,2,N
1524,25907,25912,5,S
1525,25908,25916,8,E
1526,25911,25920,9,W
1527,25923,25924,1,E
1528,25923,25928,5,W
1529,25928,25932,4,N
1530,25931,25936,5,S
1531,25935,25940,5,W
1532,25938,25944,6,E
1533,25947,25948,1,W
1534,25950,25952,2,N
1535,25953,25956,3,E
1536,25955,25960,5,S
1537,25959,25964,5,W
1538,25968,25968,0,E
1539,25971,25972,1,W
1540,25972,25976,4,N
1541,25979,25980,1,S
1542,25983,25984,1,E
1543,25983,25988,5,W
1544,25994,25996,2,N
1545,25995,26000,5,W
1546,25998,26004,6,E
1547,26003,26008,5,S
1548,26007,26012,5,W
1549,26013,26016,3,E
1550,26016,26020,4,N
1551,26019,26024,5,W
1552,26027,26028,1,S
1553,26028,26032,4,E
1554,26031,26036,5,W
1555,26038,26040,2,N
1556,26043,26044,1,E
1557,26043,26048,5,W
1558,26051,26052,1,S
1559,26055,26056,1,W
1560,26058,26060,2,E
1561,26060,26064,4,N
1562,26067,26068,1,W
1563,26073,26076,3,E
1564,26075,26080,5,S
1565,26079,26084,5,W
1566,26082,26088,6,N
1567,26088,26092,4,E
1568,26091,26096,5,W
1569,26099,26100,1,S
1570,26103,26104,1,E
1571,26103,26108,5,W
1572,26104,26112,8,N
1573,26115,26116,1,W
1574,26118,26120,2,E
1575,26123,26124,1,S
1576,26126,26128,2,N
1577,26127,26132,5,W
1578,26133,26136,3,E
1579,26139,26140,1,W
1580,26147,26148,1,S
1581,26148,26152,4,N
1582,26148,26156,8,E
1583,26151,26160,9,W
1584,26163,26164,1,E
1585,26163,26168,5,W
1586,26170,26172,2,N
1587,26171,26176,5,S
1588,26175,26180,5,W
1589,26178,26184,6,E
1590,26187,26188,1,W
1591,26192,26192,0,N
1592,26193,26196,3,E
1593,26195,26200,5,S
1594,26199,26204,5,W
1595,26208,26208,0,E
1596,26211,26212,1,W
1597,26214,26216,2,N
1598,26219,26220,1,S
1599,26223,26224,1,E
1600,26223,26228,5,W
1601,26235,26236,1,W
1602,26236,26240,4,N
1603,26238,26244,6,E
1604,26243,26248,5,S
1605,26247,26252,5,W
1606,26253,26256,3,E
1607,26258,26260,2,N
1608,26259,26264,5,W
1609,26267,26268,1,S
1610,26268,26272,4,E
1611,26271,26276,5,W
1612,26280,26280,0,N
1613,26283,26284,1,E
1614,26283,26288,5,W
1615,26291,26292,1,S
1616,26295,26296,1,W
1617,26298,26300,2,E
1618,26302,26304,2,N
1619,26307,26308,1,W
1620,26313,26316,3,E
1621,26315,26320,5,S
1622,26319,26324,5,W
1623,26324,26328,4,N
1624,26328,26332,4,E
1625,26331,26336,5,W
1626,26339,26340,1,S
1627,26343,26344,1,E
1628,26343,26348,5,W
1629,26346,26352,6,N
1630,26355,26356,1,W
1631,26358,26360,2,E
1632,26363,26364,1,S
1633,26367,26368,1,W
1634,26368,26372,4,N
1635,26373,26376,3,E
1636,26379,26380,1,W
1637,26387,26388,1,S
1638,26388,26392,4,E
1639,26390,26396,6,N
1640,26391,26400,9,W
1641,26403,26404,1,E
1642,26403,26408,5,W
1643,26411,26412,1,S
1644,26412,26416,4,N
1645,26415,26420,5,W
1646,26418,26424,6,E
1647,26427,26428,1,W
1648,26433,26436,3,E
1649,26434,26440,6,N
1650,26435,26444,9,S
1651,26439,26448,9,W
1652,26448,26452,4,E
1653,26451,26456,5,W
1654,26456,26460,4,N
1655,26459,26464,5,S
1656,26463,26468,5,E
1657,26463,26472,9,W
1658,26475,26476,1,W
1659,26478,26480,2,N
1660,26478,26484,6,E
1661,26483,26488,5,S
1662,26487,26492,5,W
1663,26493,26496,3,E
1664,26499,26500,1,W
1665,26500,26504,4,N
1666,26507,26508,1,S
1667,26508,26512,4,E
1668,26511,26516,5,W
1669,26522,26524,2,N
1670,26523,26528,5,E
1671,26523,26532,9,W
1672,26531,26536,5,S
1673,26535,26540,5,W
1674,26538,26544,6,E
1675,26544,26548,4,N
1676,26547,26552,5,W
1677,26553,26556,3,E
1678,26555,26560,5,S
1679,26559,26564,5,W
1680,26566,26568,2,N
1681,26568,26572,4,E
1682,26571,26576,5,W
1683,26579,26580,1,S
1684,26583,26584,1,E
1685,26583,26588,5,W
1686,26588,26592,4,N
1687,26595,26596,1,W
1688,26598,26600,2,E
1689,26603,26604,1,S
1690,26607,26608,1,W
1691,26610,26612,2,N
1692,26613,26616,3,E
1693,26619,26620,1,W
1694,26627,26628,1,S
1695,26628,26632,4,E
1696,26631,26636,5,W
1697,26632,26640,8,N
1698,26643,26644,1,E
1699,26643,26648,5,W
1700,26651,26652,1,S
1701,26654,26656,2,N
1702,26655,26660,5,W
1703,26658,26664,6,E
1704,26667,26668,1,W
1705,26673,26676,3,E
1706,26675,26680,5,S
1707,26676,26684,8,N
1708,26679,26688,9,W
1709,26688,26692,4,E
1710,26691,26696,5,W
1711,26698,26700,2,N
1712,26699,26704,5,S
1713,26703,26708,5,E
1714,26703,26712,9,W
1715,26715,26716,1,W
1716,26718,26720,2,E
1717,26720,26724,4,N
1718,26723,26728,5,S
1719,26727,26732,5,W
1720,26733,26736,3,E
1721,26739,26740,1,W
1722,26742,26744,2,N
1723,26747,26748,1,S
1724,26748,26752,4,E
1725,26751,26756,5,W
1726,26763,26764,1,E
1727,26763,26768,5,W
1728,26764,26772,8,N
1729,26771,26776,5,S
1730,26775,26780,5,W
1731,26778,26784,6,E
1732,26786,26788,2,N
1733,26787,26792,5,W
1734,26793,26796,3,E
1735,26795,26800,5,S
1736,26799,26804,5,W
1737,26808,26808,0,N
1738,26808,26812,4,E
1739,26811,26816,5,W
1740,26819,26820,1,S
1741,26823,26824,1,E
1742,26823,26828,5,W
1743,26830,26832,2,N
1744,26835,26836,1,W
1745,26838,26840,2,E
1746,26843,26844,1,S
1747,26847,26848,1,W
1748,26852,26852,0,N
1749,26853,26856,3,E
1750,26859,26860,1,W
1751,26867,26868,1,S
1752,26868,26872,4,E
1753,26871,26876,5,W
1754,26874,26880,6,N
1755,26883,26884,1,E
1756,26883,26888,5,W
1757,26891,26892,1,S
1758,26895,26896,1,W
1759,26896,26900,4,N
1760,26898,26904,6,E
1761,26907,26908,1,W
1762,26913,26916,3,E
1763,26915,26920,5,S
1764,26918,26924,6,N
1765,26919,26928,9,W
1766,26928,26932,4,E
1767,26931,26936,5,W
1768,26939,26940,1,S
1769,26940,26944,4,N
1770,26943,26948,5,E
1771,26943,26952,9,W
1772,26955,26956,1,W
1773,26958,26960,2,E
1774,26962,26964,2,N
1775,26963,26968,5,S
1776,26967,26972,5,W
1777,26973,26976,3,E
1778,26979,26980,1,W
1779,26984,26984,0,N
1780,26987,26988,1,S
1781,26988,26992,4,E
1782,26991,26996,5,W
1783,27003,27004,1,E
1784,27003,27008,5,W
1785,27006,27012,6,N
1786,27011,27016,5,S
1787,27015,27020,5,W
1788,27018,27024,6,E
1789,27027,27028,1,W
1790,27028,27032,4,N
1791,27033,27036,3,E
1792,27035,27040,5,S
1793,27039,27044,5,W
1794,27048,27048,0,E
1795,27050,27052,2,N
1796,27051,27056,5,W
1797,27059,27060,1,S
1798,27063,27064,1,E
1799,27063,27068,5,W
1800,27072,27072,0,N
1801,27075,27076,1,W
1802,27078,27080,2,E
1803,27083,27084,1,S
1804,27087,27088,1,W
1805,27093,27096,3,E
1806,27094,27100,6,N
1807,27099,27104,5,W
1808,27107,27108,1,S
1809,27108,27112,4,E
1810,27111,27116,5,W
1811,27116,27120,4,N
1812,27123,27124,1,E
1813,27123,27128,5,W
1814,27131,27132,1,S
1815,27135,27136,1,W
1816,27138,27140,2,N
1817,27138,27144,6,E
1818,27147,27148,1,W
1819,27153,27156,3,E
1820,27155,27160,5,S
1821,27159,27164,5,W
1822,27160,27168,8,N
1823,27168,27172,4,E
1824,27171,27176,5,W
1825,27179,27180,1,S
1826,27182,27184,2,N
1827,27183,27188,5,E
1828,27183,27192,9,W
1829,27195,27196,1,W
1830,27198,27200,2,E
1831,27203,27204,1,S
1832,27204,27208,4,N
1833,27207,27212,5,W
1834,27213,27216,3,E
1835,27219,27220,1,W
1836,27226,27228,2,N
1837,27227,27232,5,S
1838,27228,27236,8,E
1839,27231,27240,9,W
1840,27243,27244,1,E
1841,27243,27248,5,W
1842,27248,27252,4,N
1843,27251,27256,5,S
1844,27255,27260,5,W
1845,27258,27264,6,E
1846,27267,27268,1,W
1847,27270,27272,2,N
1848,27273,27276,3,E
1849,27275,27280,5,S
1850,27279,27284,5,W
1851,27288,27288,0,E
1852,27291,27292,1,W
1853,27292,27296,4,N
1854,27299,27300,1,S
1855,27303,27304,1,E
1856,27303,27308,5,W
1857,27314,27316,2,N
1858,27315,27320,5,W
1859,27318,27324,6,E
1860,27323,27328,5,S
1861,27327,27332,5,W
1862,27333,27336,3,E
1863,27336,27340,4,N
1864,27339,27344,5,W
1865,27347,27348,1,S
1866,27348,27352,4,E
1867,27351,27356,5,W
1868,27358,27360,2,N
1869,27363,27364,1,E
1870,27363,27368,5,W
1871,27371,27372,1,S
1872,27375,27376,1,W
1873,27378,27380,2,E
1874,27380,27384,4,N
1875,27387,27388,1,W
1876,27393,27396,3,E
1877,27395,27400,5,S
1878,27399,27404,5,W
1879,27402,27408,6,N
1880,27408,27412,4,E
1881,27411,27416,5,W
1882,27419,27420,1,S
1883,27423,27424,1,E
1884,27423,27428,5,W
1885,27424,27432,8,N
1886,27435,27436,1,W
1887,27438,27440,2,E
1888,27443,27444,1,S
1889,27446,27448,2,N
1890,27447,27452,5,W
1891,27453,27456,3,E
1892,27459,27460,1,W
1893,27467,27468,1,S
1894,27468,27472,4,N
1895,27468,27476,8,E
1896,27471,27480,9,W
1897,27483,27484,1,E
1898,27483,27488,5,W
1899,27490,27492,2,N
1900,27491,27496,5,S
1901,27495,27500,5,W
1902,27498,27504,6,E
1903,27507,27508,1,W
1904,27512,27512,0,N
1905,27513,27516,3,E
1906,27515,27520,5,S
1907,27519,27524,5,W
1908,27528,27528,0,E
1909,27531,27532,1,W
1910,27534,27536,2,N
1911,27539,27540,1,S
1912,27543,27544,1,E
1913,27543,27548,5,W
1914,27555,27556,1,W
1915,27556,27560,4,N
1916,27558,27564,6,E
1917,27563,27568,5,S
1918,27567,27572,5,W
1919,27573,27576,3,E
1920,27578,27580,2,N
1921,27579,27584,5,W
1922,27587,27588,1,S
1923,27588,27592,4,E
1924,27591,27596,5,W
1925,27600,27600,0,N
1926,27603,27604,1,E
1927,27603,27608,5,W
1928,27611,27612,1,S
1929,27615,27616,1,W
1930,27618,27620,2,E
1931,27622,27624,2,N
1932,27627,27628,1,W
1933,27633,27636,3,E
1934,27635,27640,5,S
1935,27639,27644,5,W
1936,27644,27648,4,N
1937,27648,27652,4,E
1938,27651,27656,5,W
1939,27659,27660,1,S
1940,27663,27664,1,E
1941,27663,27668,5,W
1942,27666,27672,6,N
1943,27675,27676,1,W
1944,27678,27680,2,E
1945,27683,27684,1,S
1946,27687,27688,1,W
1947,27688,27692,4,N
1948,27693,27696,3,E
1949,27699,27700,1,W
1950,27707,27708,1,S
1951,27708,27712,4,E
1952,27710,27716,6,N
1953,27711,27720,9,W
1954,27723,27724,1,E
1955,27723,27728,5,W
1956,27731,27732,1,S
1957,27732,27736,4,N
1958,27735,27740,5,W
1959,27738,27744,6,E
1960,27747,27748,1,W
1961,27753,27756,3,E
1962,27754,27760,6,N
1963,27755,27764,9,S
1964,27759,27768,9,W
1965,27768,27772,4,E
1966,27771,27776,5,W
1967,27776,27780,4,N
1968,27779,27784,5,S
1969,27783,27788,5,E
1970,27783,27792,9,W
1971,27795,27796,1,W
1972,27798,27800,2,N
1973,27798,27804,6,E
1974,27803,27808,5,S
1975,27807,27812,5,W
1976,27813,27816,3,E
1977,27819,27820,1,W
1978,27820,27824,4,N
1979,27827,27828,1,S
1980,27828,27832,4,E
1981,27831,27836,5,W
1982,27842,27844,2,N
1983,27843,27848,5,E
1984,27843,27852,9,W
1985,27851,27856,5,S
1986,27855,27860,5,W
1987,27858,27864,6,E
1988,27864,27868,4,N
1989,27867,27872,5,W
1990,27873,27876,3,E
1991,27875,27880,5,S
1992,27879,27884,5,W
1993,27886,27888,2,N
1994,27888,27892,4,E
1995,27891,27896,5,W
1996,27899,27900,1,S
1997,27903,27904,1,E
1998,27903,27908,5,W
1999,27908,27912,4,N
2000,27915,27916,1,W
2001,27918,27920,2,E
2002,27923,27924,1,S
2003,27927,27928,1,W
2004,27930,27932,2,N
2005,27933,27936,3,E
2006,27939,27940,1,W
2007,27947,27948,1,S
2008,27948,27952,4,E
2009,27951,27956,5,W
2010,27952,27960,8,N
2011,27963,27964,1,E
2012,27963,27968,5,W
2013,27971,27972,1,S
2014,27974,27976,2,N
2015,27975,27980,5,W
2016,27978,27984,6,E
2017,27987,27988,1,W
2018,27993,27996,3,E
2019,27995,28000,5,S
2020,27996,28004,8,N
2021,27999,28008,9,W
2022,28008,28012,4,E
2023,28011,28016,5,W
2024,28018,28020,2,N
2025,28019,28024,5,S
2026,28023,28028,5,E
2027,28023,28032,9,W
2028,28035,28036,1,W
2029,28038,28040,2,E
2030,28040,28044,4,N
2031,28043,28048,5,S
2032,28047,28052,5,W
2033,28053,28056,3,E
2034,28059,28060,1,W
2035,28062,28064,2,N
2036,28067,28068,1,S
2037,28068,28072,4,E
2038,28071,28076,5,W
2039,28083,28084,1,E
2040,28083,28088,5,W
2041,28084,28092,8,N
2042,28091,28096,5,S
2043,28095,28100,5,W
2044,28098,28104,6,E
2045,28106,28108,2,N
2046,28107,28112,5,W
2047,28113,28116,3,E
2048,28115,28120,5,S
2049,28119,28124,5,W
2050,28128,28128,0,N
2051,28128,28132,4,E
2052,28131,28136,5,W
2053,28139,28140,1,S
2054,28143,28144,1,E
2055,28143,28148,5,W
2056,28150,28152,2,N
2057,28155,28156,1,W
2058,28158,28160,2,E
2059,28163,28164,1,S
2060,28167,28168,1,W
2061,28172,28172,0,N
2062,28173,28176,3,E
2063,28179,28180,1,W
2064,28187,28188,1,S
2065,28188,28192,4,E
2066,28191,28196,5,W
2067,28194,28200,6,N
2068,28203,28204,1,E
2069,28203,28208,5,W
2070,28211,28212,1,S
2071,28215,28216,1,W
2072,28216,28220,4,N
2073,28218,28224,6,E
2074,28227,28228,1,W
2075,28233,28236,3,E
2076,28235,28240,5,S
2077,28238,28244,6,N
2078,28239,28248,9,W
2079,28248,28252,4,E
2080,28251,28256,5,W
2081,28259,28260,1,S
2082,28260,28264,4,N
2083,28263,28268,5,E
2084,28263,28272,9,W
2085,28275,28276,1,W
2086,28278,28280,2,E
2087,28282,28284,2,N
2088,28283,28288,5,S
2089,28287,28292,5,W
2090,28293,28296,3,E
2091,28299,28300,1,W
2092,28304,28304,0,N
2093,28307,28308,1,S
2094,28308,28312,4,E
2095,28311,28316,5,W
2096,28323,28324,1,E
2097,28323,28328,5,W
2098,28326,28332,6,N
2099,28331,28336,5,S
2100,28335,28340,5,W
2101,28338,28344,6,E
2102,28347,28348,1,W
2103,28348,28352,4,N
2104,28353,28356,3,E
2105,28355,28360,5,S
2106,28359,28364,5,W
2107,28368,28368,0,E
2108,28370,28372,2,N
2109,28371,28376,5,W
2110,28379,28380,1,S
2111,28383,28384,1,E
2112,28383,28388,5,W
2113,28392,28392,0,N
2114,28395,28396,1,W
2115,28398,28400,2,E
2116,28403,28404,1,S
2117,28407,28408,1,W
2118,28413,28416,3,E
2119,28414,28420,6,N
2120,28419,28424,5,W
2121,28427,28428,1,S
2122,28428,28432,4,E
2123,28431,28436,5,W
2124,28436,28440,4,N
2125,28443,28444,1,E
2126,28443,28448,5,W
2127,28451,28452,1,S
2128,28455,28456,1,W
2129,28458,28460,2,N
2130,28458,28464,6,E
2131,28467,28468,1,W
2132,28473,28476,3,E
2133,28475,28480,5,S
2134,28479,28484,5,W
2135,28480,28488,8,N
2136,28488,28492,4,E
2137,28491,28496,5,W
2138,28499,28500,1,S
2139,28502,28504,2,N
2140,28503,28508,5,E
2141,28503,28512,9,W
2142,28515,28516,1,W
2143,28518,28520,2,E
2144,28523,28524,1,S
2145,28524,28528,4,N
2146,28527,28532,5,W
2147,28533,28536,3,E
2148,28539,28540,1,W
2149,28546,28548,2,N
2150,28547,28552,5,S
2151,28548,28556,8,E
2152,28551,28560,9,W
2153,28563,28564,1,E
2154,28563,28568,5,W
2155,28568,28572,4,N
2156,28571,28576,5,S
2157,28575,28580,5,W
2158,28578,28584,6,E
2159,28587,28588,1,W
2160,28590,28592,2,N
2161,28593,28596,3,E
2162,28595,28600,5,S
2163,28599,28604,5,W
2164,28608,28608,0,E
2165,28611,28612,1,W
2166,28612,28616,4,N
2167,28619,28620,1,S
2168,28623,28624,1,E
2169,28623,28628,5,W
2170,28634,28636,2,N
2171,28635,28640,5,W
2172,28638,28644,6,E
2173,28643,28648,5,S
2174,28647,28652,5,W
2175,28653,28656,3,E
2176,28656,28660,4,N
2177,28659,28664,5,W
2178,28667,28668,1,S
2179,28668,28672,4,E
2180,28671,28676,5,W
2181,28678,28680,2,N
2182,28683,28684,1,E
2183,28683,28688,5,W
2184,28691,28692,1,S
2185,28695,28696,1,W
2186,28698,28700,2,E
2187,28700,28704,4,N
2188,28707,28708,1,W
2189,28713,28716,3,E
2190,28715,28720,5,S
2191,28719,28724,5,W
2192,28722,28728,6,N
2193,28728,28732,4,E
2194,28731,28736,5,W
2195,28739,28740,1,S
2196,28743,28744,1,E
2197,28743,28748,5,W
2198,28744,28752,8,N
2199,28755,28756,1,W
2200,28758,28760,2,E
2201,28763,28764,1,S
2202,28766,28768,2,N
2203,28767,28772,5,W
2204,28773,28776,3,E
2205,28779,28780,1,W
2206,28787,28788,1,S
2207,28788,28792,4,N
2208,28788,28796,8,E
2209,28791,28800,9,W
2210,28803,28804,1,E
2211,28803,28808,5,W
2212,28810,28812,2,N
2213,28811,28816,5,S
2214,28816,28820,4,W
2215,28819,28824,5,E
2216,28829,28832,3,W
2217,28834,28836,2,N
2218,28835,28840,5,E
2219,28837,28844,7,S
2220,28842,28848,6,W
2221,28851,28852,1,E
2222,28855,28856,1,W
2223,28858,28860,2,N
2224,28863,28864,1,S
2225,28867,28868,1,E
2226,28868,28872,4,W
2227,28881,28884,3,W
2228,28882,28888,6,N
2229,28883,28892,9,E
2230,28889,28896,7,S
2231,28894,28900,6,W
2232,28899,28904,5,E
2233,28906,28908,2,N
2234,28907,28912,5,W
2235,28915,28916,1,S
2236,28915,28920,5,E
2237,28920,28924,4,W
2238,28930,28932,2,N
2239,28931,28936,5,E
2240,28933,28940,7,W
2241,28941,28944,3,S
2242,28946,28948,2,W
2243,28947,28952,5,E
2244,28954,28956,2,N
2245,28959,28960,1,W
2246,28963,28964,1,E
2247,28967,28968,1,S
2248,28972,28972,0,W
2249,28978,28980,2,N
2250,28979,28984,5,E
2251,28985,28988,3,W
2252,28993,28996,3,S
2253,28995,29000,5,E
2254,28998,29004,6,W
2255,29002,29008,6,N
2256,29011,29012,1,E
2257,29011,29016,5,W
2258,29019,29020,1,S
2259,29024,29024,0,W
2260,29026,29028,2,N
2261,29027,29032,5,E
2262,29037,29040,3,W
2263,29043,29044,1,E
2264,29045,29048,3,S
2265,29050,29052,2,N
2266,29050,29056,6,W
2267,29059,29060,1,E
2268,29063,29064,1,W
2269,29071,29072,1,S
2270,29074,29076,2,N
2271,29075,29080,5,E
2272,29076,29084,8,W
2273,29089,29092,3,W
2274,29091,29096,5,E
2275,29097,29100,3,S
2276,29098,29104,6,N
2277,29102,29108,6,W
2278,29107,29112,5,E
2279,29115,29116,1,W
2280,29122,29124,2,N
2281,29123,29128,5,S
2282,29123,29132,9,E
2283,29128,29136,8,W
2284,29139,29140,1,E
2285,29141,29144,3,W
2286,29146,29148,2,N
2287,29149,29152,3,S
2288,29154,29156,2,W
2289,29155,29160,5,E
2290,29167,29168,1,W
2291,29170,29172,2,N
2292,29171,29176,5,E
2293,29175,29180,5,S
2294,29180,29184,4,W
2295,29187,29188,1,E
2296,29193,29196,3,W
2297,29194,29200,6,N
2298,29201,29204,3,S
2299,29203,29208,5,E
2300,29206,29212,6,W
2301,29218,29220,2,N
2302,29219,29224,5,E
2303,29219,29228,9,W
2304,29227,29232,5,S
2305,29232,29236,4,W
2306,29235,29240,5,E
2307,29242,29244,2,N
2308,29245,29248,3,W
2309,29251,29252,1,E
2310,29253,29256,3,S
2311,29258,29260,2,W
2312,29266,29268,2,N
2313,29267,29272,5,E
2314,29271,29276,5,W
2315,29279,29280,1,S
2316,29283,29284,1,E
2317,29284,29288,4,W
2318,29290,29292,2,N
2319,29297,29300,3,W
2320,29299,29304,5,E
2321,29305,29308,3,S
2322,29310,29312,2,W
2323,29314,29316,2,N
2324,29315,29320,5,E
2325,29323,29324,1,W
2326,29331,29332,1,S
2327,29331,29336,5,E
2328,29336,29340,4,W
2329,29338,29344,6,N
2330,29347,29348,1,E
2331,29349,29352,3,W
2332,29357,29360,3,S
2333,29362,29364,2,N
2334,29362,29368,6,W
2335,29363,29372,9,E
2336,29375,29376,1,W
2337,29379,29380,1,E
2338,29383,29384,1,S
2339,29386,29388,2,N
2340,29388,29392,4,W
2341,29395,29396,1,E
2342,29401,29404,3,W
2343,29409,29412,3,S
2344,29410,29416,6,N
2345,29411,29420,9,E
2346,29414,29424,10,W
2347,29427,29428,1,E
2348,29427,29432,5,W
2349,29434,29436,2,N
2350,29435,29440,5,S
2351,29440,29444,4,W
2352,29443,29448,5,E
2353,29453,29456,3,W
2354,29458,29460,2,N
2355,29459,29464,5,E
2356,29461,29468,7,S
2357,29466,29472,6,W
2358,29475,29476,1,E
2359,29479,29480,1,W
2360,29482,29484,2,N
2361,29487,29488,1,S
2362,29491,29492,1,E
2363,29492,29496,4,W
2364,29505,29508,3,W
2365,29506,29512,6,N
2366,29507,29516,9,E
2367,29513,29520,7,S
2368,29518,29524,6,W
2369,29523,29528,5,E
2370,29530,29532,2,N
2371,29531,29536,5,W
2372,29539,29540,1,S
2373,29539,29544,5,E
2374,29544,29548,4,W
2375,29554,29556,2,N
2376,29555,29560,5,E
2377,29557,29564,7,W
2378,29565,29568,3,S
2379,29570,29572,2,W
2380,29571,29576,5,E
2381,29578,29580,2,N
2382,29583,29584,1,W
2383,29587,29588,1,E
2384,29591,29592,1,S
2385,29596,29596,0,W
2386,29602,29604,2,N
2387,29603,29608,5,E
2388,29609,29612,3,W
2389,29617,29620,3,S
2390,29619,29624,5,E
2391,29622,29628,6,W
2392,29626,29632,6,N
2393,29635,29636,1,E
2394,29635,29640,5,W
2395,29643,29644,1,S
2396,29648,29648,0,W
2397,29650,29652,2,N
2398,29651,29656,5,E
2399,29661,29664,3,W
2400,29667,29668,1,E
2401,29669,29672,3,S
2402,29674,29676,2,N
2403,29674,29680,6,W
2404,29683,29684,1,E
2405,29687,29688,1,W
2406,29695,29696,1,S
2407,29698,29700,2,N
2408,29699,29704,5,E
2409,29700,29708,8,W
2410,29713,29716,3,W
2411,29715,29720,5,E
2412,29721,29724,3,S
2413,29722,29728,6,N
2414,29726,29732,6,W
2415,29731,29736,5,E
2416,29739,29740,1,W
2417,29746,29748,2,N
2418,29747,29752,5,S
2419,29747,29756,9,E
2420,29752,29760,8,W
2421,29763,29764,1,E
2422,29765,29768,3,W
2423,29770,29772,2,N
2424,29773,29776,3,S
2425,29778,29780,2,W
2426,29779,29784,5,E
2427,29791,29792,1,W
2428,29794,29796,2,N
2429,29795,29800,5,E
2430,29799,29804,5,S
2431,29804,29808,4,W
2432,29811,29812,1,E
2433,29817,29820,3,W
2434,29818,29824,6,N
2435,29825,29828,3,S
2436,29827,29832,5,E
2437,29830,29836,6,W
2438,29842,29844,2,N
2439,29843,29848,5,E
2440,29843,29852,9,W
2441,29851,29856,5,S
2442,29856,29860,4,W
2443,29859,29864,5,E
2444,29866,29868,2,N
2445,29869,29872,3,W
2446,29875,29876,1,E
2447,29877,29880,3,S
2448,29882,29884,2,W
2449,29890,29892,2,N
2450,29891,29896,5,E
2451,29895,29900,5,W
2452,29903,29904,1,S
2453,29907,29908,1,E
2454,29908,29912,4,W
2455,29914,29916,2,N
2456,29921,29924,3,W
2457,29923,29928,5,E
2458,29929,29932,3,S
2459,29934,29936,2,W
2460,29938,29940,2,N
2461,29939,29944,5,E
2462,29947,29948,1,W
2463,29955,29956,1,S
2464,29955,29960,5,E
2465,29960,29964,4,W
2466,29962,29968,6,N
2467,29971,29972,1,E
2468,29973,29976,3,W
2469,29981,29984,3,S
2470,29986,29988,2,N
2471,29986,29992,6,W
2472,29987,29996,9,E
2473,29999,30000,1,W
2474,30003,30004,1,E
2475,30007,30008,1,S
2476,30010,30012,2,N
2477,30012,30016,4,W
2478,30019,30020,1,E
2479,30025,30028,3,W
2480,30033,30036,3,S
2481,30034,30040,6,N
2482,30035,30044,9,E
2483,30038,30048,10,W
2484,30051,30052,1,E
2485,30051,30056,5,W
2486,30058,30060,2,N
2487,30059,30064,5,S
2488,30064,30068,4,W
2489,30067,30072,5,E
2490,30077,30080,3,W
2491,30082,30084,2,N
2492,30083,30088,5,E
2493,30085,30092,7,S
2494,30090,30096,6,W
2495,30099,30100,1,E
2496,30103,30104,1,W
2497,30106,30108,2,N
2498,30111,30112,1,S
2499,30115,30116,1,E
2500,30116,30120,4,W
2501,30129,30132,3,W
2502,30130,30136,6,N
2503,30131,30140,9,E
2504,30137,30144,7,S
2505,30142,30148,6,W
2506,30147,30152,5,E
2507,30154,30156,2,N
2508,30155,30160,5,W
2509,30163,30164,1,S
2510,30163,30168,5,E
2511,30168,30172,4,W
2512,30178,30180,2,N
2513,30179,30184,5,E
2514,30181,30188,7,W
2515,30189,30192,3,S
2516,30194,30196,2,W
2517,30195,30200,5,E
2518,30202,30204,2,N
2519,30207,30208,1,W
2520,30211,30212,1,E
2521,30215,30216,1,S
2522,30220,30220,0,W
2523,30226,30228,2,N
2524,30227,30232,5,E
2525,30233,30236,3,W
2526,30241,30244,3,S
2527,30243,30248,5,E
2528,30246,30252,6,W
2529,30250,30256,6,N
2530,30259,30260,1,E
2531,30259,30264,5,W
2532,30267,30268,1,S
2533,30272,30272,0,W
2534,30274,30276,2,N
2535,30275,30280,5,E
2536,30285,30288,3,W
2537,30291,30292,1,E
2538,30293,30296,3,S
2539,30298,30300,2,N
2540,30298,30304,6,W
2541,30307,30308,1,E
2542,30311,30312,1,W
2543,30319,30320,1,S
2544,30322,30324,2,N
2545,30323,30328,5,E
2546,30324,30332,8,W
2547,30337,30340,3,W
2548,30339,30344,5,E
2549,30345,30348,3,S
2550,30346,30352,6,N
2551,30350,30356,6,W
2552,30355,30360,5,E
2553,30363,30364,1,W
2554,30370,30372,2,N
2555,30371,30376,5,S
2556,30371,30380,9,E
2557,30376,30384,8,W
2558,30387,30388,1,E
2559,30389,30392,3,W
2560,30394,30396,2,N
2561,30397,30400,3,S
2562,30402,30404,2,W
2563,30403,30408,5,E
2564,30415,30416,1,W
2565,30418,30420,2,N
2566,30419,30424,5,E
2567,30423,30428,5,S
2568,30428,30432,4,W
2569,30435,30436,1,E
2570,30441,30444,3,W
2571,30442,30448,6,N
2572,30449,30452,3,S
2573,30451,30456,5,E
2574,30454,30460,6,W
2575,30466,30468,2,N
2576,30467,30472,5,E
2577,30467,30476,9,W
2578,30475,30480,5,S
2579,30480,30484,4,W
2580,30483,30488,5,E
2581,30490,30492,2,N
2582,30493,30496,3,W
2583,30499,30500,1,E
2584,30501,30504,3,S
2585,30506,30508,2,W
2586,30514,30516,2,N
2587,30515,30520,5,E
2588,30519,30524,5,W
2589,30527,30528,1,S
2590,30531,30532,1,E
2591,30532,30536,4,W
2592,30538,30540,2,N
2593,30545,30548,3,W
2594,30547,30552,5,E
2595,30553,30556,3,S
2596,30558,30560,2,W
2597,30562,30564,2,N
2598,30563,30568,5,E
2599,30571,30572,1,W
2600,30579,30580,1,S
2601,30579,30584,5,E
2602,30584,30588,4,W
2603,30586,30592,6,N
2604,30595,30596,1,E
2605,30597,30600,3,W
2606,30605,30608,3,S
2607,30610,30612,2,N
2608,30610,30616,6,W
2609,30611,30620,9,E
2610,30623,30624,1,W
2611,30627,30628,1,E
2612,30631,30632,1,S
2613,30634,30636,2,N
2614,30636,30640,4,W
2615,30643,30644,1,E
2616,30649,30652,3,W
2617,30657,30660,3,S
2618,30658,30664,6,N
2619,30659,30668,9,E
2620,30662,30672,10,W
2621,30675,30676,1,E
2622,30675,30680,5,W
2623,30682,30684,2,N
2624,30683,30688,5,S
2625,30688,30692,4,W
2626,30691,30696,5,E
2627,30701,30704,3,W
2628,30706,30708,2,N
2629,30707,30712,5,E
2630,30709,30716,7,S
2631,30714,30720,6,W
2632,30723,30724,1,E
2633,30727,30728,1,W
2634,30730,30732,2,N
2635,30735,30736,1,S
2636,30739,30740,1,E
2637,30740,30744,4,W
2638,30753,30756,3,W
2639,30754,30760,6,N
2640,30755,30764,9,E
2641,30761,30768,7,S
2642,30766,30772,6,W
2643,30771,30776,5,E
2644,30778,30780,2,N
2645,30779,30784,5,W
2646,30787,30788,1,S
2647,30787,30792,5,E
2648,30792,30796,4,W
2649,30802,30804,2,N
2650,30803,30808,5,E
2651,30805,30812,7,W
2652,30813,30816,3,S
2653,30818,30820,2,W
2654,30819,30824,5,E
2655,30826,30828,2,N
2656,30831,30832,1,W
2657,30835,30836,1,E
2658,30839,30840,1,S
2659,30844,30844,0,W
2660,30850,30852,2,N
2661,30851,30856,5,E
2662,30857,30860,3,W
2663,30865,30868,3,S
2664,30867,30872,5,E
2665,30870,30876,6,W
2666,30874,30880,6,N
2667,30883,30884,1,E
2668,30883,30888,5,W
2669,30891,30892,1,S
2670,30896,30896,0,W
2671,30898,30900,2,N
2672,30899,30904,5,E
2673,30909,30912,3,W
2674,30915,30916,1,E
2675,30917,30920,3,S
2676,30922,30924,2,N
2677,30922,30928,6,W
2678,30931,30932,1,E
2679,30935,30936,1,W
2680,30943,30944,1,S
2681,30946,30948,2,N
2682,30947,30952,5,E
2683,30948,30956,8,W
2684,30961,30964,3,W
2685,30963,30968,5,E
2686,30969,30972,3,S
2687,30970,30976,6,N
2688,30974,30980,6,W
2689,30979,30984,5,E
2690,30987,30988,1,W
2691,30994,30996,2,N
2692,30995,31000,5,S
2693,30995,31004,9,E
2694,31000,31008,8,W
2695,31011,31012,1,E
2696,31013,31016,3,W
2697,31018,31020,2,N
2698,31021,31024,3,S
2699,31026,31028,2,W
2700,31027,31032,5,E
2701,31039,31040,1,W
2702,31042,31044,2,N
2703,31043,31048,5,E
2704,31047,31052,5,S
2705,31052,31056,4,W
2706,31059,31060,1,E
2707,31065,31068,3,W
2708,31066,31072,6,N
2709,31073,31076,3,S
2710,31075,31080,5,E
2711,31078,31084,6,W
2712,31090,31092,2,N
2713,31091,31096,5,E
2714,31091,31100,9,W
2715,31099,31104,5,S
2716,31104,31108,4,W
2717,31107,31112,5,E
2718,31114,31116,2,N
2719,31117,31120,3,W
2720,31123,31124,1,E
2721,31125,31128,3,S
2722,31130,31132,2,W
2723,31138,31140,2,N
2724,31139,31144,5,E
2725,31143,31148,5,W
2726,31151,31152,1,S
2727,31155,31156,1,E
2728,31156,31160,4,W
2729,31162,31164,2,N
2730,31169,31172,3,W
2731,31171,31176,5,E
2732,31177,31180,3,S
2733,31182,31184,2,W
2734,31186,31188,2,N
2735,31187,31192,5,E
2736,31195,31196,1,W
2737,31203,31204,1,S
2738,31203,31208,5,E
2739,31208,31212,4,W
2740,31210,31216,6,N
2741,31219,31220,1,E
2742,31221,31224,3,W
2743,31229,31232,3,S
2744,31234,31236,2,N
2745,31234,31240,6,W
2746,31235,31244,9,E
2747,31247,31248,1,W
2748,31251,31252,1,E
2749,31255,31256,1,S
2750,31258,31260,2,N
2751,31260,31264,4,W
2752,31267,31268,1,E
2753,31273,31276,3,W
2754,31281,31284,3,S
2755,31282,31288,6,N
2756,31283,31292,9,E
2757,31286,31296,10,W
2758,31299,31300,1,E
2759,31299,31304,5,W
2760,31306,31308,2,N
2761,31307,31312,5,S
2762,31312,31316,4,W
2763,31315,31320,5,E
2764,31325,31328,3,W
2765,31330,31332,2,N
2766,31331,31336,5,E
2767,31333,31340,7,S
2768,31338,31344,6,W
2769,31347,31348,1,E
2770,31351,31352,1,W
2771,31354,31356,2,N
2772,31359,31360,1,S
2773,31363,31364,1,E
2774,31364,31368,4,W
2775,31377,31380,3,W
2776,31378,31384,6,N
2777,31379,31388,9,E
2778,31385,31392,7,S
2779,31390,31396,6,W
2780,31395,31400,5,E
2781,31402,31404,2,N
2782,31403,31408,5,W
2783,31411,31412,1,S
2784,31411,31416,5,E
2785,31416,31420,4,W
2786,31426,31428,2,N
2787,31427,31432,5,E
2788,31429,31436,7,W
2789,31437,31440,3,S
2790,31442,31444,2,W
2791,31443,31448,5,E
2792,31450,31452,2,N
2793,31455,31456,1,W
2794,31459,31460,1,E
2795,31463,31464,1,S
2796,31468,31468,0,W
2797,31474,31476,2,N
2798,31475,31480,5,E
2799,31481,31484,3,W
2800,31489,31492,3,S
2801,31491,31496,5,E
2802,31494,31500,6,W
2803,31498,31504,6,N
2804,31507,31508,1,E
2805,31507,31512,5,W
2806,31515,31516,1,S
2807,31520,31520,0,W
2808,31522,31524,2,N
2809,31523,31528,5,E
2810,31533,31536,3,W
2811,31539,31540,1,E
2812,31541,31544,3,S
2813,31546,31548,2,N
2814,31546,31552,6,W
2815,31555,31556,1,E
2816,31559,31560,1,W
2817,31567,31568,1,S
2818,31570,31572,2,N
2819,31571,31576,5,E
2820,31572,31580,8,W
2821,31585,31588,3,W
2822,31587,31592,5,E
2823,31593,31596,3,S
2824,31594,31600,6,N
2825,31598,31604,6,W
2826,31603,31608,5,E
2827,31611,31612,1,W
2828,31618,31620,2,N
2829,31619,31624,5,S
2830,31619,31628,9,E
2831,31624,31632,8,W
2832,31635,31636,1,E
2833,31637,31640,3,W
2834,31642,31644,2,N
2835,31645,31648,3,S
2836,31650,31652,2,W
2837,31651,31656,5,E
2838,31663,31664,1,W
2839,31666,31668,2,N
2840,31667,31672,5,E
2841,31671,31676,5,S
2842,31676,31680,4,W
2843,31683,31684,1,E
2844,31689,31692,3,W
2845,31690,31696,6,N
2846,31697,31700,3,S
2847,31699,31704,5,E
2848,31702,31708,6,W
2849,31714,31716,2,N
2850,31715,31720,5,E
2851,31715,31724,9,W
2852,31723,31728,5,S
2853,31728,31732,4,W
2854,31731,31736,5,E
2855,31738,31740,2,N
2856,31741,31744,3,W
2857,31747,31748,1,E
2858,31749,31752,3,S
2859,31754,31756,2,W
2860,31762,31764,2,N
2861,31763,31768,5,E
2862,31767,31772,5,W
2863,31775,31776,1,S
2864,31779,31780,1,E
2865,31780,31784,4,W
2866,31786,31788,2,N
2867,31793,31796,3,W
2868,31795,31800,5,E
2869,31801,31804,3,S
2870,31806,31808,2,W
2871,31810,31812,2,N
2872,31811,31816,5,E
2873,31819,31820,1,W
2874,31827,31828,1,S
2875,31827,31832,5,E
2876,31832,31836,4,W
2877,31834,31840,6,N
2878,31843,31844,1,E
2879,31845,31848,3,W
2880,31853,31856,3,S
2881,31858,31860,2,N
2882,31858,31864,6,W
2883,31859,31868,9,E
2884,31871,31872,1,W
2885,31875,31876,1,E
2886,31879,31880,1,S
2887,31882,31884,2,N
2888,31884,31888,4,W
2889,31891,31892,1,E
2890,31897,31900,3,W
2891,31905,31908,3,S
2892,31906,31912,6,N
2893,31907,31916,9,E
2894,31910,31920,10,W
2895,31923,31924,1,E
2896,31923,31928,5,W
2897,31930,31932,2,N
2898,31931,31936,5,S
2899,31936,31940,4,W
2900,31939,31944,5,E
2901,31949,31952,3,W
2902,31954,31956,2,N
2903,31955,31960,5,E
2904,31957,31964,7,S
2905,31962,31968,6,W
2906,31971,31972,1,E
2907,31975,31976,1,W
2908,31978,31980,2,N
2909,31983,31984,1,S
2910,31987,31988,1,E
2911,31988,31992,4,W
2912,32001,32004,3,W
2913,32002,32008,6,N
2914,32003,32012,9,E
2915,32009,32016,7,S
2916,32014,32020,6,W
2917,32019,32024,5,E
2918,32026,32028,2,N
2919,32027,32032,5,W
2920,32035,32036,1,S
2921,32035,32040,5,E
2922,32040,32044,4,W
2923,32050,32052,2,N
2924,32051,32056,5,E
2925,32053,32060,7,W
2926,32061,32064,3,S
2927,32066,32068,2,W
2928,32067,32072,5,E
2929,32074,32076,2,N
2930,32079,32080,1,W
2931,32083,32084,1,E
2932,32087,32088,1,S
2933,32092,32092,0,W
2934,32098,32100,2,N
2935,32099,32104,5,E
2936,32105,32108,3,W
2937,32113,32116,3,S
2938,32115,32120,5,E
2939,32118,32124,6,W
2940,32122,32128,6,N
2941,32131,32132,1,E
2942,32131,32136,5,W
2943,32139,32140,1,S
2944,32144,32144,0,W
2945,32146,32148,2,N
2946,32147,32152,5,E
2947,32157,32160,3,W
2948,32163,32164,1,E
2949,32165,32168,3,S
2950,32170,32172,2,N
2951,32170,32176,6,W
2952,32179,32180,1,E
2953,32183,32184,1,W
2954,32191,32192,1,S
2955,32194,32196,2,N
2956,32195,32200,5,E
2957,32196,32204,8,W
2958,32209,32212,3,W
2959,32211,32216,5,E
2960,32217,32220,3,S
2961,32218,32224,6,N
2962,32222,32228,6,W
2963,32227,32232,5,E
2964,32235,32236,1,W
2965,32242,32244,2,N
2966,32243,32248,5,S
2967,32243,32252,9,E
2968,32248,32256,8,W
2969,32259,32260,1,E
2970,32261,32264,3,W
2971,32266,32268,2,N
2972,32269,32272,3,S
2973,32274,32276,2,W
2974,32275,32280,5,E
2975,32287,32288,1,W
2976,32290,32292,2,N
2977,32291,32296,5,E
2978,32295,32300,5,S
2979,32300,32304,4,W
2980,32307,32308,1,E
2981,32313,32316,3,W
2982,32314,32320,6,N
2983,32321,32324,3,S
2984,32323,32328,5,E
2985,32326,32332,6,W
2986,32338,32340,2,N
2987,32339,32344,5,E
2988,32339,32348,9,W
2989,32347,32352,5,S
2990,32352,32356,4,W
2991,32355,32360,5,E
2992,32362,32364,2,N
2993,32365,32368,3,W
2994,32371,32372,1,E
2995,32373,32376,3,S
2996,32378,32380,2,W
2997,32386,32388,2,N
2998,32387,32392,5,E
2999,32391,32396,5,W
3000,32399,32400,1,S
3001,32403,32404,1,E
3002,32404,32408,4,W
3003,32410,32412,2,N
3004,32419,32420,1,W
3005,32422,32424,2,E
3006,32425,32428,3,S
3007,32434,32436,2,W
3008,32438,32440,2,N
3009,32441,32444,3,E
3010,32449,32452,3,W
3011,32456,32456,0,S
3012,32460,32460,0,E
3013,32464,32464,0,W
3014,32466,32468,2,N
3015,32479,32480,1,E
3016,32479,32484,5,W
3017,32487,32488,1,S
3018,32494,32496,2,N
3019,32494,32500,6,W
3020,32498,32504,6,E
3021,32509,32512,3,W
3022,32517,32520,3,E
3023,32518,32524,6,S
3024,32522,32528,6,N
3025,32524,32532,8,W
3026,32536,32536,0,E
3027,32539,32540,1,W
3028,32549,32552,3,S
3029,32550,32556,6,N
3030,32554,32560,6,W
3031,32555,32564,9,E
3032,32569,32572,3,W
3033,32574,32576,2,E
3034,32578,32580,2,N
3035,32580,32584,4,S
3036,32584,32588,4,W
3037,32593,32596,3,E
3038,32599,32600,1,W
3039,32606,32608,2,N
3040,32611,32612,1,S
3041,32612,32616,4,E
3042,32614,32620,6,W
3043,32629,32632,3,W
3044,32631,32636,5,E
3045,32634,32640,6,N
3046,32642,32644,2,S
3047,32644,32648,4,W
3048,32650,32652,2,E
3049,32659,32660,1,W
3050,32662,32664,2,N
3051,32669,32672,3,E
3052,32673,32676,3,S
3053,32674,32680,6,W
3054,32688,32688,0,E
3055,32689,32692,3,W
3056,32690,32696,6,N
3057,32704,32704,0,S
3058,32704,32708,4,W
3059,32707,32712,5,E
3060,32718,32720,2,N
3061,32719,32724,5,W
3062,32726,32728,2,E
3063,32734,32736,2,W
3064,32735,32740,5,S
3065,32745,32748,3,E
3066,32746,32752,6,N
3067,32749,32756,7,W
3068,32764,32764,0,E
3069,32764,32768,4,W
3070,32766,32772,6,S
3071,32774,32776,2,N
3072,32779,32780,1,W
3073,32783,32784,1,E
3074,32794,32796,2,W
3075,32797,32800,3,S
3076,32802,32804,2,N
3077,32802,32808,6,E
3078,32809,32812,3,W
3079,32821,32824,3,E
3080,32824,32828,4,W
3081,32828,32832,4,S
3082,32830,32836,6,N
3083,32839,32840,1,W
3084,32840,32844,4,E
3085,32854,32856,2,W
3086,32858,32860,2,N
3087,32859,32864,5,S
3088,32859,32868,9,E
3089,32869,32872,3,W
3090,32878,32880,2,E
3091,32884,32884,0,W
3092,32886,32888,2,N
3093,32890,32892,2,S
3094,32897,32900,3,E
3095,32899,32904,5,W
3096,32914,32916,2,N
3097,32914,32920,6,W
3098,32916,32924,8,E
3099,32921,32928,7,S
3100,32929,32932,3,W
3101,32935,32936,1,E
3102,32942,32944,2,N
3103,32944,32948,4,W
3104,32952,32952,0,S
3105,32954,32956,2,E
3106,32959,32960,1,W
3107,32970,32972,2,N
3108,32973,32976,3,E
3109,32974,32980,6,W
3110,32983,32984,1,S
3111,32989,32992,3,W
3112,32992,32996,4,E
3113,32998,33000,2,N
3114,33004,33004,0,W
3115,33011,33012,1,E
3116,33014,33016,2,S
3117,33019,33020,1,W
3118,33026,33028,2,N
3119,33030,33032,2,E
3120,33034,33036,2,W
3121,33045,33048,3,S
3122,33049,33052,3,E
3123,33049,33056,7,W
3124,33054,33060,6,N
3125,33064,33064,0,W
3126,33068,33068,0,E
3127,33076,33076,0,S
3128,33079,33080,1,W
3129,33082,33084,2,N
3130,33087,33088,1,E
3131,33094,33096,2,W
3132,33106,33108,2,E
3133,33107,33112,5,S
3134,33109,33116,7,W
3135,33110,33120,10,N
3136,33124,33124,0,W
3137,33125,33128,3,E
3138,33138,33140,2,S
3139,33138,33144,6,N
3140,33139,33148,9,W
3141,33144,33152,8,E
3142,33154,33156,2,W
3143,33163,33164,1,E
3144,33166,33168,2,N
3145,33169,33172,3,S
3146,33169,33176,7,W
3147,33182,33184,2,E
3148,33184,33188,4,W
3149,33194,33196,2,N
3150,33199,33200,1,W
3151,33200,33204,4,S
3152,33201,33208,7,E
3153,33214,33216,2,W
3154,33220,33220,0,E
3155,33222,33224,2,N
3156,33229,33232,3,W
3157,33231,33236,5,S
3158,33239,33240,1,E
3159,33244,33244,0,W
3160,33250,33252,2,N
3161,33258,33260,2,E
3162,33259,33264,5,W
3163,33262,33268,6,S
3164,33274,33276,2,W
3165,33277,33280,3,E
3166,33278,33284,6,N
3167,33289,33292,3,W
3168,33293,33296,3,S
3169,33296,33300,4,E
3170,33304,33304,0,W
3171,33306,33308,2,N
3172,33315,33316,1,E
3173,33319,33320,1,W
3174,33324,33324,0,S
3175,33334,33336,2,N
3176,33334,33340,6,E
3177,33334,33344,10,W
3178,33349,33352,3,W
3179,33353,33356,3,E
3180,33355,33360,5,S
3181,33362,33364,2,N
3182,33364,33368,4,W
3183,33372,33372,0,E
3184,33379,33380,1,W
3185,33386,33388,2,S
3186,33390,33392,2,N
3187,33391,33396,5,E
3188,33394,33400,6,W
3189,33409,33412,3,W
3190,33410,33416,6,E
3191,33417,33420,3,S
3192,33418,33424,6,N
3193,33424,33428,4,W
3194,33429,33432,3,E
3195,33439,33440,1,W
3196,33446,33448,2,N
3197,33448,33452,4,S
3198,33448,33456,8,E
3199,33454,33460,6,W
3200,33467,33468,1,E
3201,33469,33472,3,W
3202,33474,33476,2,N
3203,33479,33480,1,S
3204,33484,33484,0,W
3205,33486,33488,2,E
3206,33499,33500,1,W
3207,33502,33504,2,N
3208,33505,33508,3,E
3209,33510,33512,2,S
3210,33514,33516,2,W
3211,33524,33524,0,E
3212,33529,33532,3,W
3213,33530,33536,6,N
3214,33541,33544,3,S
3215,33543,33548,5,E
3216,33544,33552,8,W
3217,33558,33560,2,N
3218,33559,33564,5,W
3219,33562,33568,6,E
3220,33572,33572,0,S
3221,33574,33576,2,W
3222,33581,33584,3,E
3223,33586,33588,2,N
3224,33589,33592,3,W
3225,33600,33600,0,E
3226,33603,33604,1,S
3227,33604,33608,4,W
3228,33614,33616,2,N
3229,33619,33620,1,E
3230,33619,33624,5,W
3231,33634,33636,2,S
3232,33634,33640,6,W
3233,33638,33644,6,E
3234,33642,33648,6,N
3235,33649,33652,3,W
3236,33657,33660,3,E
3237,33664,33664,0,W
3238,33665,33668,3,S
3239,33670,33672,2,N
3240,33676,33676,0,E
3241,33679,33680,1,W
3242,33694,33696,2,W
3243,33695,33700,5,E
3244,33696,33704,8,S
3245,33698,33708,10,N
3246,33709,33712,3,W
3247,33714,33716,2,E
3248,33724,33724,0,W
3249,33726,33728,2,N
3250,33727,33732,5,S
3251,33733,33736,3,E
3252,33739,33740,1,W
3253,33752,33752,0,E
3254,33754,33756,2,N
3255,33754,33760,6,W
3256,33758,33764,6,S
3257,33769,33772,3,W
3258,33771,33776,5,E
3259,33782,33784,2,N
3260,33784,33788,4,W
3261,33789,33792,3,S
3262,33790,33796,6,E
3263,33799,33800,1,W
3264,33809,33812,3,E
3265,33810,33816,6,N
3266,33814,33820,6,W
3267,33820,33824,4,S
3268,33828,33828,0,E
3269,33829,33832,3,W
3270,33838,33840,2,N
3271,33844,33844,0,W
3272,33847,33848,1,E
3273,33851,33852,1,S
3274,33859,33860,1,W
3275,33866,33868,2,N
3276,33866,33872,6,E
3277,33874,33876,2,W
3278,33882,33884,2,S
3279,33885,33888,3,E
3280,33889,33892,3,W
3281,33894,33896,2,N
3282,33904,33904,0,E
3283,33904,33908,4,W
3284,33913,33916,3,S
3285,33919,33920,1,W
3286,33922,33924,2,N
3287,33923,33928,5,E
3288,33934,33936,2,W
3289,33942,33944,2,E
3290,33944,33948,4,S
3291,33949,33952,3,W
3292,33950,33956,6,N
3293,33961,33964,3,E
3294,33964,33968,4,W
3295,33975,33976,1,S
3296,33978,33980,2,N
3297,33979,33984,5,W
3298,33980,33988,8,E
3299,33994,33996,2,W
3300,33999,34000,1,E
3301,34006,34008,2,S
3302,34006,34012,6,N
3303,34009,34016,7,W
3304,34018,34020,2,E
3305,34024,34024,0,W
3306,34034,34036,2,N
3307,34037,34040,3,S
3308,34037,34044,7,E
3309,34039,34048,9,W
3310,34054,34056,2,W
3311,34056,34060,4,E
3312,34062,34064,2,N
3313,34068,34068,0,S
3314,34069,34072,3,W
3315,34075,34076,1,E
3316,34084,34084,0,W
3317,34090,34092,2,N
3318,34094,34096,2,E
3319,34099,34100,1,S
3320,34099,34104,5,W
3321,34113,34116,3,E
3322,34114,34120,6,W
3323,34118,34124,6,N
3324,34129,34132,3,W
3325,34130,34136,6,S
3326,34132,34140,8,E
3327,34144,34144,0,W
3328,34146,34148,2,N
3329,34151,34152,1,E
3330,34159,34160,1,W
3331,34161,34164,3,S
3332,34170,34172,2,E
3333,34174,34176,2,N
3334,34174,34180,6,W
3335,34189,34192,3,E
3336,34189,34196,7,W
3337,34192,34200,8,S
3338,34202,34204,2,N
3339,34204,34208,4,W
3340,34208,34212,4,E
3341,34219,34220,1,W
3342,34223,34224,1,S
3343,34227,34228,1,E
3344,34230,34232,2,N
3345,34234,34236,2,W
3346,34246,34248,2,E
3347,34249,34252,3,W
3348,34254,34256,2,S
3349,34258,34260,2,N
3350,34264,34264,0,W
3351,34265,34268,3,E
3352,34279,34280,1,W
3353,34284,34284,0,E
3354,34285,34288,3,S
3355,34286,34292,6,N
3356,34294,34296,2,W
3357,34303,34304,1,E
3358,34309,34312,3,W
3359,34314,34316,2,N
3360,34316,34320,4,S
3361,34322,34324,2,E
3362,34324,34328,4,W
3363,34339,34340,1,W
3364,34341,34344,3,E
3365,34342,34348,6,N
3366,34347,34352,5,S
3367,34354,34356,2,W
3368,34360,34360,0,E
3369,34369,34372,3,W
3370,34370,34376,6,N
3371,34378,34380,2,S
3372,34379,34384,5,E
3373,34384,34388,4,W
3374,34398,34400,2,N
3375,34398,34404,6,E
3376,34399,34408,9,W
3377,34409,34412,3,S
3378,34414,34416,2,W
3379,34417,34420,3,E
3380,34426,34428,2,N
3381,34429,34432,3,W
3382,34436,34436,0,E
3383,34440,34440,0,S
3384,34444,34444,0,W
3385,34454,34456,2,N
3386,34455,34460,5,E
3387,34459,34464,5,W
3388,34471,34472,1,S
3389,34474,34476,2,E
3390,34474,34480,6,W
3391,34482,34484,2,N
3392,34489,34492,3,W
3393,34493,34496,3,E
3394,34502,34504,2,S
3395,34504,34508,4,W
3396,34510,34512,2,N
3397,34512,34516,4,E
3398,34519,34520,1,W
3399,34531,34532,1,E
3400,34533,34536,3,S
3401,34534,34540,6,W
3402,34538,34544,6,N
3403,34549,34552,3,W
3404,34550,34556,6,E
3405,34564,34564,0,S
3406,34564,34568,4,W
3407,34566,34572,6,N
3408,34569,34576,7,E
3409,34579,34580,1,W
3410,34588,34588,0,E
3411,34594,34596,2,N
3412,34594,34600,6,W
3413,34595,34604,9,S
3414,34607,34608,1,E
3415,34609,34612,3,W
3416,34622,34624,2,N
3417,34624,34628,4,W
3418,34626,34632,6,S
3419,34626,34636,10,E
3420,34639,34640,1,W
3421,34645,34648,3,E
3422,34650,34652,2,N
3423,34654,34656,2,W
3424,34657,34660,3,S
3425,34664,34664,0,E
3426,34669,34672,3,W
3427,34678,34680,2,N
3428,34683,34684,1,E
3429,34684,34688,4,W
3430,34688,34692,4,S
3431,34699,34700,1,W
3432,34702,34704,2,E
3433,34706,34708,2,N
3434,34714,34716,2,W
3435,34719,34720,1,S
3436,34721,34724,3,E
3437,34729,34732,3,W
3438,34734,34736,2,N
3439,34740,34740,0,E
3440,34744,34744,0,W
3441,34750,34752,2,S
3442,34759,34760,1,E
3443,34759,34764,5,W
3444,34762,34768,6,N
3445,34774,34776,2,W
3446,34778,34780,2,E
3447,34781,34784,3,S
3448,34789,34792,3,W
3449,34790,34796,6,N
3450,34797,34800,3,E
3451,34804,34804,0,W
3452,34812,34812,0,S
3453,34816,34816,0,E
3454,34818,34820,2,N
3455,34819,34824,5,W
3456,34834,34836,2,W
3457,34835,34840,5,E
3458,34843,34844,1,S
3459,34846,34848,2,N
3460,34849,34852,3,W
3461,34854,34856,2,E
3462,34864,34864,0,W
3463,34873,34876,3,E
3464,34874,34880,6,S
3465,34874,34884,10,N
3466,34879,34888,9,W
3467,34892,34892,0,E
3468,34894,34896,2,W
3469,34902,34904,2,N
3470,34905,34908,3,S
3471,34909,34912,3,W
3472,34911,34916,5,E
3473,34924,34924,0,W
3474,34930,34932,2,N
3475,34930,34936,6,E
3476,34936,34940,4,S
3477,34939,34944,5,W
3478,34949,34952,3,E
3479,34954,34956,2,W
3480,34958,34960,2,N
3481,34967,34968,1,S
3482,34968,34972,4,E
3483,34969,34976,7,W
3484,34984,34984,0,W
3485,34986,34988,2,N
3486,34987,34992,5,E
3487,34998,35000,2,S
3488,34999,35004,5,W
3489,35006,35008,2,E
3490,35014,35016,2,N
3491,35014,35020,6,W
3492,35025,35028,3,E
3493,35029,35032,3,S
3494,35029,35036,7,W
3495,35042,35044,2,N
3496,35044,35048,4,E
3497,35044,35052,8,W
3498,35059,35060,1,W
3499,35060,35064,4,S
3500,35063,35068,5,E
3501,35070,35072,2,N
3502,35074,35076,2,W
3503,35082,35084,2,E
3504,35089,35092,3,W
3505,35091,35096,5,S
3506,35098,35100,2,N
3507,35101,35104,3,E
3508,35104,35108,4,W
3509,35119,35120,1,W
3510,35120,35124,4,E
3511,35122,35128,6,S
3512,35126,35132,6,N
3513,35134,35136,2,W
3514,35139,35140,1,E
3515,35149,35152,3,W
3516,35153,35156,3,S
3517,35154,35160,6,N
3518,35158,35164,6,E
3519,35164,35168,4,W
3520,35177,35180,3,E
3521,35179,35184,5,W
3522,35182,35188,6,N
3523,35184,35192,8,S
3524,35194,35196,2,W
3525,35196,35200,4,E
3526,35209,35212,3,W
3527,35210,35216,6,N
3528,35215,35220,5,S
3529,35215,35224,9,E
3530,35224,35228,4,W
3531,35234,35236,2,E
3532,35238,35240,2,N
3533,35239,35244,5,W
3534,35246,35248,2,S
3535,35253,35256,3,E
3536,35254,35260,6,W
3537,35266,35268,2,N
3538,35269,35272,3,W
3539,35272,35276,4,E
3540,35277,35280,3,S
3541,35284,35284,0,W
3542,35291,35292,1,E
3543,35294,35296,2,N
3544,35299,35300,1,W
3545,35308,35308,0,S
3546,35310,35312,2,E
3547,35314,35316,2,W
3548,35322,35324,2,N
3549,35329,35332,3,E
3550,35329,35336,7,W
3551,35339,35340,1,S
3552,35344,35344,0,W
3553,35348,35348,0,E
3554,35350,35352,2,N
3555,35359,35360,1,W
3556,35367,35368,1,E
3557,35370,35372,2,S
3558,35374,35376,2,W
3559,35378,35380,2,N
3560,35386,35388,2,E
3561,35389,35392,3,W
3562,35401,35404,3,S
3563,35404,35408,4,W
3564,35405,35412,7,E
3565,35406,35416,10,N
3566,35419,35420,1,W
3567,35424,35424,0,E
3568,35432,35432,0,S
3569,35434,35436,2,N
3570,35434,35440,6,W
3571,35443,35444,1,E
3572,35449,35452,3,W
3573,35462,35464,2,N
3574,35462,35468,6,E
3575,35463,35472,9,S
3576,35464,35476,12,W
3577,35479,35480,1,W
3578,35481,35484,3,E
3579,35490,35492,2,N
3580,35494,35496,2,S
3581,35494,35500,6,W
3582,35500,35504,4,E
3583,35509,35512,3,W
3584,35518,35520,2,N
3585,35519,35524,5,E
3586,35524,35528,4,W
3587,35525,35532,7,S
3588,35538,35540,2,E
3589,35539,35544,5,W
3590,35546,35548,2,N
3591,35554,35556,2,W
3592,35556,35560,4,S
3593,35557,35564,7,E
3594,35569,35572,3,W
3595,35574,35576,2,N
3596,35576,35580,4,E
3597,35584,35584,0,W
3598,35587,35588,1,S
3599,35595,35596,1,E
3600,35599,35600,1,W
3601,35602,35604,2,N
3602,35614,35616,2,E
3603,35614,35620,6,W
3604,35618,35624,6,S
3605,35629,35632,3,W
3606,35630,35636,6,N
3607,35633,35640,7,E
3608,35644,35644,0,W
3609,35649,35652,3,S
3610,35652,35656,4,E
3611,35658,35660,2,N
3612,35659,35664,5,W
3613,35671,35672,1,E
3614,35674,35676,2,W
3615,35680,35680,0,S
3616,35686,35688,2,N
3617,35689,35692,3,W
3618,35690,35696,6,E
3619,35704,35704,0,W
3620,35709,35712,3,E
3621,35711,35716,5,S
3622,35714,35720,6,N
3623,35719,35724,5,W
3624,35728,35728,0,E
3625,35734,35736,2,W
3626,35742,35744,2,S
3627,35742,35748,6,N
3628,35747,35752,5,E
3629,35749,35756,7,W
3630,35764,35764,0,W
3631,35766,35768,2,E
3632,35770,35772,2,N
3633,35773,35776,3,S
3634,35779,35780,1,W
3635,35785,35788,3,E
3636,35794,35796,2,W
3637,35798,35800,2,N
3638,35804,35804,0,S
3639,35804,35808,4,E
3640,35809,35812,3,W
3641,35823,35824,1,E
3642,35824,35828,4,W
3643,35826,35832,6,N
3644,35835,35836,1,S
3645,35839,35840,1,W
3646,35842,35844,2,E
3647,35854,35856,2,N
3648,35854,35860,6,W
3649,35861,35864,3,E
3650,35866,35868,2,S
3651,35869,35872,3,W
3652,35880,35880,0,E
3653,35882,35884,2,N
3654,35884,35888,4,W
3655,35897,35900,3,S
3656,35899,35904,5,E
3657,35899,35908,9,W
3658,35910,35912,2,N
3659,35914,35916,2,W
3660,35918,35920,2,E
3661,35928,35928,0,S
3662,35929,35932,3,W
3663,35937,35940,3,E
3664,35938,35944,6,N
3665,35944,35948,4,W
3666,35956,35956,0,E
3667,35959,35960,1,S
3668,35959,35964,5,W
3669,35966,35968,2,N
3670,35974,35976,2,W
3671,35975,35980,5,E
3672,35989,35992,3,W
3673,35990,35996,6,S
3674,35994,36000,6,N
3675,35994,36004,10,E
3676,36004,36008,4,W
3677,36013,36016,3,E
3678,36020,36020,0,W
3679,36021,36024,3,S
3680,36022,36028,6,N
3681,36032,36032,0,E
3682,36036,36036,0,W
3683,36051,36052,1,N
3684,36051,36056,5,E
3685,36052,36060,8,W
3686,36053,36064,11,S
3687,36068,36068,0,W
3688,36070,36072,2,E
3689,36080,36080,0,N
3690,36084,36084,0,W
3691,36085,36088,3,S
3692,36089,36092,3,E
3693,36100,36100,0,W
3694,36108,36108,0,E
3695,36109,36112,3,N
3696,36116,36116,0,W
3697,36117,36120,3,S
3698,36127,36128,1,E
3699,36132,36132,0,W
3700,36138,36140,2,N
3701,36146,36148,2,E
3702,36148,36152,4,W
3703,36149,36156,7,S
3704,36164,36164,0,W
3705,36165,36168,3,E
3706,36167,36172,5,N
3707,36180,36180,0,W
3708,36181,36184,3,S
3709,36184,36188,4,E
3710,36196,36196,0,N
3711,36196,36200,4,W
3712,36203,36204,1,E
3713,36212,36212,0,W
3714,36213,36216,3,S
3715,36222,36224,2,E
3716,36225,36228,3,N
3717,36228,36232,4,W
3718,36241,36244,3,E
3719,36244,36248,4,W
3720,36245,36252,7,S
3721,36254,36256,2,N
3722,36260,36260,0,E
3723,36260,36264,4,W
3724,36276,36276,0,W
3725,36277,36280,3,S
3726,36279,36284,5,E
3727,36283,36288,5,N
3728,36292,36292,0,W
3729,36298,36300,2,E
3730,36308,36308,0,W
3731,36309,36312,3,S
3732,36312,36316,4,N
3733,36317,36320,3,E
3734,36324,36324,0,W
3735,36336,36336,0,E
3736,36340,36340,0,W
3737,36341,36344,3,S
3738,36341,36348,7,N
3739,36355,36356,1,E
3740,36356,36360,4,W
3741,36370,36372,2,N
3742,36372,36376,4,W
3743,36373,36380,7,S
3744,36374,36384,10,E
3745,36388,36388,0,W
3746,36393,36396,3,E
3747,36399,36400,1,N
3748,36404,36404,0,W
3749,36405,36408,3,S
3750,36412,36412,0,E
3751,36420,36420,0,W
3752,36428,36428,0,N
3753,36431,36432,1,E
3754,36436,36436,0,W
3755,36437,36440,3,S
3756,36450,36452,2,E
3757,36452,36456,4,W
3758,36457,36460,3,N
3759,36468,36468,0,W
3760,36469,36472,3,S
3761,36469,36476,7,E
3762,36484,36484,0,W
3763,36486,36488,2,N
3764,36488,36492,4,E
3765,36500,36500,0,W
3766,36501,36504,3,S
3767,36507,36508,1,E
3768,36515,36516,1,N
3769,36516,36520,4,W
3770,36526,36528,2,E
3771,36532,36532,0,W
3772,36533,36536,3,S
3773,36544,36544,0,N
3774,36545,36548,3,E
3775,36548,36552,4,W
3776,36564,36564,0,E
3777,36564,36568,4,W
3778,36565,36572,7,S
3779,36573,36576,3,N
3780,36580,36580,0,W
3781,36583,36584,1,E
3782,36596,36596,0,W
3783,36597,36600,3,S
3784,36602,36604,2,N
3785,36602,36608,6,E
3786,36612,36612,0,W
3787,36621,36624,3,E
3788,36628,36628,0,W
3789,36629,36632,3,S
3790,36631,36636,5,N
3791,36640,36640,0,E
3792,36644,36644,0,W
3793,36659,36660,1,E
3794,36660,36664,4,N
3795,36660,36668,8,W
3796,36661,36672,11,S
3797,36676,36676,0,W
3798,36678,36680,2,E
3799,36689,36692,3,N
3800,36692,36696,4,W
3801,36693,36700,7,S
3802,36697,36704,7,E
3803,36708,36708,0,W
3804,36716,36716,0,E
3805,36718,36720,2,N
3806,36724,36724,0,W
3807,36725,36728,3,S
3808,36735,36736,1,E
3809,36740,36740,0,W
3810,36747,36748,1,N
3811,36754,36756,2,E
3812,36756,36760,4,W
3813,36757,36764,7,S
3814,36772,36772,0,W
3815,36773,36776,3,E
3816,36776,36780,4,N
3817,36788,36788,0,W
3818,36789,36792,3,S
3819,36792,36796,4,E
3820,36804,36804,0,W
3821,36805,36808,3,N
3822,36811,36812,1,E
3823,36820,36820,0,W
3824,36821,36824,3,S
3825,36830,36832,2,E
3826,36834,36836,2,N
3827,36836,36840,4,W
3828,36849,36852,3,E
3829,36852,36856,4,W
3830,36853,36860,7,S
3831,36863,36864,1,N
3832,36868,36868,0,E
3833,36868,36872,4,W
3834,36884,36884,0,W
3835,36885,36888,3,S
3836,36887,36892,5,E
3837,36892,36896,4,N
3838,36900,36900,0,W
3839,36906,36908,2,E
3840,36916,36916,0,W
3841,36917,36920,3,S
3842,36921,36924,3,N
3843,36925,36928,3,E
3844,36932,36932,0,W
3845,36944,36944,0,E
3846,36948,36948,0,W
3847,36949,36952,3,S
3848,36950,36956,6,N
3849,36963,36964,1,E
3850,36964,36968,4,W
3851,36979,36980,1,N
3852,36980,36984,4,W
3853,36981,36988,7,S
3854,36982,36992,10,E
3855,36996,36996,0,W
3856,37001,37004,3,E
3857,37008,37008,0,N
3858,37012,37012,0,W
3859,37013,37016,3,S
3860,37020,37020,0,E
3861,37028,37028,0,W
3862,37037,37040,3,N
3863,37039,37044,5,E
3864,37044,37048,4,W
3865,37045,37052,7,S
3866,37058,37060,2,E
3867,37060,37064,4,W
3868,37066,37068,2,N
3869,37076,37076,0,W
3870,37077,37080,3,S
3871,37077,37084,7,E
3872,37092,37092,0,W
3873,37095,37096,1,N
3874,37096,37100,4,E
3875,37108,37108,0,W
3876,37109,37112,3,S
3877,37115,37116,1,E
3878,37124,37124,0,N
3879,37124,37128,4,W
3880,37134,37136,2,E
3881,37140,37140,0,W
3882,37141,37144,3,S
3883,37153,37156,3,N
3884,37153,37160,7,E
3885,37156,37164,8,W
3886,37172,37172,0,E
3887,37172,37176,4,W
3888,37173,37180,7,S
3889,37182,37184,2,N
3890,37188,37188,0,W
3891,37191,37192,1,E
3892,37204,37204,0,W
3893,37205,37208,3,S
3894,37210,37212,2,E
3895,37211,37216,5,N
3896,37220,37220,0,W
3897,37229,37232,3,E
3898,37236,37236,0,W
3899,37237,37240,3,S
3900,37240,37244,4,N
3901,37248,37248,0,E
3902,37252,37252,0,W
3903,37267,37268,1,E
3904,37268,37272,4,W
3905,37269,37276,7,S
3906,37269,37280,11,N
3907,37284,37284,0,W
3908,37286,37288,2,E
3909,37298,37300,2,N
3910,37300,37304,4,W
3911,37301,37308,7,S
3912,37305,37312,7,E
3913,37316,37316,0,W
3914,37324,37324,0,E
3915,37327,37328,1,N
3916,37332,37332,0,W
3917,37333,37336,3,S
3918,37343,37344,1,E
3919,37348,37348,0,W
3920,37356,37356,0,N
3921,37362,37364,2,E
3922,37364,37368,4,W
3923,37365,37372,7,S
3924,37380,37380,0,W
3925,37381,37384,3,E
3926,37385,37388,3,N
3927,37396,37396,0,W
3928,37397,37400,3,S
3929,37400,37404,4,E
3930,37412,37412,0,W
3931,37414,37416,2,N
3932,37419,37420,1,E
3933,37428,37428,0,W
3934,37429,37432,3,S
3935,37438,37440,2,E
3936,37443,37444,1,N
3937,37444,37448,4,W
3938,37457,37460,3,E
3939,37460,37464,4,W
3940,37461,37468,7,S
3941,37472,37472,0,N
3942,37476,37476,0,E
3943,37476,37480,4,W
3944,37492,37492,0,W
3945,37493,37496,3,S
3946,37495,37500,5,E
3947,37501,37504,3,N
3948,37508,37508,0,W
3949,37514,37516,2,E
3950,37524,37524,0,W
3951,37525,37528,3,S
3952,37530,37532,2,N
3953,37533,37536,3,E
3954,37540,37540,0,W
3955,37552,37552,0,E
3956,37556,37556,0,W
3957,37557,37560,3,S
3958,37559,37564,5,N
3959,37571,37572,1,E
3960,37572,37576,4,W
3961,37588,37588,0,N
3962,37588,37592,4,W
3963,37589,37596,7,S
3964,37590,37600,10,E
3965,37604,37604,0,W
3966,37609,37612,3,E
3967,37617,37620,3,N
3968,37620,37624,4,W
3969,37621,37628,7,S
3970,37628,37632,4,E
3971,37636,37636,0,W
3972,37646,37648,2,N
3973,37647,37652,5,E
3974,37652,37656,4,W
3975,37653,37660,7,S
3976,37666,37668,2,E
3977,37668,37672,4,W
3978,37675,37676,1,N
3979,37684,37684,0,W
3980,37685,37688,3,S
3981,37685,37692,7,E
3982,37700,37700,0,W
3983,37704,37704,0,N
3984,37704,37708,4,E
3985,37716,37716,0,W
3986,37717,37720,3,S
3987,37723,37724,1,E
3988,37732,37732,0,W
3989,37733,37736,3,N
3990,37742,37744,2,E
3991,37748,37748,0,W
3992,37749,37752,3,S
3993,37761,37764,3,E
3994,37762,37768,6,N
3995,37764,37772,8,W
3996,37780,37780,0,E
3997,37780,37784,4,W
3998,37781,37788,7,S
3999,37791,37792,1,N
4000,37796,37796,0,W
4001,37799,37800,1,E
4002,37812,37812,0,W
4003,37813,37816,3,S
4004,37818,37820,2,E
4005,37820,37824,4,N
4006,37828,37828,0,W
4007,37837,37840,3,E
4008,37844,37844,0,W
4009,37845,37848,3,S
4010,37849,37852,3,N
4011,37856,37856,0,E
4012,37860,37860,0,W
4013,37875,37876,1,E
4014,37876,37880,4,W
4015,37877,37884,7,S
4016,37878,37888,10,N
4017,37892,37892,0,W
4018,37894,37896,2,E
4019,37907,37908,1,N
4020,37908,37912,4,W
4021,37909,37916,7,S
4022,37913,37920,7,E
4023,37924,37924,0,W
4024,37932,37932,0,E
4025,37936,37936,0,N
4026,37940,37940,0,W
4027,37941,37944,3,S
4028,37951,37952,1,E
4029,37956,37956,0,W
4030,37965,37968,3,N
4031,37970,37972,2,E
4032,37972,37976,4,W
4033,37973,37980,7,S
4034,37988,37988,0,W
4035,37989,37992,3,E
4036,37994,37996,2,N
4037,38004,38004,0,W
4038,38005,38008,3,S
4039,38008,38012,4,E
4040,38020,38020,0,W
4041,38023,38024,1,N
4042,38027,38028,1,E
4043,38036,38036,0,W
4044,38037,38040,3,S
4045,38046,38048,2,E
4046,38052,38052,0,N
4047,38052,38056,4,W
4048,38065,38068,3,E
4049,38068,38072,4,W
4050,38069,38076,7,S
4051,38081,38084,3,N
4052,38084,38088,4,E
4053,38084,38092,8,W
4054,38100,38100,0,W
4055,38101,38104,3,S
4056,38103,38108,5,E
4057,38110,38112,2,N
4058,38116,38116,0,W
4059,38122,38124,2,E
4060,38132,38132,0,W
4061,38133,38136,3,S
4062,38139,38140,1,N
4063,38141,38144,3,E
4064,38148,38148,0,W
4065,38160,38160,0,E
4066,38164,38164,0,W
4067,38165,38168,3,S
4068,38168,38172,4,N
4069,38179,38180,1,E
4070,38180,38184,4,W
4071,38196,38196,0,W
4072,38197,38200,3,S
4073,38197,38204,7,N
4074,38198,38208,10,E
4075,38212,38212,0,W
4076,38217,38220,3,E
4077,38226,38228,2,N
4078,38228,38232,4,W
4079,38229,38236,7,S
4080,38236,38240,4,E
4081,38244,38244,0,W
4082,38255,38256,1,N
4083,38255,38260,5,E
4084,38260,38264,4,W
4085,38261,38268,7,S
4086,38274,38276,2,E
4087,38276,38280,4,W
4088,38284,38284,0,N
4089,38292,38292,0,W
4090,38293,38296,3,S
4091,38293,38300,7,E
4092,38308,38308,0,W
4093,38312,38312,0,E
4094,38313,38316,3,N
4095,38324,38324,0,W
4096,38325,38328,3,S
4097,38331,38332,1,E
4098,38340,38340,0,W
4099,38342,38344,2,N
4100,38350,38352,2,E
4101,38356,38356,0,W
4102,38357,38360,3,S
4103,38369,38372,3,E
4104,38371,38376,5,N
4105,38372,38380,8,W
4106,38388,38388,0,E
4107,38388,38392,4,W
4108,38389,38396,7,S
4109,38400,38400,0,N
4110,38404,38404,0,W
4111,38407,38408,1,E
4112,38420,38420,0,W
4113,38421,38424,3,S
4114,38426,38428,2,E
4115,38429,38432,3,N
4116,38436,38436,0,W
4117,38445,38448,3,E
4118,38452,38452,0,W
4119,38453,38456,3,S
4120,38458,38460,2,N
4121,38464,38464,0,E
4122,38468,38468,0,W
4123,38483,38484,1,E
4124,38484,38488,4,W
4125,38485,38492,7,S
4126,38487,38496,9,N
4127,38500,38500,0,W
4128,38502,38504,2,E
4129,38516,38516,0,N
4130,38516,38520,4,W
4131,38517,38524,7,S
4132,38521,38528,7,E
4133,38532,38532,0,W
4134,38540,38540,0,E
4135,38545,38548,3,N
4136,38548,38552,4,W
4137,38549,38556,7,S
4138,38559,38560,1,E
4139,38564,38564,0,W
4140,38574,38576,2,N
4141,38578,38580,2,E
4142,38580,38584,4,W
4143,38581,38588,7,S
4144,38596,38596,0,W
4145,38597,38600,3,E
4146,38603,38604,1,N
4147,38612,38612,0,W
4148,38613,38616,3,S
4149,38616,38620,4,E
4150,38628,38628,0,W
4151,38632,38632,0,N
4152,38635,38636,1,E
4153,38644,38644,0,W
4154,38645,38648,3,S
4155,38654,38656,2,E
4156,38660,38660,0,W
4157,38661,38664,3,N
4158,38673,38676,3,E
4159,38676,38680,4,W
4160,38677,38684,7,S
4161,38690,38692,2,N
4162,38692,38696,4,E
4163,38692,38700,8,W
4164,38708,38708,0,W
4165,38709,38712,3,S
4166,38711,38716,5,E
4167,38719,38720,1,N
4168,38724,38724,0,W
4169,38730,38732,2,E
4170,38740,38740,0,W
4171,38741,38744,3,S
4172,38748,38748,0,N
4173,38749,38752,3,E
4174,38756,38756,0,W
4175,38768,38768,0,E
4176,38772,38772,0,W
4177,38773,38776,3,S
4178,38777,38780,3,N
4179,38787,38788,1,E
4180,38788,38792,4,W
4181,38804,38804,0,W
4182,38805,38808,3,S
4183,38806,38812,6,N
4184,38806,38816,10,E
4185,38820,38820,0,W
4186,38825,38828,3,E
4187,38835,38836,1,N
4188,38836,38840,4,W
4189,38837,38844,7,S
4190,38844,38848,4,E
4191,38852,38852,0,W
4192,38863,38864,1,E
4193,38864,38868,4,N
4194,38868,38872,4,W
4195,38869,38876,7,S
4196,38882,38884,2,E
4197,38884,38888,4,W
4198,38893,38896,3,N
4199,38900,38900,0,W
4200,38901,38904,3,S
4201,38901,38908,7,E
4202,38916,38916,0,W
4203,38920,38920,0,E
4204,38922,38924,2,N
4205,38932,38932,0,W
4206,38933,38936,3,S
4207,38939,38940,1,E
4208,38948,38948,0,W
4209,38951,38952,1,N
4210,38958,38960,2,E
4211,38964,38964,0,W
4212,38965,38968,3,S
4213,38977,38980,3,E
4214,38980,38984,4,N
4215,38980,38988,8,W
4216,38996,38996,0,E
4217,38996,39000,4,W
4218,38997,39004,7,S
4219,39009,39012,3,N
4220,39012,39016,4,W
4221,39015,39020,5,E
4222,39028,39028,0,W
4223,39029,39032,3,S
4224,39034,39036,2,E
4225,39038,39040,2,N
4226,39044,39044,0,W
4227,39053,39056,3,E
4228,39060,39060,0,W
4229,39061,39064,3,S
4230,39067,39068,1,N
4231,39072,39072,0,E
4232,39076,39076,0,W
4233,39091,39092,1,E
4234,39092,39096,4,W
4235,39093,39100,7,S
4236,39096,39104,8,N
4237,39108,39108,0,W
4238,39110,39112,2,E
4239,39124,39124,0,W
4240,39125,39128,3,S
4241,39125,39132,7,N
4242,39129,39136,7,E
4243,39140,39140,0,W
4244,39148,39148,0,E
4245,39154,39156,2,N
4246,39156,39160,4,W
4247,39157,39164,7,S
4248,39167,39168,1,E
4249,39172,39172,0,W
4250,39183,39184,1,N
4251,39186,39188,2,E
4252,39188,39192,4,W
4253,39189,39196,7,S
4254,39204,39204,0,W
4255,39205,39208,3,E
4256,39212,39212,0,N
4257,39220,39220,0,W
4258,39221,39224,3,S
4259,39224,39228,4,E
4260,39236,39236,0,W
4261,39241,39244,3,N
4262,39243,39248,5,E
4263,39252,39252,0,W
4264,39253,39256,3,S
4265,39262,39264,2,E
4266,39268,39268,0,W
4267,39270,39272,2,N
4268,39281,39284,3,E
4269,39284,39288,4,W
4270,39285,39292,7,S
4271,39299,39300,1,N
4272,39300,39304,4,E
4273,39300,39308,8,W
4274,39316,39316,0,W
4275,39317,39320,3,S
4276,39319,39324,5,E
4277,39328,39328,0,N
4278,39332,39332,0,W
4279,39338,39340,2,E
4280,39348,39348,0,W
4281,39349,39352,3,S
4282,39357,39360,3,N
4283,39357,39364,7,E
4284,39364,39368,4,W
4285,39376,39376,0,E
4286,39380,39380,0,W
4287,39381,39384,3,S
4288,39386,39388,2,N
4289,39395,39396,1,E
4290,39396,39400,4,W
4291,39412,39412,0,W
4292,39413,39416,3,S
4293,39414,39420,6,E
4294,39415,39424,9,N
4295,39428,39428,0,W
4296,39433,39436,3,E
4297,39444,39444,0,N
4298,39444,39448,4,W
4299,39445,39452,7,S
4300,39452,39456,4,E
4301,39460,39460,0,W
4302,39471,39472,1,E
4303,39473,39476,3,N
4304,39476,39480,4,W
4305,39477,39484,7,S
4306,39490,39492,2,E
4307,39492,39496,4,W
4308,39502,39504,2,N
4309,39508,39508,0,W
4310,39509,39512,3,S
4311,39509,39516,7,E
4312,39524,39524,0,W
4313,39528,39528,0,E
4314,39531,39532,1,N
4315,39540,39540,0,W
4316,39541,39544,3,S
4317,39547,39548,1,E
4318,39556,39556,0,W
4319,39560,39560,0,N
4320,39566,39568,2,E
4321,39572,39572,0,W
4322,39573,39576,3,S
4323,39585,39588,3,E
4324,39588,39592,4,W
4325,39589,39596,7,N
4326,39604,39604,0,E
4327,39604,39608,4,W
4328,39605,39612,7,S
4329,39618,39620,2,N
4330,39619,39624,5,W
4331,39622,39628,6,E
4332,39634,39636,2,W
4333,39635,39640,5,S
4334,39640,39644,4,E
4335,39646,39648,2,N
4336,39649,39652,3,W
4337,39658,39660,2,E
4338,39664,39664,0,W
4339,39665,39668,3,S
4340,39674,39676,2,N
4341,39676,39680,4,E
4342,39679,39684,5,W
4343,39694,39696,2,E
4344,39694,39700,6,W
4345,39695,39704,9,S
4346,39702,39708,6,N
4347,39709,39712,3,W
4348,39712,39716,4,E
4349,39724,39724,0,W
4350,39725,39728,3,S
4351,39730,39732,2,N
4352,39730,39736,6,E
4353,39739,39740,1,W
4354,39748,39748,0,E
4355,39754,39756,2,W
4356,39755,39760,5,S
4357,39758,39764,6,N
4358,39766,39768,2,E
4359,39769,39772,3,W
4360,39784,39784,0,E
4361,39784,39788,4,W
4362,39785,39792,7,S
4363,39786,39796,10,N
4364,39799,39800,1,W
4365,39802,39804,2,E
4366,39814,39816,2,N
4367,39814,39820,6,W
4368,39815,39824,9,S
4369,39820,39828,8,E
4370,39829,39832,3,W
4371,39838,39840,2,E
4372,39842,39844,2,N
4373,39844,39848,4,W
4374,39845,39852,7,S
4375,39856,39856,0,E
4376,39859,39860,1,W
4377,39870,39872,2,N
4378,39874,39876,2,E
4379,39874,39880,6,W
4380,39875,39884,9,S
4381,39889,39892,3,W
4382,39892,39896,4,E
4383,39898,39900,2,N
4384,39904,39904,0,W
4385,39905,39908,3,S
4386,39910,39912,2,E
4387,39919,39920,1,W
4388,39926,39928,2,N
4389,39928,39932,4,E
4390,39934,39936,2,W
4391,39935,39940,5,S
4392,39946,39948,2,E
4393,39949,39952,3,W
4394,39954,39956,2,N
4395,39964,39964,0,E
4396,39964,39968,4,W
4397,39965,39972,7,S
4398,39979,39980,1,W
4399,39982,39984,2,N
4400,39982,39988,6,E
4401,39994,39996,2,W
4402,39995,40000,5,S
4403,40000,40004,4,E
4404,40009,40012,3,W
4405,40010,40016,6,N
4406,40018,40020,2,E
4407,40024,40024,0,W
4408,40025,40028,3,S
4409,40036,40036,0,E
4410,40038,40040,2,N
4411,40039,40044,5,W
4412,40054,40056,2,E
4413,40054,40060,6,W
4414,40055,40064,9,S
4415,40066,40068,2,N
4416,40069,40072,3,W
4417,40072,40076,4,E
4418,40084,40084,0,W
4419,40085,40088,3,S
4420,40090,40092,2,E
4421,40094,40096,2,N
4422,40099,40100,1,W
4423,40108,40108,0,E
4424,40114,40116,2,W
4425,40115,40120,5,S
4426,40122,40124,2,N
4427,40126,40128,2,E
4428,40129,40132,3,W
4429,40144,40144,0,E
4430,40144,40148,4,W
4431,40145,40152,7,S
4432,40150,40156,6,N
4433,40159,40160,1,W
4434,40162,40164,2,E
4435,40174,40176,2,W
4436,40175,40180,5,S
4437,40178,40184,6,N
4438,40180,40188,8,E
4439,40189,40192,3,W
4440,40198,40200,2,E
4441,40204,40204,0,W
4442,40205,40208,3,S
4443,40206,40212,6,N
4444,40216,40216,0,E
4445,40219,40220,1,W
4446,40234,40236,2,N
4447,40234,40240,6,E
4448,40234,40244,10,W
4449,40235,40248,13,S
4450,40249,40252,3,W
4451,40252,40256,4,E
4452,40262,40264,2,N
4453,40264,40268,4,W
4454,40265,40272,7,S
4455,40270,40276,6,E
4456,40279,40280,1,W
4457,40288,40288,0,E
4458,40290,40292,2,N
4459,40294,40296,2,W
4460,40295,40300,5,S
4461,40306,40308,2,E
4462,40309,40312,3,W
4463,40318,40320,2,N
4464,40324,40324,0,E
4465,40324,40328,4,W
4466,40325,40332,7,S
4467,40339,40340,1,W
4468,40342,40344,2,E
4469,40346,40348,2,N
4470,40354,40356,2,W
4471,40355,40360,5,S
4472,40360,40364,4,E
4473,40369,40372,3,W
4474,40374,40376,2,N
4475,40378,40380,2,E
4476,40384,40384,0,W
4477,40385,40388,3,S
4478,40396,40396,0,E
4479,40399,40400,1,W
4480,40402,40404,2,N
4481,40414,40416,2,E
4482,40414,40420,6,W
4483,40415,40424,9,S
4484,40429,40432,3,W
4485,40430,40436,6,N
4486,40432,40440,8,E
4487,40444,40444,0,W
4488,40445,40448,3,S
4489,40450,40452,2,E
4490,40458,40460,2,N
4491,40459,40464,5,W
4492,40468,40468,0,E
4493,40474,40476,2,W
4494,40475,40480,5,S
4495,40486,40488,2,N
4496,40486,40492,6,E
4497,40489,40496,7,W
4498,40504,40504,0,E
4499,40504,40508,4,W
4500,40505,40512,7,S
4501,40514,40516,2,N
4502,40519,40520,1,W
4503,40522,40524,2,E
4504,40534,40536,2,W
4505,40535,40540,5,S
4506,40540,40544,4,E
4507,40542,40548,6,N
4508,40549,40552,3,W
4509,40558,40560,2,E
4510,40564,40564,0,W
4511,40565,40568,3,S
4512,40570,40572,2,N
4513,40576,40576,0,E
4514,40579,40580,1,W
4515,40594,40596,2,E
4516,40594,40600,6,W
4517,40595,40604,9,S
4518,40598,40608,10,N
4519,40609,40612,3,W
4520,40612,40616,4,E
4521,40624,40624,0,W
4522,40625,40628,3,S
4523,40626,40632,6,N
4524,40630,40636,6,E
4525,40639,40640,1,W
4526,40648,40648,0,E
4527,40654,40656,2,N
4528,40654,40660,6,W
4529,40655,40664,9,S
4530,40666,40668,2,E
4531,40669,40672,3,W
4532,40682,40684,2,N
4533,40684,40688,4,E
4534,40684,40692,8,W
4535,40685,40696,11,S
4536,40699,40700,1,W
4537,40702,40704,2,E
4538,40710,40712,2,N
4539,40714,40716,2,W
4540,40715,40720,5,S
4541,40720,40724,4,E
4542,40729,40732,3,W
4543,40738,40740,2,N
4544,40738,40744,6,E
4545,40744,40748,4,W
4546,40745,40752,7,S
4547,40756,40756,0,E
4548,40759,40760,1,W
4549,40766,40768,2,N
4550,40774,40776,2,E
4551,40774,40780,6,W
4552,40775,40784,9,S
4553,40789,40792,3,W
4554,40792,40796,4,E
4555,40794,40800,6,N
4556,40804,40804,0,W
4557,40805,40808,3,S
4558,40810,40812,2,E
4559,40819,40820,1,W
4560,40822,40824,2,N
4561,40828,40828,0,E
4562,40834,40836,2,W
4563,40835,40840,5,S
4564,40846,40848,2,E
4565,40849,40852,3,W
4566,40850,40856,6,N
4567,40864,40864,0,E
4568,40864,40868,4,W
4569,40865,40872,7,S
4570,40878,40880,2,N
4571,40879,40884,5,W
4572,40882,40888,6,E
4573,40894,40896,2,W
4574,40895,40900,5,S
4575,40900,40904,4,E
4576,40906,40908,2,N
4577,40909,40912,3,W
4578,40918,40920,2,E
4579,40924,40924,0,W
4580,40925,40928,3,S
4581,40934,40936,2,N
4582,40936,40940,4,E
4583,40939,40944,5,W
4584,40954,40956,2,E
4585,40954,40960,6,W
4586,40955,40964,9,S
4587,40962,40968,6,N
4588,40969,40972,3,W
4589,40972,40976,4,E
4590,40984,40984,0,W
4591,40985,40988,3,S
4592,40990,40992,2,N
4593,40990,40996,6,E
4594,40999,41000,1,W
4595,41008,41008,0,E
4596,41014,41016,2,W
4597,41015,41020,5,S
4598,41018,41024,6,N
4599,41026,41028,2,E
4600,41029,41032,3,W
4601,41044,41044,0,E
4602,41044,41048,4,W
4603,41045,41052,7,S
4604,41046,41056,10,N
4605,41059,41060,1,W
4606,41062,41064,2,E
4607,41074,41076,2,N
4608,41074,41080,6,W
4609,41075,41084,9,S
4610,41080,41088,8,E
4611,41089,41092,3,W
4612,41098,41100,2,E
4613,41102,41104,2,N
4614,41104,41108,4,W
4615,41105,41112,7,S
4616,41116,41116,0,E
4617,41119,41120,1,W
4618,41130,41132,2,N
4619,41134,41136,2,E
4620,41134,41140,6,W
4621,41135,41144,9,S
4622,41149,41152,3,W
4623,41152,41156,4,E
4624,41158,41160,2,N
4625,41164,41164,0,W
4626,41165,41168,3,S
4627,41170,41172,2,E
4628,41179,41180,1,W
4629,41186,41188,2,N
4630,41188,41192,4,E
4631,41194,41196,2,W
4632,41195,41200,5,S
4633,41206,41208,2,E
4634,41209,41212,3,W
4635,41214,41216,2,N
4636,41224,41224,0,E
4637,41224,41228,4,W
4638,41225,41232,7,S
4639,41239,41240,1,W
4640,41242,41244,2,N
4641,41242,41248,6,E
4642,41254,41256,2,W
4643,41255,41260,5,S
4644,41260,41264,4,E
4645,41269,41272,3,W
4646,41270,41276,6,N
4647,41278,41280,2,E
4648,41284,41284,0,W
4649,41285,41288,3,S
4650,41296,41296,0,E
4651,41298,41300,2,N
4652,41299,41304,5,W
4653,41314,41316,2,E
4654,41314,41320,6,W
4655,41315,41324,9,S
4656,41326,41328,2,N
4657,41329,41332,3,W
4658,41332,41336,4,E
4659,41344,41344,0,W
4660,41345,41348,3,S
4661,41350,41352,2,E
4662,41354,41356,2,N
4663,41359,41360,1,W
4664,41368,41368,0,E
4665,41374,41376,2,W
4666,41375,41380,5,S
4667,41382,41384,2,N
4668,41386,41388,2,E
4669,41389,41392,3,W
4670,41404,41404,0,E
4671,41404,41408,4,W
4672,41405,41412,7,S
4673,41410,41416,6,N
4674,41419,41420,1,W
4675,41422,41424,2,E
4676,41434,41436,2,W
4677,41435,41440,5,S
4678,41438,41444,6,N
4679,41440,41448,8,E
4680,41449,41452,3,W
4681,41458,41460,2,E
4682,41464,41464,0,W
4683,41465,41468,3,S
4684,41466,41472,6,N
4685,41476,41476,0,E
4686,41479,41480,1,W
4687,41494,41496,2,N
4688,41494,41500,6,E
4689,41494,41504,10,W
4690,41495,41508,13,S
4691,41509,41512,3,W
4692,41512,41516,4,E
4693,41522,41524,2,N
4694,41524,41528,4,W
4695,41525,41532,7,S
4696,41530,41536,6,E
4697,41539,41540,1,W
4698,41548,41548,0,E
4699,41550,41552,2,N
4700,41554,41556,2,W
4701,41555,41560,5,S
4702,41566,41568,2,E
4703,41569,41572,3,W
4704,41578,41580,2,N
4705,41584,41584,0,E
4706,41584,41588,4,W
4707,41585,41592,7,S
4708,41599,41600,1,W
4709,41602,41604,2,E
4710,41606,41608,2,N
4711,41614,41616,2,W
4712,41615,41620,5,S
4713,41620,41624,4,E
4714,41629,41632,3,W
4715,41634,41636,2,N
4716,41638,41640,2,E
4717,41644,41644,0,W
4718,41645,41648,3,S
4719,41656,41656,0,E
4720,41659,41660,1,W
4721,41662,41664,2,N
4722,41674,41676,2,E
4723,41674,41680,6,W
4724,41675,41684,9,S
4725,41689,41692,3,W
4726,41690,41696,6,N
4727,41692,41700,8,E
4728,41704,41704,0,W
4729,41705,41708,3,S
4730,41710,41712,2,E
4731,41718,41720,2,N
4732,41719,41724,5,W
4733,41728,41728,0,E
4734,41734,41736,2,W
4735,41735,41740,5,S
4736,41746,41748,2,N
4737,41746,41752,6,E
4738,41749,41756,7,W
4739,41764,41764,0,E
4740,41764,41768,4,W
4741,41765,41772,7,S
4742,41774,41776,2,N
4743,41779,41780,1,W
4744,41782,41784,2,E
4745,41794,41796,2,W
4746,41795,41800,5,S
4747,41800,41804,4,E
4748,41802,41808,6,N
4749,41809,41812,3,W
4750,41818,41820,2,E
4751,41824,41824,0,W
4752,41825,41828,3,S
4753,41830,41832,2,N
4754,41836,41836,0,E
4755,41839,41840,1,W
4756,41854,41856,2,E
4757,41854,41860,6,W
4758,41855,41864,9,S
4759,41858,41868,10,N
4760,41869,41872,3,W
4761,41872,41876,4,E
4762,41884,41884,0,W
4763,41885,41888,3,S
4764,41886,41892,6,N
4765,41890,41896,6,E
4766,41899,41900,1,W
4767,41908,41908,0,E
4768,41914,41916,2,N
4769,41914,41920,6,W
4770,41915,41924,9,S
4771,41926,41928,2,E
4772,41929,41932,3,W
4773,41942,41944,2,N
4774,41944,41948,4,E
4775,41944,41952,8,W
4776,41945,41956,11,S
4777,41959,41960,1,W
4778,41962,41964,2,E
4779,41970,41972,2,N
4780,41974,41976,2,W
4781,41975,41980,5,S
4782,41980,41984,4,E
4783,41989,41992,3,W
4784,41998,42000,2,N
4785,41998,42004,6,E
4786,42004,42008,4,W
4787,42005,42012,7,S
4788,42016,42016,0,E
4789,42019,42020,1,W
4790,42026,42028,2,N
4791,42034,42036,2,E
4792,42034,42040,6,W
4793,42035,42044,9,S
4794,42049,42052,3,W
4795,42052,42056,4,E
4796,42054,42060,6,N
4797,42064,42064,0,W
4798,42065,42068,3,S
4799,42070,42072,2,E
4800,42079,42080,1,W
4801,42082,42084,2,N
4802,42088,42088,0,E
4803,42094,42096,2,W
4804,42095,42100,5,S
4805,42106,42108,2,E
4806,42109,42112,3,W
4807,42110,42116,6,N
4808,42124,42124,0,E
4809,42124,42128,4,W
4810,42125,42132,7,S
4811,42138,42140,2,N
4812,42139,42144,5,W
4813,42142,42148,6,E
4814,42154,42156,2,W
4815,42155,42160,5,S
4816,42160,42164,4,E
4817,42166,42168,2,N
4818,42169,42172,3,W
4819,42178,42180,2,E
4820,42184,42184,0,W
4821,42185,42188,3,S
4822,42194,42196,2,N
4823,42196,42200,4,E
4824,42199,42204,5,W
4825,42214,42216,2,E
4826,42214,42220,6,W
4827,42215,42224,9,S
4828,42222,42228,6,N
4829,42229,42232,3,W
4830,42232,42236,4,E
4831,42244,42244,0,W
4832,42245,42248,3,S
4833,42250,42252,2,N
4834,42250,42256,6,E
4835,42259,42260,1,W
4836,42268,42268,0,E
4837,42274,42276,2,W
4838,42275,42280,5,S
4839,42278,42284,6,N
4840,42286,42288,2,E
4841,42289,42292,3,W
4842,42304,42304,0,E
4843,42304,42308,4,W
4844,42305,42312,7,S
4845,42306,42316,10,N
4846,42319,42320,1,W
4847,42322,42324,2,E
4848,42334,42336,2,N
4849,42334,42340,6,W
4850,42335,42344,9,S
4851,42340,42348,8,E
4852,42349,42352,3,W
4853,42358,42360,2,E
4854,42362,42364,2,N
4855,42364,42368,4,W
4856,42365,42372,7,S
4857,42376,42376,0,E
4858,42379,42380,1,W
4859,42390,42392,2,N
4860,42394,42396,2,E
4861,42394,42400,6,W
4862,42395,42404,9,S
4863,42409,42412,3,W
4864,42412,42416,4,E
4865,42418,42420,2,N
4866,42424,42424,0,W
4867,42425,42428,3,S
4868,42430,42432,2,E
4869,42439,42440,1,W
4870,42446,42448,2,N
4871,42448,42452,4,E
4872,42454,42456,2,W
4873,42455,42460,5,S
4874,42466,42468,2,E
4875,42469,42472,3,W
4876,42474,42476,2,N
4877,42484,42484,0,E
4878,42484,42488,4,W
4879,42485,42492,7,S
4880,42499,42500,1,W
4881,42502,42504,2,N
4882,42502,42508,6,E
4883,42514,42516,2,W
4884,42515,42520,5,S
4885,42520,42524,4,E
4886,42529,42532,3,W
4887,42530,42536,6,N
4888,42538,42540,2,E
4889,42544,42544,0,W
4890,42545,42548,3,S
4891,42556,42556,0,E
4892,42558,42560,2,N
4893,42559,42564,5,W
4894,42574,42576,2,E
4895,42574,42580,6,W
4896,42575,42584,9,S
4897,42586,42588,2,N
4898,42589,42592,3,W
4899,42592,42596,4,E
4900,42604,42604,0,W
4901,42605,42608,3,S
4902,42610,42612,2,E
4903,42614,42616,2,N
4904,42619,42620,1,W
4905,42628,42628,0,E
4906,42634,42636,2,W
4907,42635,42640,5,S
4908,42642,42644,2,N
4909,42646,42648,2,E
4910,42649,42652,3,W
4911,42664,42664,0,E
4912,42664,42668,4,W
4913,42665,42672,7,S
4914,42670,42676,6,N
4915,42679,42680,1,W
4916,42682,42684,2,E
4917,42694,42696,2,W
4918,42695,42700,5,S
4919,42698,42704,6,N
4920,42700,42708,8,E
4921,42709,42712,3,W
4922,42718,42720,2,E
4923,42724,42724,0,W
4924,42725,42728,3,S
4925,42726,42732,6,N
4926,42736,42736,0,E
4927,42739,42740,1,W
4928,42754,42756,2,N
4929,42754,42760,6,E
4930,42754,42764,10,W
4931,42755,42768,13,S
4932,42769,42772,3,W
4933,42772,42776,4,E
4934,42782,42784,2,N
4935,42784,42788,4,W
4936,42785,42792,7,S
4937,42790,42796,6,E
4938,42799,42800,1,W
4939,42808,42808,0,E
4940,42810,42812,2,N
4941,42814,42816,2,W
4942,42815,42820,5,S
4943,42826,42828,2,E
4944,42829,42832,3,W
4945,42838,42840,2,N
4946,42844,42844,0,E
4947,42844,42848,4,W
4948,42845,42852,7,S
4949,42859,42860,1,W
4950,42862,42864,2,E
4951,42866,42868,2,N
4952,42874,42876,2,W
4953,42875,42880,5,S
4954,42880,42884,4,E
4955,42889,42892,3,W
4956,42894,42896,2,N
4957,42898,42900,2,E
4958,42904,42904,0,W
4959,42905,42908,3,S
4960,42916,42916,0,E
4961,42919,42920,1,W
4962,42922,42924,2,N
4963,42934,42936,2,E
4964,42934,42940,6,W
4965,42935,42944,9,S
4966,42949,42952,3,W
4967,42950,42956,6,N
4968,42952,42960,8,E
4969,42964,42964,0,W
4970,42965,42968,3,S
4971,42970,42972,2,E
4972,42978,42980,2,N
4973,42979,42984,5,W
4974,42988,42988,0,E
4975,42994,42996,2,W
4976,42995,43000,5,S
4977,43006,43008,2,N
4978,43006,43012,6,E
4979,43009,43016,7,W
4980,43024,43024,0,E
4981,43024,43028,4,W
4982,43025,43032,7,S
4983,43034,43036,2,N
4984,43039,43040,1,W
4985,43042,43044,2,E
4986,43054,43056,2,W
4987,43055,43060,5,S
4988,43060,43064,4,E
4989,43062,43068,6,N
4990,43069,43072,3,W
4991,43078,43080,2,E
4992,43084,43084,0,W
4993,43085,43088,3,S
4994,43090,43092,2,N
4995,43096,43096,0,E
4996,43099,43100,1,W
4997,43114,43116,2,E
4998,43114,43120,6,W
4999,43115,43124,9,S
5000,43118,43128,10,N
5001,43129,43132,3,W
5002,43132,43136,4,E
5003,43144,43144,0,W
5004,43145,43148,3,S
5005,43146,43152,6,N
5006,43150,43156,6,E
5007,43159,43160,1,W
5008,43168,43168,0,E
5009,43174,43176,2,N
5010,43174,43180,6,W
5011,43175,43184,9,S
5012,43186,43188,2,E
5013,43189,43192,3,W
5014,43202,43204,2,N
5015,43204,43208,4,E
5016,43204,43212,8,W
5017,43205,43216,11,S
5018,43218,43220,2,W
5019,43222,43224,2,E
5020,43228,43228,0,N
5021,43232,43232,0,W
5022,43234,43236,2,S
5023,43240,43240,0,E
5024,43246,43248,2,W
5025,43254,43256,2,N
5026,43258,43260,2,E
5027,43260,43264,4,W
5028,43263,43268,5,S
5029,43274,43276,2,W
5030,43276,43280,4,E
5031,43280,43284,4,N
5032,43288,43288,0,W
5033,43292,43292,0,S
5034,43294,43296,2,E
5035,43302,43304,2,W
5036,43306,43308,2,N
5037,43312,43312,0,E
5038,43316,43316,0,W
5039,43321,43324,3,S
5040,43330,43332,2,E
5041,43330,43336,6,W
5042,43332,43340,8,N
5043,43344,43344,0,W
5044,43348,43348,0,E
5045,43350,43352,2,S
5046,43358,43360,2,N
5047,43358,43364,6,W
5048,43366,43368,2,E
5049,43372,43372,0,W
5050,43379,43380,1,S
5051,43384,43384,0,N
5052,43384,43388,4,E
5053,43386,43392,6,W
5054,43400,43400,0,W
5055,43402,43404,2,E
5056,43408,43408,0,S
5057,43410,43412,2,N
5058,43414,43416,2,W
5059,43420,43420,0,E
5060,43428,43428,0,W
5061,43436,43436,0,N
5062,43437,43440,3,S
5063,43438,43444,6,E
5064,43442,43448,6,W
5065,43456,43456,0,E
5066,43456,43460,4,W
5067,43462,43464,2,N
5068,43466,43468,2,S
5069,43470,43472,2,W
5070,43474,43476,2,E
5071,43484,43484,0,W
5072,43488,43488,0,N
5073,43492,43492,0,E
5074,43495,43496,1,S
5075,43498,43500,2,W
5076,43510,43512,2,E
5077,43512,43516,4,W
5078,43514,43520,6,N
5079,43524,43524,0,S
5080,43526,43528,2,W
5081,43528,43532,4,E
5082,43540,43540,0,N
5083,43540,43544,4,W
5084,43546,43548,2,E
5085,43553,43556,3,S
5086,43554,43560,6,W
5087,43564,43564,0,E
5088,43566,43568,2,N
5089,43568,43572,4,W
5090,43582,43584,2,S
5091,43582,43588,6,E
5092,43582,43592,10,W
5093,43592,43596,4,N
5094,43596,43600,4,W
5095,43600,43604,4,E
5096,43610,43612,2,W
5097,43611,43616,5,S
5098,43618,43620,2,N
5099,43618,43624,6,E
5100,43624,43628,4,W
5101,43636,43636,0,E
5102,43638,43640,2,W
5103,43640,43644,4,S
5104,43644,43648,4,N
5105,43652,43652,0,W
5106,43654,43656,2,E
5107,43666,43668,2,W
5108,43669,43672,3,S
5109,43670,43676,6,N
5110,43672,43680,8,E
5111,43680,43684,4,W
5112,43690,43692,2,E
5113,43694,43696,2,W
5114,43696,43700,4,N
5115,43698,43704,6,S
5116,43708,43708,0,E
5117,43708,43712,4,W
5118,43722,43724,2,N
5119,43722,43728,6,W
5120,43726,43732,6,E
5121,43727,43736,9,S
5122,43736,43740,4,W
5123,43744,43744,0,E
5124,43748,43748,0,N
5125,43750,43752,2,W
5126,43756,43756,0,S
5127,43762,43764,2,E
5128,43764,43768,4,W
5129,43774,43776,2,N
5130,43778,43780,2,W
5131,43780,43784,4,E
5132,43785,43788,3,S
5133,43792,43792,0,W
5134,43798,43800,2,E
5135,43800,43804,4,N
5136,43806,43808,2,W
5137,43814,43816,2,S
5138,43816,43820,4,E
5139,43820,43824,4,W
5140,43826,43828,2,N
5141,43834,43836,2,E
5142,43834,43840,6,W
5143,43843,43844,1,S
5144,43848,43848,0,W
5145,43852,43852,0,N
5146,43852,43856,4,E
5147,43862,43864,2,W
5148,43870,43872,2,E
5149,43872,43876,4,S
5150,43876,43880,4,W
5151,43878,43884,6,N
5152,43888,43888,0,E
5153,43890,43892,2,W
5154,43901,43904,3,S
5155,43904,43908,4,N
5156,43904,43912,8,W
5157,43906,43916,10,E
5158,43918,43920,2,W
5159,43924,43924,0,E
5160,43930,43932,2,S
5161,43930,43936,6,N
5162,43932,43940,8,W
5163,43942,43944,2,E
5164,43946,43948,2,W
5165,43956,43956,0,N
5166,43959,43960,1,S
5167,43960,43964,4,E
5168,43960,43968,8,W
5169,43974,43976,2,W
5170,43978,43980,2,E
5171,43982,43984,2,N
5172,43988,43988,0,S
5173,43988,43992,4,W
5174,43996,43996,0,E
5175,44002,44004,2,W
5176,44008,44008,0,N
5177,44014,44016,2,E
5178,44016,44020,4,W
5179,44017,44024,7,S
5180,44030,44032,2,W
5181,44032,44036,4,E
5182,44034,44040,6,N
5183,44044,44044,0,W
5184,44046,44048,2,S
5185,44050,44052,2,E
5186,44058,44060,2,W
5187,44060,44064,4,N
5188,44068,44068,0,E
5189,44072,44072,0,W
5190,44075,44076,1,S
5191,44086,44088,2,N
5192,44086,44092,6,E
5193,44086,44096,10,W
5194,44100,44100,0,W
5195,44104,44104,0,S
5196,44104,44108,4,E
5197,44112,44112,0,N
5198,44114,44116,2,W
5199,44122,44124,2,E
5200,44128,44128,0,W
5201,44133,44136,3,S
5202,44138,44140,2,N
5203,44140,44144,4,E
5204,44142,44148,6,W
5205,44156,44156,0,W
5206,44158,44160,2,E
5207,44162,44164,2,S
5208,44164,44168,4,N
5209,44170,44172,2,W
5210,44176,44176,0,E
5211,44184,44184,0,W
5212,44190,44192,2,N
5213,44191,44196,5,S
5214,44194,44200,6,E
5215,44198,44204,6,W
5216,44212,44212,0,E
5217,44212,44216,4,W
5218,44216,44220,4,N
5219,44220,44224,4,S
5220,44226,44228,2,W
5221,44230,44232,2,E
5222,44240,44240,0,W
5223,44242,44244,2,N
5224,44248,44248,0,E
5225,44249,44252,3,S
5226,44254,44256,2,W
5227,44266,44268,2,E
5228,44268,44272,4,N
5229,44268,44276,8,W
5230,44278,44280,2,S
5231,44282,44284,2,W
5232,44284,44288,4,E
5233,44294,44296,2,N
5234,44296,44300,4,W
5235,44302,44304,2,E
5236,44307,44308,1,S
5237,44310,44312,2,W
5238,44320,44320,0,N
5239,44320,44324,4,E
5240,44324,44328,4,W
5241,44336,44336,0,S
5242,44338,44340,2,E
5243,44338,44344,6,W
5244,44346,44348,2,N
5245,44352,44352,0,W
5246,44356,44356,0,E
5247,44365,44368,3,S
5248,44366,44372,6,W
5249,44372,44376,4,N
5250,44374,44380,6,E
5251,44380,44384,4,W
5252,44392,44392,0,E
5253,44394,44396,2,S
5254,44394,44400,6,W
5255,44398,44404,6,N
5256,44408,44408,0,W
5257,44410,44412,2,E
5258,44422,44424,2,W
5259,44423,44428,5,S
5260,44424,44432,8,N
5261,44428,44436,8,E
5262,44436,44440,4,W
5263,44446,44448,2,E
5264,44450,44452,2,N
5265,44450,44456,6,W
5266,44452,44460,8,S
5267,44464,44464,0,E
5268,44464,44468,4,W
5269,44476,44476,0,N
5270,44478,44480,2,W
5271,44481,44484,3,S
5272,44482,44488,6,E
5273,44492,44492,0,W
5274,44500,44500,0,E
5275,44502,44504,2,N
5276,44506,44508,2,W
5277,44510,44512,2,S
5278,44518,44520,2,E
5279,44520,44524,4,W
5280,44528,44528,0,N
5281,44534,44536,2,W
5282,44536,44540,4,E
5283,44539,44544,5,S
5284,44548,44548,0,W
5285,44554,44556,2,N
5286,44554,44560,6,E
5287,44562,44564,2,W
5288,44568,44568,0,S
5289,44572,44572,0,E
5290,44576,44576,0,W
5291,44580,44580,0,N
5292,44590,44592,2,E
5293,44590,44596,6,W
5294,44597,44600,3,S
5295,44604,44604,0,W
5296,44606,44608,2,N
5297,44608,44612,4,E
5298,44618,44620,2,W
5299,44626,44628,2,S
5300,44626,44632,6,E
5301,44632,44636,4,N
5302,44632,44640,8,W
5303,44644,44644,0,E
5304,44646,44648,2,W
5305,44655,44656,1,S
5306,44658,44660,2,N
5307,44660,44664,4,W
5308,44662,44668,6,E
5309,44674,44676,2,W
5310,44680,44680,0,E
5311,44684,44684,0,S
5312,44684,44688,4,N
5313,44688,44692,4,W
5314,44698,44700,2,E
5315,44702,44704,2,W
5316,44710,44712,2,N
5317,44713,44716,3,S
5318,44716,44720,4,E
5319,44716,44724,8,W
5320,44730,44732,2,W
5321,44734,44736,2,E
5322,44736,44740,4,N
5323,44742,44744,2,S
5324,44744,44748,4,W
5325,44752,44752,0,E
5326,44758,44760,2,W
5327,44762,44764,2,N
5328,44770,44772,2,E
5329,44771,44776,5,S
5330,44772,44780,8,W
5331,44786,44788,2,W
5332,44788,44792,4,N
5333,44788,44796,8,E
5334,44800,44800,0,S
5335,44800,44804,4,W
5336,44806,44808,2,E
5337,44814,44816,2,N
5338,44814,44820,6,W
5339,44824,44824,0,E
5340,44828,44828,0,W
5341,44829,44832,3,S
5342,44840,44840,0,N
5343,44842,44844,2,E
5344,44842,44848,6,W
5345,44856,44856,0,W
5346,44858,44860,2,S
5347,44860,44864,4,E
5348,44866,44868,2,N
5349,44870,44872,2,W
5350,44878,44880,2,E
5351,44884,44884,0,W
5352,44887,44888,1,S
5353,44892,44892,0,N
5354,44896,44896,0,E
5355,44898,44900,2,W
5356,44912,44912,0,W
5357,44914,44916,2,E
5358,44916,44920,4,S
5359,44918,44924,6,N
5360,44926,44928,2,W
5361,44932,44932,0,E
5362,44940,44940,0,W
5363,44944,44944,0,N
5364,44945,44948,3,S
5365,44950,44952,2,E
5366,44954,44956,2,W
5367,44968,44968,0,E
5368,44968,44972,4,W
5369,44970,44976,6,N
5370,44974,44980,6,S
5371,44982,44984,2,W
5372,44986,44988,2,E
5373,44996,44996,0,N
5374,44996,45000,4,W
5375,45003,45004,1,S
5376,45004,45008,4,E
5377,45010,45012,2,W
5378,45022,45024,2,N
5379,45022,45028,6,E
5380,45024,45032,8,W
5381,45032,45036,4,S
5382,45038,45040,2,W
5383,45040,45044,4,E
5384,45048,45048,0,N
5385,45052,45052,0,W
5386,45058,45060,2,E
5387,45061,45064,3,S
5388,45066,45068,2,W
5389,45074,45076,2,N
5390,45076,45080,4,E
5391,45080,45084,4,W
5392,45090,45092,2,S
5393,45094,45096,2,E
5394,45094,45100,6,W
5395,45100,45104,4,N
5396,45108,45108,0,W
5397,45112,45112,0,E
5398,45119,45120,1,S
5399,45122,45124,2,W
5400,45126,45128,2,N
5401,45130,45132,2,E
5402,45136,45136,0,W
5403,45148,45148,0,S
5404,45148,45152,4,E
5405,45150,45156,6,W
5406,45152,45160,8,N
5407,45164,45164,0,W
5408,45166,45168,2,E
5409,45177,45180,3,S
5410,45178,45184,6,N
5411,45178,45188,10,W
5412,45184,45192,8,E
5413,45192,45196,4,W
5414,45202,45204,2,E
5415,45204,45208,4,N
5416,45206,45212,6,S
5417,45206,45216,10,W
5418,45220,45220,0,E
5419,45220,45224,4,W
5420,45230,45232,2,N
5421,45234,45236,2,W
5422,45235,45240,5,S
5423,45238,45244,6,E
5424,45248,45248,0,W
5425,45256,45256,0,N
5426,45256,45260,4,E
5427,45262,45264,2,W
5428,45264,45268,4,S
5429,45274,45276,2,E
5430,45276,45280,4,W
5431,45282,45284,2,N
5432,45290,45292,2,W
5433,45292,45296,4,E
5434,45293,45300,7,S
5435,45304,45304,0,W
5436,45308,45308,0,N
5437,45310,45312,2,E
5438,45318,45320,2,W
5439,45322,45324,2,S
5440,45328,45328,0,E
5441,45332,45332,0,W
5442,45334,45336,2,N
5443,45346,45348,2,E
5444,45346,45352,6,W
5445,45351,45356,5,S
5446,45360,45360,0,N
5447,45360,45364,4,W
5448,45364,45368,4,E
5449,45374,45376,2,W
5450,45380,45380,0,S
5451,45382,45384,2,E
5452,45386,45388,2,N
5453,45388,45392,4,W
5454,45400,45400,0,E
5455,45402,45404,2,W
5456,45409,45412,3,S
5457,45412,45416,4,N
5458,45416,45420,4,W
5459,45418,45424,6,E
5460,45430,45432,2,W
5461,45436,45436,0,E
5462,45438,45440,2,S
5463,45438,45444,6,N
5464,45444,45448,4,W
5465,45454,45456,2,E
5466,45458,45460,2,W
5467,45464,45464,0,N
5468,45467,45468,1,S
5469,45472,45472,0,E
5470,45472,45476,4,W
5471,45486,45488,2,W
5472,45490,45492,2,N
5473,45490,45496,6,E
5474,45496,45500,4,S
5475,45500,45504,4,W
5476,45508,45508,0,E
5477,45514,45516,2,W
5478,45516,45520,4,N
5479,45525,45528,3,S
5480,45526,45532,6,E
5481,45528,45536,8,W
5482,45542,45544,2,N
5483,45542,45548,6,W
5484,45544,45552,8,E
5485,45554,45556,2,S
5486,45556,45560,4,W
5487,45562,45564,2,E
5488,45568,45568,0,N
5489,45570,45572,2,W
5490,45580,45580,0,E
5491,45583,45584,1,S
5492,45584,45588,4,W
5493,45594,45596,2,N
5494,45598,45600,2,E
5495,45598,45604,6,W
5496,45612,45612,0,S
5497,45612,45616,4,W
5498,45616,45620,4,E
5499,45620,45624,4,N
5500,45626,45628,2,W
5501,45634,45636,2,E
5502,45640,45640,0,W
5503,45641,45644,3,S
5504,45646,45648,2,N
5505,45652,45652,0,E
5506,45654,45656,2,W
5507,45668,45668,0,W
5508,45670,45672,2,S
5509,45670,45676,6,E
5510,45672,45680,8,N
5511,45682,45684,2,W
5512,45688,45688,0,E
5513,45696,45696,0,W
5514,45698,45700,2,N
5515,45699,45704,5,S
5516,45706,45708,2,E
5517,45710,45712,2,W
5518,45724,45724,0,N
5519,45724,45728,4,E
5520,45724,45732,8,W
5521,45728,45736,8,S
5522,45738,45740,2,W
5523,45742,45744,2,E
5524,45750,45752,2,N
5525,45752,45756,4,W
5526,45757,45760,3,S
5527,45760,45764,4,E
5528,45766,45768,2,W
5529,45776,45776,0,N
5530,45778,45780,2,E
5531,45780,45784,4,W
5532,45786,45788,2,S
5533,45794,45796,2,W
5534,45796,45800,4,E
5535,45802,45804,2,N
5536,45808,45808,0,W
5537,45814,45816,2,E
5538,45815,45820,5,S
5539,45822,45824,2,W
5540,45828,45828,0,N
5541,45832,45832,0,E
5542,45836,45836,0,W
5543,45844,45844,0,S
5544,45850,45852,2,E
5545,45850,45856,6,W
5546,45854,45860,6,N
5547,45864,45864,0,W
5548,45868,45868,0,E
5549,45873,45876,3,S
5550,45878,45880,2,W
5551,45880,45884,4,N
5552,45886,45888,2,E
5553,45892,45892,0,W
5554,45902,45904,2,S
5555,45904,45908,4,E
5556,45906,45912,6,N
5557,45906,45916,10,W
5558,45920,45920,0,W
5559,45922,45924,2,E
5560,45931,45932,1,S
5561,45932,45936,4,N
5562,45934,45940,6,W
5563,45940,45944,4,E
5564,45948,45948,0,W
5565,45958,45960,2,N
5566,45958,45964,6,E
5567,45960,45968,8,S
5568,45962,45972,10,W
5569,45976,45976,0,E
5570,45976,45980,4,W
5571,45984,45984,0,N
5572,45989,45992,3,S
5573,45990,45996,6,W
5574,45994,46000,6,E
5575,46004,46004,0,W
5576,46010,46012,2,N
5577,46012,46016,4,E
5578,46018,46020,2,S
5579,46018,46024,6,W
5580,46030,46032,2,E
5581,46032,46036,4,W
5582,46036,46040,4,N
5583,46046,46048,2,W
5584,46047,46052,5,S
5585,46048,46056,8,E
5586,46060,46060,0,W
5587,46062,46064,2,N
5588,46066,46068,2,E
5589,46074,46076,2,W
5590,46076,46080,4,S
5591,46084,46084,0,E
5592,46088,46088,0,N
5593,46088,46092,4,W
5594,46102,46104,2,E
5595,46102,46108,6,W
5596,46105,46112,7,S
5597,46114,46116,2,N
5598,46116,46120,4,W
5599,46120,46124,4,E
5600,46130,46132,2,W
5601,46134,46136,2,S
5602,46138,46140,2,E
5603,46140,46144,4,N
5604,46144,46148,4,W
5605,46156,46156,0,E
5606,46158,46160,2,W
5607,46163,46164,1,S
5608,46166,46168,2,N
5609,46172,46172,0,W
5610,46174,46176,2,E
5611,46186,46188,2,W
5612,46192,46192,0,S
5613,46192,46196,4,N
5614,46192,46200,8,E
5615,46200,46204,4,W
5616,46210,46212,2,E
5617,46214,46216,2,W
5618,46218,46220,2,N
5619,46221,46224,3,S
5620,46228,46228,0,E
5621,46228,46232,4,W
5622,46242,46244,2,W
5623,46244,46248,4,N
5624,46246,46252,6,E
5625,46250,46256,6,S
5626,46256,46260,4,W
5627,46264,46264,0,E
5628,46270,46272,2,N
5629,46270,46276,6,W
5630,46279,46280,1,S
5631,46282,46284,2,E
5632,46284,46288,4,W
5633,46296,46296,0,N
5634,46298,46300,2,W
5635,46300,46304,4,E
5636,46308,46308,0,S
5637,46312,46312,0,W
5638,46318,46320,2,E
5639,46322,46324,2,N
5640,46326,46328,2,W
5641,46336,46336,0,E
5642,46337,46340,3,S
5643,46340,46344,4,W
5644,46348,46348,0,N
5645,46354,46356,2,E
5646,46354,46360,6,W
5647,46366,46368,2,S
5648,46368,46372,4,W
5649,46372,46376,4,E
5650,46374,46380,6,N
5651,46382,46384,2,W
5652,46390,46392,2,E
5653,46395,46396,1,S
5654,46396,46400,4,W
5655,46400,46404,4,N
5656,46408,46408,0,E
5657,46410,46412,2,W
5658,46424,46424,0,S
5659,46424,46428,4,W
5660,46426,46432,6,N
5661,46426,46436,10,E
5662,46438,46440,2,W
5663,46444,46444,0,E
5664,46452,46452,0,N
5665,46452,46456,4,W
5666,46453,46460,7,S
5667,46462,46464,2,E
5668,46466,46468,2,W
5669,46478,46480,2,N
5670,46480,46484,4,E
5671,46480,46488,8,W
5672,46482,46492,10,S
5673,46494,46496,2,W
5674,46498,46500,2,E
5675,46504,46504,0,N
5676,46508,46508,0,W
5677,46511,46512,1,S
5678,46516,46516,0,E
5679,46522,46524,2,W
5680,46530,46532,2,N
5681,46534,46536,2,E
5682,46536,46540,4,W
5683,46540,46544,4,S
5684,46550,46552,2,W
5685,46552,46556,4,E
5686,46556,46560,4,N
5687,46564,46564,0,W
5688,46569,46572,3,S
5689,46570,46576,6,E
5690,46578,46580,2,W
5691,46582,46584,2,N
5692,46588,46588,0,E
5693,46592,46592,0,W
5694,46598,46600,2,S
5695,46606,46608,2,E
5696,46606,46612,6,W
5697,46608,46616,8,N
5698,46620,46620,0,W
5699,46624,46624,0,E
5700,46627,46628,1,S
5701,46634,46636,2,N
5702,46634,46640,6,W
5703,46642,46644,2,E
5704,46648,46648,0,W
5705,46656,46656,0,S
5706,46660,46660,0,N
5707,46660,46664,4,E
5708,46662,46668,6,W
5709,46676,46676,0,W
5710,46678,46680,2,E
5711,46685,46688,3,S
5712,46686,46692,6,N
5713,46690,46696,6,W
5714,46696,46700,4,E
5715,46704,46704,0,W
5716,46712,46712,0,N
5717,46714,46716,2,S
5718,46714,46720,6,E
5719,46718,46724,6,W
5720,46732,46732,0,E
5721,46732,46736,4,W
5722,46738,46740,2,N
5723,46743,46744,1,S
5724,46746,46748,2,W
5725,46750,46752,2,E
5726,46760,46760,0,W
5727,46764,46764,0,N
5728,46768,46768,0,E
5729,46772,46772,0,S
5730,46774,46776,2,W
5731,46786,46788,2,E
5732,46788,46792,4,W
5733,46790,46796,6,N
5734,46801,46804,3,S
5735,46802,46808,6,W
5736,46804,46812,8,E
5737,46816,46816,0,N
5738,46816,46820,4,W
5739,46821,46824,3,E
5740,46829,46832,3,S
5741,46830,46836,6,W
5742,46838,46840,2,E
5743,46842,46844,2,N
5744,46844,46848,4,W
5745,46855,46856,1,E
5746,46857,46860,3,S
5747,46858,46864,6,W
5748,46868,46868,0,N
5749,46872,46872,0,E
5750,46872,46876,4,W
5751,46885,46888,3,S
5752,46886,46892,6,W
5753,46889,46896,7,E
5754,46894,46900,6,N
5755,46900,46904,4,W
5756,46906,46908,2,E
5757,46913,46916,3,S
5758,46914,46920,6,W
5759,46920,46924,4,N
5760,46923,46928,5,E
5761,46928,46932,4,W
5762,46940,46940,0,E
5763,46941,46944,3,S
5764,46942,46948,6,W
5765,46946,46952,6,N
5766,46956,46956,0,W
5767,46957,46960,3,E
5768,46969,46972,3,S
5769,46970,46976,6,W
5770,46972,46980,8,N
5771,46974,46984,10,E
5772,46984,46988,4,W
5773,46991,46992,1,E
5774,46997,47000,3,S
5775,46998,47004,6,N
5776,46998,47008,10,W
5777,47008,47012,4,E
5778,47012,47016,4,W
5779,47024,47024,0,N
5780,47025,47028,3,S
5781,47025,47032,7,E
5782,47026,47036,10,W
5783,47040,47040,0,W
5784,47042,47044,2,E
5785,47050,47052,2,N
5786,47053,47056,3,S
5787,47054,47060,6,W
5788,47059,47064,5,E
5789,47068,47068,0,W
5790,47076,47076,0,N
5791,47076,47080,4,E
5792,47081,47084,3,S
5793,47082,47088,6,W
5794,47093,47096,3,E
5795,47096,47100,4,W
5796,47102,47104,2,N
5797,47109,47112,3,S
5798,47110,47116,6,E
5799,47110,47120,10,W
5800,47124,47124,0,W
5801,47127,47128,1,E
5802,47128,47132,4,N
5803,47137,47140,3,S
5804,47138,47144,6,W
5805,47144,47148,4,E
5806,47152,47152,0,W
5807,47154,47156,2,N
5808,47161,47164,3,E
5809,47165,47168,3,S
5810,47166,47172,6,W
5811,47178,47180,2,E
5812,47180,47184,4,N
5813,47180,47188,8,W
5814,47193,47196,3,S
5815,47194,47200,6,W
5816,47195,47204,9,E
5817,47206,47208,2,N
5818,47208,47212,4,W
5819,47212,47216,4,E
5820,47221,47224,3,S
5821,47222,47228,6,W
5822,47229,47232,3,E
5823,47232,47236,4,N
5824,47236,47240,4,W
5825,47246,47248,2,E
5826,47249,47252,3,S
5827,47250,47256,6,W
5828,47258,47260,2,N
5829,47263,47264,1,E
5830,47264,47268,4,W
5831,47277,47280,3,S
5832,47278,47284,6,W
5833,47280,47288,8,E
5834,47284,47292,8,N
5835,47292,47296,4,W
5836,47297,47300,3,E
5837,47305,47308,3,S
5838,47306,47312,6,W
5839,47310,47316,6,N
5840,47314,47320,6,E
5841,47320,47324,4,W
5842,47331,47332,1,E
5843,47333,47336,3,S
5844,47334,47340,6,W
5845,47336,47344,8,N
5846,47348,47348,0,E
5847,47348,47352,4,W
5848,47361,47364,3,S
5849,47362,47368,6,N
5850,47362,47372,10,W
5851,47365,47376,11,E
5852,47376,47380,4,W
5853,47382,47384,2,E
5854,47388,47388,0,N
5855,47389,47392,3,S
5856,47390,47396,6,W
5857,47399,47400,1,E
5858,47404,47404,0,W
5859,47414,47416,2,N
5860,47416,47420,4,E
5861,47417,47424,7,S
5862,47418,47428,10,W
5863,47432,47432,0,W
5864,47433,47436,3,E
5865,47440,47440,0,N
5866,47445,47448,3,S
5867,47446,47452,6,W
5868,47450,47456,6,E
5869,47460,47460,0,W
5870,47466,47468,2,N
5871,47467,47472,5,E
5872,47473,47476,3,S
5873,47474,47480,6,W
5874,47484,47484,0,E
5875,47488,47488,0,W
5876,47492,47492,0,N
5877,47501,47504,3,S
5878,47501,47508,7,E
5879,47502,47512,10,W
5880,47516,47516,0,W
5881,47518,47520,2,N
5882,47518,47524,6,E
5883,47529,47532,3,S
5884,47530,47536,6,W
5885,47535,47540,5,E
5886,47544,47544,0,N
5887,47544,47548,4,W
5888,47552,47552,0,E
5889,47557,47560,3,S
5890,47558,47564,6,W
5891,47569,47572,3,E
5892,47570,47576,6,N
5893,47572,47580,8,W
5894,47585,47588,3,S
5895,47586,47592,6,E
5896,47586,47596,10,W
5897,47596,47600,4,N
5898,47600,47604,4,W
5899,47603,47608,5,E
5900,47613,47616,3,S
5901,47614,47620,6,W
5902,47620,47624,4,E
5903,47622,47628,6,N
5904,47628,47632,4,W
5905,47637,47640,3,E
5906,47641,47644,3,S
5907,47642,47648,6,W
5908,47648,47652,4,N
5909,47654,47656,2,E
5910,47656,47660,4,W
5911,47669,47672,3,S
5912,47670,47676,6,W
5913,47671,47680,9,E
5914,47674,47684,10,N
5915,47684,47688,4,W
5916,47688,47692,4,E
5917,47697,47700,3,S
5918,47698,47704,6,W
5919,47700,47708,8,N
5920,47705,47712,7,E
5921,47712,47716,4,W
5922,47722,47724,2,E
5923,47725,47728,3,S
5924,47726,47732,6,N
5925,47726,47736,10,W
5926,47739,47740,1,E
5927,47740,47744,4,W
5928,47752,47752,0,N
5929,47753,47756,3,S
5930,47754,47760,6,W
5931,47756,47764,8,E
5932,47768,47768,0,W
5933,47773,47776,3,E
5934,47778,47780,2,N
5935,47781,47784,3,S
5936,47782,47788,6,W
5937,47790,47792,2,E
5938,47796,47796,0,W
5939,47804,47804,0,N
5940,47807,47808,1,E
5941,47809,47812,3,S
5942,47810,47816,6,W
5943,47824,47824,0,E
5944,47824,47828,4,W
5945,47830,47832,2,N
5946,47837,47840,3,S
5947,47838,47844,6,W
5948,47841,47848,7,E
5949,47852,47852,0,W
5950,47856,47856,0,N
5951,47858,47860,2,E
5952,47865,47868,3,S
5953,47866,47872,6,W
5954,47875,47876,1,E
5955,47880,47880,0,W
5956,47882,47884,2,N
5957,47892,47892,0,E
5958,47893,47896,3,S
5959,47894,47900,6,W
5960,47908,47908,0,N
5961,47908,47912,4,W
5962,47909,47916,7,E
5963,47921,47924,3,S
5964,47922,47928,6,W
5965,47926,47932,6,E
5966,47934,47936,2,N
5967,47936,47940,4,W
5968,47943,47944,1,E
5969,47949,47952,3,S
5970,47950,47956,6,W
5971,47960,47960,0,N
5972,47960,47964,4,E
5973,47964,47968,4,W
5974,47977,47980,3,S
5975,47977,47984,7,E
5976,47978,47988,10,W
5977,47986,47992,6,N
5978,47992,47996,4,W
5979,47994,48000,6,E
5980,48005,48008,3,S
5981,48006,48012,6,W
5982,48011,48016,5,E
5983,48012,48020,8,N
5984,48020,48024,4,W
5985,48028,48028,0,E
5986,48033,48036,3,S
5987,48034,48040,6,W
5988,48038,48044,6,N
5989,48045,48048,3,E
5990,48048,48052,4,W
5991,48061,48064,3,S
5992,48062,48068,6,E
5993,48062,48072,10,W
5994,48064,48076,12,N
5995,48076,48080,4,W
5996,48079,48084,5,E
5997,48089,48092,3,S
5998,48090,48096,6,N
5999,48090,48100,10,W
6000,48096,48104,8,E
6001,48104,48108,4,W
6002,48113,48116,3,E
6003,48116,48120,4,N
6004,48117,48124,7,S
6005,48118,48128,10,W
6006,48130,48132,2,E
6007,48132,48136,4,W
6008,48142,48144,2,N
6009,48145,48148,3,S
6010,48146,48152,6,W
6011,48147,48156,9,E
6012,48160,48160,0,W
6013,48164,48164,0,E
6014,48168,48168,0,N
6015,48173,48176,3,S
6016,48174,48180,6,W
6017,48181,48184,3,E
6018,48188,48188,0,W
6019,48194,48196,2,N
6020,48198,48200,2,E
6021,48201,48204,3,S
6022,48202,48208,6,W
6023,48215,48216,1,E
6024,48216,48220,4,W
6025,48220,48224,4,N
6026,48229,48232,3,S
6027,48230,48236,6,W
6028,48232,48240,8,E
6029,48244,48244,0,W
6030,48246,48248,2,N
6031,48249,48252,3,E
6032,48257,48260,3,S
6033,48258,48264,6,W
6034,48266,48268,2,E
6035,48272,48272,0,N
6036,48272,48276,4,W
6037,48283,48284,1,E
6038,48285,48288,3,S
6039,48286,48292,6,W
6040,48298,48300,2,N
6041,48300,48304,4,E
6042,48300,48308,8,W
6043,48313,48316,3,S
6044,48314,48320,6,W
6045,48317,48324,7,E
6046,48324,48328,4,N
6047,48328,48332,4,W
6048,48334,48336,2,E
6049,48341,48344,3,S
6050,48342,48348,6,W
6051,48350,48352,2,N
6052,48351,48356,5,E
6053,48356,48360,4,W
6054,48368,48368,0,E
6055,48369,48372,3,S
6056,48370,48376,6,W
6057,48376,48380,4,N
6058,48384,48384,0,W
6059,48385,48388,3,E
6060,48397,48400,3,S
6061,48398,48404,6,W
6062,48402,48408,6,N
6063,48402,48412,10,E
6064,48412,48416,4,W
6065,48419,48420,1,E
6066,48425,48428,3,S
6067,48426,48432,6,W
6068,48428,48436,8,N
6069,48436,48440,4,E
6070,48440,48444,4,W
6071,48453,48456,3,S
6072,48453,48460,7,E
6073,48454,48464,10,N
6074,48454,48468,14,W
6075,48468,48472,4,W
6076,48470,48476,6,E
6077,48480,48480,0,N
6078,48481,48484,3,S
6079,48482,48488,6,W
6080,48487,48492,5,E
6081,48496,48496,0,W
6082,48504,48504,0,E
6083,48506,48508,2,N
6084,48509,48512,3,S
6085,48510,48516,6,W
6086,48521,48524,3,E
6087,48524,48528,4,W
6088,48532,48532,0,N
6089,48537,48540,3,S
6090,48538,48544,6,E
6091,48538,48548,10,W
6092,48552,48552,0,W
6093,48555,48556,1,E
6094,48558,48560,2,N
6095,48565,48568,3,S
6096,48566,48572,6,W
6097,48572,48576,4,E
6098,48580,48580,0,W
6099,48584,48584,0,N
6100,48589,48592,3,E
6101,48593,48596,3,S
6102,48594,48600,6,W
6103,48606,48608,2,E
6104,48608,48612,4,W
6105,48610,48616,6,N
6106,48621,48624,3,S
6107,48622,48628,6,W
6108,48623,48632,9,E
6109,48636,48636,0,N
6110,48636,48640,4,W
6111,48640,48644,4,E
6112,48649,48652,3,S
6113,48650,48656,6,W
6114,48657,48660,3,E
6115,48662,48664,2,N
6116,48664,48668,4,W
6117,48674,48676,2,E
6118,48677,48680,3,S
6119,48678,48684,6,W
6120,48688,48688,0,N
6121,48691,48692,1,E
6122,48692,48696,4,W
6123,48705,48708,3,S
6124,48706,48712,6,W
6125,48708,48716,8,E
6126,48714,48720,6,N
6127,48720,48724,4,W
6128,48725,48728,3,E
6129,48733,48736,3,S
6130,48734,48740,6,W
6131,48740,48744,4,N
6132,48742,48748,6,E
6133,48748,48752,4,W
6134,48759,48760,1,E
6135,48761,48764,3,S
6136,48762,48768,6,W
6137,48766,48772,6,N
6138,48776,48776,0,E
6139,48776,48780,4,W
6140,48789,48792,3,S
6141,48790,48796,6,W
6142,48792,48800,8,N
6143,48793,48804,11,E
6144,48804,48808,4,W
6145,48810,48812,2,E
6146,48817,48820,3,S
6147,48818,48824,6,N
6148,48818,48828,10,W
6149,48827,48832,5,E
6150,48832,48836,4,W
6151,48844,48844,0,N
6152,48844,48848,4,E
6153,48845,48852,7,S
6154,48846,48856,10,W
6155,48860,48860,0,W
6156,48861,48864,3,E
6157,48870,48872,2,N
6158,48873,48876,3,S
6159,48874,48880,6,W
6160,48878,48884,6,E
6161,48888,48888,0,W
6162,48895,48896,1,E
6163,48896,48900,4,N
6164,48901,48904,3,S
6165,48902,48908,6,W
6166,48912,48912,0,E
6167,48916,48916,0,W
6168,48922,48924,2,N
6169,48929,48932,3,S
6170,48929,48936,7,E
6171,48930,48940,10,W
6172,48944,48944,0,W
6173,48946,48948,2,E
6174,48948,48952,4,N
6175,48957,48960,3,S
6176,48958,48964,6,W
6177,48963,48968,5,E
6178,48972,48972,0,W
6179,48974,48976,2,N
6180,48980,48980,0,E
6181,48985,48988,3,S
6182,48986,48992,6,W
6183,48997,49000,3,E
6184,49000,49004,4,N
6185,49000,49008,8,W
6186,49013,49016,3,S
6187,49014,49020,6,E
6188,49014,49024,10,W
6189,49026,49028,2,N
6190,49028,49032,4,W
6191,49031,49036,5,E
6192,49041,49044,3,S
6193,49042,49048,6,W
6194,49048,49052,4,E
6195,49052,49056,4,N
6196,49056,49060,4,W
6197,49065,49068,3,E
6198,49069,49072,3,S
6199,49070,49076,6,W
6200,49078,49080,2,N
6201,49082,49084,2,E
6202,49084,49088,4,W
6203,49097,49100,3,S
6204,49098,49104,6,W
6205,49099,49108,9,E
6206,49104,49112,8,N
6207,49112,49116,4,W
6208,49116,49120,4,E
6209,49125,49128,3,S
6210,49126,49132,6,W
6211,49130,49136,6,N
6212,49133,49140,7,E
6213,49140,49144,4,W
6214,49150,49152,2,E
6215,49153,49156,3,S
6216,49154,49160,6,W
6217,49156,49164,8,N
6218,49167,49168,1,E
6219,49168,49172,4,W
6220,49181,49184,3,S
6221,49182,49188,6,N
6222,49182,49192,10,W
6223,49184,49196,12,E
6224,49196,49200,4,W
6225,49201,49204,3,E
6226,49208,49208,0,N
6227,49209,49212,3,S
6228,49210,49216,6,W
6229,49218,49220,2,E
6230,49224,49224,0,W
6231,49234,49236,2,N
6232,49235,49240,5,E
6233,49237,49244,7,S
6234,49238,49248,10,W
6235,49252,49252,0,E
6236,49252,49256,4,W
6237,49260,49260,0,N
6238,49265,49268,3,S
6239,49266,49272,6,W
6240,49269,49276,7,E
6241,49280,49280,0,W
6242,49286,49288,2,N
6243,49286,49292,6,E
6244,49293,49296,3,S
6245,49294,49300,6,W
6246,49303,49304,1,E
6247,49308,49308,0,W
6248,49312,49312,0,N
6249,49320,49320,0,E
6250,49321,49324,3,S
6251,49322,49328,6,W
6252,49336,49336,0,W
6253,49337,49340,3,E
6254,49338,49344,6,N
6255,49349,49352,3,S
6256,49350,49356,6,W
6257,49354,49360,6,E
6258,49364,49364,0,N
6259,49364,49368,4,W
6260,49371,49372,1,E
6261,49377,49380,3,S
6262,49378,49384,6,W
6263,49388,49388,0,E
6264,49390,49392,2,N
6265,49392,49396,4,W
6266,49405,49408,3,S
6267,49405,49412,7,E
6268,49406,49416,10,W
6269,49416,49420,4,N
6270,49420,49424,4,W
6271,49422,49428,6,E
6272,49433,49436,3,S
6273,49434,49440,6,W
6274,49439,49444,5,E
6275,49442,49448,6,N
6276,49448,49452,4,W
6277,49456,49456,0,E
6278,49461,49464,3,S
6279,49462,49468,6,W
6280,49468,49472,4,N
6281,49473,49476,3,E
6282,49476,49480,4,W
6283,49489,49492,3,S
6284,49490,49496,6,E
6285,49490,49500,10,W
6286,49494,49504,10,N
6287,49504,49508,4,W
6288,49507,49512,5,E
6289,49517,49520,3,S
6290,49518,49524,6,W
6291,49520,49528,8,N
6292,49524,49532,8,E
6293,49532,49536,4,W
6294,49541,49544,3,E
6295,49545,49548,3,S
6296,49546,49552,6,N
6297,49546,49556,10,W
6298,49558,49560,2,E
6299,49560,49564,4,W
6300,49572,49572,0,N
6301,49573,49576,3,S
6302,49574,49580,6,W
6303,49575,49584,9,E
6304,49588,49588,0,W
6305,49592,49592,0,E
6306,49598,49600,2,N
6307,49601,49604,3,S
6308,49602,49608,6,W
6309,49609,49612,3,E
6310,49616,49616,0,W
6311,49624,49624,0,N
6312,49626,49628,2,E
6313,49629,49632,3,S
6314,49630,49636,6,W
6315,49643,49644,1,E
6316,49644,49648,4,W
6317,49650,49652,2,N
6318,49657,49660,3,S
6319,49658,49664,6,W
6320,49660,49668,8,E
6321,49672,49672,0,W
6322,49676,49676,0,N
6323,49677,49680,3,E
6324,49685,49688,3,S
6325,49686,49692,6,W
6326,49694,49696,2,E
6327,49700,49700,0,W
6328,49702,49704,2,N
6329,49711,49712,1,E
6330,49713,49716,3,S
6331,49714,49720,6,W
6332,49728,49728,0,N
6333,49728,49732,4,E
6334,49728,49736,8,W
6335,49741,49744,3,S
6336,49742,49748,6,W
6337,49745,49752,7,E
6338,49754,49756,2,N
6339,49756,49760,4,W
6340,49762,49764,2,E
6341,49769,49772,3,S
6342,49770,49776,6,W
6343,49779,49780,1,E
6344,49780,49784,4,N
6345,49784,49788,4,W
6346,49796,49796,0,E
6347,49797,49800,3,S
6348,49798,49804,6,W
6349,49806,49808,2,N
6350,49812,49812,0,W
6351,49813,49816,3,E
6352,49825,49828,3,S
6353,49826,49832,6,W
6354,49830,49836,6,E
6355,49832,49840,8,N
6356,49840,49844,4,W
6357,49847,49848,1,E
6358,49853,49856,3,S
6359,49854,49860,6,W
6360,49858,49864,6,N
6361,49864,49868,4,E
6362,49868,49872,4,W
6363,49881,49884,3,S
6364,49881,49888,7,E
6365,49882,49892,10,W
6366,49884,49896,12,N
6367,49896,49900,4,W
6368,49898,49904,6,E
6369,49909,49912,3,S
6370,49910,49916,6,N
6371,49910,49920,10,W
6372,49915,49924,9,E
6373,49924,49928,4,W
6374,49932,49932,0,E
6375,49936,49936,0,N
6376,49937,49940,3,S
6377,49938,49944,6,W
6378,49949,49952,3,E
6379,49952,49956,4,W
6380,49962,49964,2,N
6381,49965,49968,3,S
6382,49966,49972,6,E
6383,49966,49976,10,W
6384,49980,49980,0,W
6385,49983,49984,1,E
6386,49988,49988,0,N
6387,49993,49996,3,S
6388,49994,50000,6,W
6389,50000,50004,4,E
6390,50008,50008,0,W
6391,50014,50016,2,N
6392,50017,50020,3,E
6393,50021,50024,3,S
6394,50022,50028,6,W
6395,50034,50036,2,E
6396,50036,50040,4,W
6397,50040,50044,4,N
6398,50049,50052,3,S
6399,50050,50056,6,W
6400,50051,50060,9,E
6401,50064,50064,0,W
6402,50066,50068,2,N
6403,50068,50072,4,E
6404,50077,50080,3,S
6405,50078,50084,6,W
6406,50085,50088,3,E
6407,50092,50092,0,N
6408,50092,50096,4,W
6409,50102,50104,2,E
6410,50105,50108,3,S
6411,50106,50112,6,W
6412,50118,50120,2,N
6413,50119,50124,5,E
6414,50120,50128,8,W
6415,50133,50136,3,S
6416,50134,50140,6,W
6417,50136,50144,8,E
6418,50144,50148,4,N
6419,50148,50152,4,W
6420,50153,50156,3,E
6421,50161,50164,3,S
6422,50162,50168,6,W
6423,50170,50172,2,N
6424,50170,50176,6,E
6425,50176,50180,4,W
6426,50187,50188,1,E
6427,50189,50192,3,S
6428,50190,50196,6,W
6429,50196,50200,4,N
6430,50204,50204,0,E
6431,50204,50208,4,W
6432,50217,50220,3,S
6433,50218,50224,6,W
6434,50221,50228,7,E
6435,50222,50232,10,N
6436,50232,50236,4,W
6437,50238,50240,2,E
6438,50245,50248,3,S
6439,50246,50252,6,W
6440,50248,50256,8,N
6441,50255,50260,5,E
6442,50260,50264,4,W
6443,50272,50272,0,E
6444,50273,50276,3,S
6445,50274,50280,6,N
6446,50274,50284,10,W
6447,50288,50288,0,W
6448,50289,50292,3,E
6449,50300,50300,0,N
6450,50301,50304,3,S
6451,50302,50308,6,W
6452,50306,50312,6,E
6453,50316,50316,0,W
6454,50323,50324,1,E
6455,50326,50328,2,N
6456,50329,50332,3,S
6457,50330,50336,6,W
6458,50340,50340,0,E
6459,50344,50344,0,W
6460,50352,50352,0,N
6461,50357,50360,3,S
6462,50357,50364,7,E
6463,50358,50368,10,W
6464,50372,50372,0,W
6465,50374,50376,2,E
6466,50378,50380,2,N
6467,50385,50388,3,S
6468,50386,50392,6,W
6469,50391,50396,5,E
6470,50400,50400,0,W
6471,50404,50404,0,N
6472,50408,50408,0,E
6473,50412,50412,0,W
6474,50413,50416,3,S
6475,50424,50424,0,E
6476,50424,50428,4,W
6477,50427,50432,5,N
6478,50436,50436,0,W
6479,50439,50440,1,S
6480,50440,50444,4,E
6481,50448,50448,0,W
6482,50450,50452,2,N
6483,50456,50456,0,E
6484,50460,50460,0,W
6485,50465,50468,3,S
6486,50472,50472,0,E
6487,50472,50476,4,W
6488,50473,50480,7,N
6489,50484,50484,0,W
6490,50488,50488,0,E
6491,50491,50492,1,S
6492,50496,50496,0,N
6493,50496,50500,4,W
6494,50504,50504,0,E
6495,50508,50508,0,W
6496,50517,50520,3,S
6497,50519,50524,5,N
6498,50520,50528,8,E
6499,50520,50532,12,W
6500,50532,50536,4,W
6501,50536,50540,4,E
6502,50542,50544,2,N
6503,50543,50548,5,S
6504,50544,50552,8,W
6505,50552,50556,4,E
6506,50556,50560,4,W
6507,50565,50568,3,N
6508,50568,50572,4,E
6509,50568,50576,8,W
6510,50569,50580,11,S
6511,50580,50584,4,W
6512,50584,50588,4,E
6513,50588,50592,4,N
6514,50592,50596,4,W
6515,50595,50600,5,S
6516,50600,50604,4,E
6517,50604,50608,4,W
6518,50611,50612,1,N
6519,50616,50616,0,E
6520,50616,50620,4,W
6521,50621,50624,3,S
6522,50628,50628,0,W
6523,50632,50632,0,E
6524,50634,50636,2,N
6525,50640,50640,0,W
6526,50647,50648,1,S
6527,50648,50652,4,E
6528,50652,50656,4,W
6529,50657,50660,3,N
6530,50664,50664,0,E
6531,50664,50668,4,W
6532,50673,50676,3,S
6533,50676,50680,4,W
6534,50680,50684,4,N
6535,50680,50688,8,E
6536,50688,50692,4,W
6537,50696,50696,0,E
6538,50699,50700,1,S
6539,50700,50704,4,W
6540,50703,50708,5,N
6541,50712,50712,0,E
6542,50712,50716,4,W
6543,50724,50724,0,W
6544,50725,50728,3,S
6545,50726,50732,6,N
6546,50728,50736,8,E
6547,50736,50740,4,W
6548,50744,50744,0,E
6549,50748,50748,0,W
6550,50749,50752,3,N
6551,50751,50756,5,S
6552,50760,50760,0,E
6553,50760,50764,4,W
6554,50772,50772,0,N
6555,50772,50776,4,W
6556,50776,50780,4,E
6557,50777,50784,7,S
6558,50784,50788,4,W
6559,50792,50792,0,E
6560,50795,50796,1,N
6561,50796,50800,4,W
6562,50803,50804,1,S
6563,50808,50808,0,E
6564,50808,50812,4,W
6565,50818,50820,2,N
6566,50820,50824,4,W
6567,50824,50828,4,E
6568,50829,50832,3,S
6569,50832,50836,4,W
6570,50840,50840,0,E
6571,50841,50844,3,N
6572,50844,50848,4,W
6573,50855,50856,1,S
6574,50856,50860,4,E
6575,50856,50864,8,W
6576,50864,50868,4,N
6577,50868,50872,4,W
6578,50872,50876,4,E
6579,50880,50880,0,W
6580,50881,50884,3,S
6581,50887,50888,1,N
6582,50888,50892,4,E
6583,50892,50896,4,W
6584,50904,50904,0,E
6585,50904,50908,4,W
6586,50907,50912,5,S
6587,50910,50916,6,N
6588,50916,50920,4,W
6589,50920,50924,4,E
6590,50928,50928,0,W
6591,50933,50936,3,S
6592,50933,50940,7,N
6593,50936,50944,8,E
6594,50940,50948,8,W
6595,50952,50952,0,E
6596,50952,50956,4,W
6597,50956,50960,4,N
6598,50959,50964,5,S
6599,50964,50968,4,W
6600,50968,50972,4,E
6601,50976,50976,0,W
6602,50979,50980,1,N
6603,50984,50984,0,E
6604,50985,50988,3,S
6605,50988,50992,4,W
6606,51000,51000,0,E
6607,51000,51004,4,W
6608,51002,51008,6,N
6609,51011,51012,1,S
6610,51012,51016,4,W
6611,51016,51020,4,E
6612,51024,51024,0,W
6613,51025,51028,3,N
6614,51032,51032,0,E
6615,51036,51036,0,W
6616,51037,51040,3,S
6617,51048,51048,0,N
6618,51048,51052,4,E
6619,51048,51056,8,W
6620,51060,51060,0,W
6621,51063,51064,1,S
6622,51064,51068,4,E
6623,51071,51072,1,N
6624,51072,51076,4,W
6625,51080,51080,0,E
6626,51084,51084,0,W
6627,51089,51092,3,S
6628,51094,51096,2,N
6629,51096,51100,4,E
6630,51096,51104,8,W
6631,51108,51108,0,W
6632,51112,51112,0,E
6633,51115,51116,1,S
6634,51117,51120,3,N
6635,51120,51124,4,W
6636,51128,51128,0,E
6637,51132,51132,0,W
6638,51140,51140,0,N
6639,51141,51144,3,S
6640,51144,51148,4,E
6641,51144,51152,8,W
6642,51156,51156,0,W
6643,51160,51160,0,E
6644,51163,51164,1,N
6645,51167,51168,1,S
6646,51168,51172,4,W
6647,51176,51176,0,E
6648,51180,51180,0,W
6649,51186,51188,2,N
6650,51192,51192,0,E
6651,51192,51196,4,W
6652,51193,51200,7,S
6653,51204,51204,0,W
6654,51208,51208,0,E
6655,51209,51212,3,N
6656,51216,51216,0,W
6657,51219,51220,1,S
6658,51224,51224,0,E
6659,51228,51228,0,W
6660,51232,51232,0,N
6661,51240,51240,0,E
6662,51240,51244,4,W
6663,51245,51248,3,S
6664,51252,51252,0,W
6665,51255,51256,1,N
6666,51256,51260,4,E
6667,51264,51264,0,W
6668,51271,51272,1,S
6669,51272,51276,4,E
6670,51276,51280,4,W
6671,51278,51284,6,N
6672,51288,51288,0,E
6673,51288,51292,4,W
6674,51297,51300,3,S
6675,51300,51304,4,W
6676,51301,51308,7,N
6677,51304,51312,8,E
6678,51312,51316,4,W
6679,51320,51320,0,E
6680,51323,51324,1,S
6681,51324,51328,4,N
6682,51324,51332,8,W
6683,51336,51336,0,E
6684,51336,51340,4,W
6685,51347,51348,1,N
6686,51348,51352,4,W
6687,51349,51356,7,S
6688,51352,51360,8,E
6689,51360,51364,4,W
6690,51368,51368,0,E
6691,51370,51372,2,N
6692,51372,51376,4,W
6693,51375,51380,5,S
6694,51384,51384,0,E
6695,51384,51388,4,W
6696,51393,51396,3,N
6697,51396,51400,4,W
6698,51400,51404,4,E
6699,51401,51408,7,S
6700,51408,51412,4,W
6701,51416,51416,0,N
6702,51416,51420,4,E
6703,51420,51424,4,W
6704,51427,51428,1,S
6705,51432,51432,0,E
6706,51432,51436,4,W
6707,51439,51440,1,N
6708,51444,51444,0,W
6709,51448,51448,0,E
6710,51453,51456,3,S
6711,51456,51460,4,W
6712,51462,51464,2,N
6713,51464,51468,4,E
6714,51468,51472,4,W
6715,51479,51480,1,S
6716,51480,51484,4,E
6717,51480,51488,8,W
6718,51485,51492,7,N
6719,51492,51496,4,W
6720,51496,51500,4,E
6721,51504,51504,0,W
6722,51505,51508,3,S
6723,51508,51512,4,N
6724,51512,51516,4,E
6725,51516,51520,4,W
6726,51528,51528,0,E
6727,51528,51532,4,W
6728,51531,51536,5,S
6729,51531,51540,9,N
6730,51540,51544,4,W
6731,51544,51548,4,E
6732,51552,51552,0,W
6733,51554,51556,2,N
6734,51557,51560,3,S
6735,51560,51564,4,E
6736,51564,51568,4,W
6737,51576,51576,0,E
6738,51576,51580,4,W
6739,51577,51584,7,N
6740,51583,51588,5,S
6741,51588,51592,4,W
6742,51592,51596,4,E
6743,51600,51600,0,N
6744,51600,51604,4,W
6745,51608,51608,0,E
6746,51609,51612,3,S
6747,51612,51616,4,W
6748,51623,51624,1,N
6749,51624,51628,4,E
6750,51624,51632,8,W
6751,51635,51636,1,S
6752,51636,51640,4,W
6753,51640,51644,4,E
6754,51646,51648,2,N
6755,51648,51652,4,W
6756,51656,51656,0,E
6757,51660,51660,0,W
6758,51661,51664,3,S
6759,51669,51672,3,N
6760,51672,51676,4,E
6761,51672,51680,8,W
6762,51684,51684,0,W
6763,51687,51688,1,S
6764,51688,51692,4,E
6765,51692,51696,4,N
6766,51696,51700,4,W
6767,51704,51704,0,E
6768,51708,51708,0,W
6769,51713,51716,3,S
6770,51715,51720,5,N
6771,51720,51724,4,E
6772,51720,51728,8,W
6773,51732,51732,0,W
6774,51736,51736,0,E
6775,51738,51740,2,N
6776,51739,51744,5,S
6777,51744,51748,4,W
6778,51752,51752,0,E
6779,51756,51756,0,W
6780,51761,51764,3,N
6781,51765,51768,3,S
6782,51768,51772,4,E
6783,51768,51776,8,W
6784,51780,51780,0,W
6785,51784,51784,0,N
6786,51784,51788,4,E
6787,51791,51792,1,S
6788,51792,51796,4,W
6789,51800,51800,0,E
6790,51804,51804,0,W
6791,51807,51808,1,N
6792,51816,51816,0,E
6793,51816,51820,4,W
6794,51817,51824,7,S
6795,51828,51828,0,W
6796,51830,51832,2,N
6797,51832,51836,4,E
6798,51840,51840,0,W
6799,51843,51844,1,S
6800,51848,51848,0,E
6801,51852,51852,0,W
6802,51853,51856,3,N
6803,51864,51864,0,E
6804,51864,51868,4,W
6805,51869,51872,3,S
6806,51876,51876,0,N
6807,51876,51880,4,W
6808,51880,51884,4,E
6809,51888,51888,0,W
6810,51895,51896,1,S
6811,51896,51900,4,E
6812,51899,51904,5,N
6813,51900,51908,8,W
6814,51912,51912,0,E
6815,51912,51916,4,W
6816,51921,51924,3,S
6817,51922,51928,6,N
6818,51924,51932,8,W
6819,51928,51936,8,E
6820,51936,51940,4,W
6821,51944,51944,0,E
6822,51945,51948,3,N
6823,51947,51952,5,S
6824,51948,51956,8,W
6825,51960,51960,0,E
6826,51960,51964,4,W
6827,51968,51968,0,N
6828,51972,51972,0,W
6829,51973,51976,3,S
6830,51976,51980,4,E
6831,51984,51984,0,W
6832,51991,51992,1,N
6833,51992,51996,4,E
6834,51996,52000,4,W
6835,51999,52004,5,S
6836,52008,52008,0,E
6837,52008,52012,4,W
6838,52014,52016,2,N
6839,52020,52020,0,W
6840,52024,52024,0,E
6841,52025,52028,3,S
6842,52032,52032,0,W
6843,52037,52040,3,N
6844,52040,52044,4,E
6845,52044,52048,4,W
6846,52051,52052,1,S
6847,52056,52056,0,E
6848,52056,52060,4,W
6849,52060,52064,4,N
6850,52068,52068,0,W
6851,52072,52072,0,E
6852,52077,52080,3,S
6853,52080,52084,4,W
6854,52083,52088,5,N
6855,52088,52092,4,E
6856,52092,52096,4,W
6857,52103,52104,1,S
6858,52104,52108,4,E
6859,52104,52112,8,W
6860,52106,52116,10,N
6861,52116,52120,4,W
6862,52120,52124,4,E
6863,52128,52128,0,W
6864,52129,52132,3,S
6865,52129,52136,7,N
6866,52136,52140,4,E
6867,52140,52144,4,W
6868,52152,52152,0,N
6869,52152,52156,4,E
6870,52152,52160,8,W
6871,52155,52164,9,S
6872,52164,52168,4,W
6873,52168,52172,4,E
6874,52175,52176,1,N
6875,52176,52180,4,W
6876,52181,52184,3,S
6877,52184,52188,4,E
6878,52188,52192,4,W
6879,52198,52200,2,N
6880,52200,52204,4,E
6881,52200,52208,8,W
6882,52207,52212,5,S
6883,52212,52216,4,W
6884,52216,52220,4,E
6885,52221,52224,3,N
6886,52224,52228,4,W
6887,52232,52232,0,E
6888,52233,52236,3,S
6889,52236,52240,4,W
6890,52244,52244,0,N
6891,52248,52248,0,E
6892,52248,52252,4,W
6893,52259,52260,1,S
6894,52260,52264,4,W
6895,52264,52268,4,E
6896,52267,52272,5,N
6897,52272,52276,4,W
6898,52280,52280,0,E
6899,52284,52284,0,W
6900,52285,52288,3,S
6901,52290,52292,2,N
6902,52296,52296,0,E
6903,52296,52300,4,W
6904,52308,52308,0,W
6905,52311,52312,1,S
6906,52312,52316,4,E
6907,52313,52320,7,N
6908,52320,52324,4,W
6909,52328,52328,0,E
6910,52332,52332,0,W
6911,52336,52336,0,N
6912,52337,52340,3,S
6913,52344,52344,0,E
6914,52344,52348,4,W
6915,52356,52356,0,W
6916,52359,52360,1,N
6917,52360,52364,4,E
6918,52363,52368,5,S
6919,52368,52372,4,W
6920,52376,52376,0,E
6921,52380,52380,0,W
6922,52382,52384,2,N
6923,52389,52392,3,S
6924,52392,52396,4,E
6925,52392,52400,8,W
6926,52404,52404,0,W
6927,52405,52408,3,N
6928,52408,52412,4,E
6929,52415,52416,1,S
6930,52416,52420,4,W
6931,52424,52424,0,E
6932,52428,52428,0,N
6933,52428,52432,4,W
6934,52440,52440,0,E
6935,52440,52444,4,W
6936,52441,52448,7,S
6937,52451,52452,1,N
6938,52452,52456,4,W
6939,52456,52460,4,E
6940,52464,52464,0,W
6941,52467,52468,1,S
6942,52472,52472,0,E
6943,52474,52476,2,N
6944,52476,52480,4,W
6945,52488,52488,0,E
6946,52488,52492,4,W
6947,52493,52496,3,S
6948,52497,52500,3,N
6949,52500,52504,4,W
6950,52504,52508,4,E
6951,52512,52512,0,W
6952,52519,52520,1,S
6953,52520,52524,4,N
6954,52520,52528,8,E
6955,52524,52532,8,W
6956,52536,52536,0,E
6957,52536,52540,4,W
6958,52543,52544,1,N
6959,52545,52548,3,S
6960,52548,52552,4,W
6961,52552,52556,4,E
6962,52560,52560,0,W
6963,52566,52568,2,N
6964,52568,52572,4,E
6965,52571,52576,5,S
6966,52572,52580,8,W
6967,52584,52584,0,E
6968,52584,52588,4,W
6969,52589,52592,3,N
6970,52596,52596,0,W
6971,52597,52600,3,S
6972,52600,52604,4,E
6973,52608,52608,0,W
6974,52612,52612,0,N
6975,52616,52616,0,E
6976,52620,52620,0,W
6977,52623,52624,1,S
6978,52632,52632,0,E
6979,52632,52636,4,W
6980,52635,52640,5,N
6981,52644,52644,0,W
6982,52648,52648,0,E
6983,52649,52652,3,S
6984,52656,52656,0,W
6985,52658,52660,2,N
6986,52664,52664,0,E
6987,52668,52668,0,W
6988,52675,52676,1,S
6989,52680,52680,0,E
6990,52680,52684,4,W
6991,52681,52688,7,N
6992,52692,52692,0,W
6993,52696,52696,0,E
6994,52701,52704,3,S
6995,52704,52708,4,N
6996,52704,52712,8,W
6997,52712,52716,4,E
6998,52716,52720,4,W
6999,52727,52728,1,S
7000,52727,52732,5,N
7001,52728,52736,8,E
7002,52728,52740,12,W
7003,52740,52744,4,W
7004,52744,52748,4,E
7005,52750,52752,2,N
7006,52752,52756,4,W
7007,52753,52760,7,S
7008,52760,52764,4,E
7009,52764,52768,4,W
7010,52773,52776,3,N
7011,52776,52780,4,E
7012,52776,52784,8,W
7013,52779,52788,9,S
7014,52788,52792,4,W
7015,52792,52796,4,E
7016,52796,52800,4,N
7017,52800,52804,4,W
7018,52805,52808,3,S
7019,52808,52812,4,E
7020,52812,52816,4,W
7021,52819,52820,1,N
7022,52824,52824,0,E
7023,52824,52828,4,W
7024,52831,52832,1,S
7025,52836,52836,0,W
7026,52840,52840,0,E
7027,52842,52844,2,N
7028,52848,52848,0,W
7029,52856,52856,0,E
7030,52857,52860,3,S
7031,52860,52864,4,W
7032,52865,52868,3,N
7033,52872,52872,0,E
7034,52872,52876,4,W
7035,52883,52884,1,S
7036,52884,52888,4,W
7037,52888,52892,4,N
7038,52888,52896,8,E
7039,52896,52900,4,W
7040,52904,52904,0,E
7041,52908,52908,0,W
7042,52909,52912,3,S
7043,52911,52916,5,N
7044,52920,52920,0,E
7045,52920,52924,4,W
7046,52932,52932,0,W
7047,52934,52936,2,N
7048,52935,52940,5,S
7049,52936,52944,8,E
7050,52944,52948,4,W
7051,52952,52952,0,E
7052,52956,52956,0,W
7053,52957,52960,3,N
7054,52961,52964,3,S
7055,52968,52968,0,E
7056,52968,52972,4,W
7057,52980,52980,0,N
7058,52980,52984,4,W
7059,52984,52988,4,E
7060,52987,52992,5,S
7061,52992,52996,4,W
7062,53000,53000,0,E
7063,53003,53004,1,N
7064,53004,53008,4,W
7065,53013,53016,3,S
7066,53016,53020,4,E
7067,53016,53024,8,W
7068,53026,53028,2,N
7069,53028,53032,4,W
7070,53032,53036,4,E
7071,53039,53040,1,S
7072,53040,53044,4,W
7073,53048,53048,0,E
7074,53049,53052,3,N
7075,53052,53056,4,W
7076,53064,53064,0,E
7077,53064,53068,4,W
7078,53065,53072,7,S
7079,53072,53076,4,N
7080,53076,53080,4,W
7081,53080,53084,4,E
7082,53088,53088,0,W
7083,53091,53092,1,S
7084,53095,53096,1,N
7085,53096,53100,4,E
7086,53100,53104,4,W
7087,53112,53112,0,E
7088,53112,53116,4,W
7089,53117,53120,3,S
7090,53118,53124,6,N
7091,53124,53128,4,W
7092,53128,53132,4,E
7093,53136,53136,0,W
7094,53141,53144,3,N
7095,53143,53148,5,S
7096,53144,53152,8,E
7097,53148,53156,8,W
7098,53160,53160,0,E
7099,53160,53164,4,W
7100,53164,53168,4,N
7101,53169,53172,3,S
7102,53172,53176,4,W
7103,53176,53180,4,E
7104,53184,53184,0,W
7105,53187,53188,1,N
7106,53192,53192,0,E
7107,53195,53196,1,S
7108,53196,53200,4,W
7109,53208,53208,0,E
7110,53208,53212,4,W
7111,53210,53216,6,N
7112,53220,53220,0,W
7113,53221,53224,3,S
7114,53224,53228,4,E
7115,53232,53232,0,W
7116,53233,53236,3,N
7117,53240,53240,0,E
7118,53244,53244,0,W
7119,53247,53248,1,S
7120,53256,53256,0,N
7121,53256,53260,4,E
7122,53256,53264,8,W
7123,53268,53268,0,W
7124,53272,53272,0,E
7125,53273,53276,3,S
7126,53279,53280,1,N
7127,53280,53284,4,W
7128,53288,53288,0,E
7129,53292,53292,0,W
7130,53299,53300,1,S
7131,53302,53304,2,N
7132,53304,53308,4,E
7133,53304,53312,8,W
7134,53316,53316,0,W
7135,53320,53320,0,E
7136,53325,53328,3,S
7137,53325,53332,7,N
7138,53328,53336,8,W
7139,53336,53340,4,E
7140,53340,53344,4,W
7141,53348,53348,0,N
7142,53351,53352,1,S
7143,53352,53356,4,E
7144,53352,53360,8,W
7145,53364,53364,0,W
7146,53368,53368,0,E
7147,53371,53372,1,N
7148,53376,53376,0,W
7149,53377,53380,3,S
7150,53384,53384,0,E
7151,53388,53388,0,W
7152,53394,53396,2,N
7153,53400,53400,0,E
7154,53400,53404,4,W
7155,53403,53408,5,S
7156,53412,53412,0,W
7157,53416,53416,0,E
7158,53417,53420,3,N
7159,53424,53424,0,W
7160,53429,53432,3,S
7161,53432,53436,4,E
7162,53436,53440,4,W
7163,53440,53444,4,N
7164,53448,53448,0,E
7165,53448,53452,4,W
7166,53455,53456,1,S
7167,53460,53460,0,W
7168,53463,53464,1,N
7169,53464,53468,4,E
7170,53472,53472,0,W
7171,53480,53480,0,E
7172,53481,53484,3,S
7173,53484,53488,4,W
7174,53486,53492,6,N
7175,53496,53496,0,E
7176,53496,53500,4,W
7177,53507,53508,1,S
7178,53508,53512,4,W
7179,53509,53516,7,N
7180,53512,53520,8,E
7181,53520,53524,4,W
7182,53528,53528,0,E
7183,53532,53532,0,N
7184,53532,53536,4,W
7185,53533,53540,7,S
7186,53544,53544,0,E
7187,53544,53548,4,W
7188,53555,53556,1,N
7189,53556,53560,4,W
7190,53559,53564,5,S
7191,53560,53568,8,E
7192,53568,53572,4,W
7193,53576,53576,0,E
7194,53578,53580,2,N
7195,53580,53584,4,W
7196,53585,53588,3,S
7197,53592,53592,0,E
7198,53592,53596,4,W
7199,53601,53604,3,N
7200,53604,53608,4,W
7201,53608,53612,4,E
7202,53611,53616,5,S
7203,53616,53620,4,W
7204,53624,53624,0,N
7205,53624,53628,4,E
7206,53628,53632,4,W
7207,53637,53640,3,S
7208,53640,53644,4,E
7209,53640,53648,8,W
7210,53647,53652,5,N
7211,53652,53656,4,W
7212,53656,53660,4,E
7213,53663,53664,1,S
7214,53664,53668,4,W
7215,53670,53672,2,N
7216,53672,53676,4,E
7217,53676,53680,4,W
7218,53688,53688,0,E
7219,53688,53692,4,W
7220,53689,53696,7,S
7221,53693,53700,7,N
7222,53700,53704,4,W
7223,53704,53708,4,E
7224,53712,53712,0,W
7225,53715,53716,1,S
7226,53716,53720,4,N
7227,53720,53724,4,E
7228,53724,53728,4,W
7229,53736,53736,0,E
7230,53736,53740,4,W
7231,53739,53744,5,N
7232,53741,53748,7,S
7233,53748,53752,4,W
7234,53752,53756,4,E
7235,53760,53760,0,W
7236,53762,53764,2,N
7237,53767,53768,1,S
7238,53768,53772,4,E
7239,53772,53776,4,W
7240,53784,53784,0,E
7241,53784,53788,4,W
7242,53785,53792,7,N
7243,53793,53796,3,S
7244,53796,53800,4,W
7245,53800,53804,4,E
7246,53808,53808,0,N
7247,53808,53812,4,W
7248,53816,53816,0,E
7249,53819,53820,1,S
7250,53820,53824,4,W
7251,53831,53832,1,N
7252,53832,53836,4,E
7253,53832,53840,8,W
7254,53844,53844,0,W
7255,53845,53848,3,S
7256,53848,53852,4,E
7257,53854,53856,2,N
7258,53856,53860,4,W
7259,53864,53864,0,E
7260,53868,53868,0,W
7261,53871,53872,1,S
7262,53877,53880,3,N
7263,53880,53884,4,E
7264,53880,53888,8,W
7265,53892,53892,0,W
7266,53896,53896,0,E
7267,53897,53900,3,S
7268,53900,53904,4,N
7269,53904,53908,4,W
7270,53912,53912,0,E
7271,53916,53916,0,W
7272,53923,53924,1,S
7273,53923,53928,5,N
7274,53928,53932,4,E
7275,53928,53936,8,W
7276,53940,53940,0,W
7277,53944,53944,0,E
7278,53946,53948,2,N
7279,53949,53952,3,S
7280,53952,53956,4,W
7281,53960,53960,0,E
7282,53964,53964,0,W
7283,53969,53972,3,N
7284,53975,53976,1,S
7285,53976,53980,4,E
7286,53976,53984,8,W
7287,53988,53988,0,W
7288,53992,53992,0,N
7289,53992,53996,4,E
7290,54000,54000,0,W
7291,54001,54004,3,S
7292,54008,54008,0,E
7293,54011,54012,1,W
7294,54015,54016,1,N
7295,54022,54024,2,E
7296,54022,54028,6,W
7297,54023,54032,9,S
7298,54033,54036,3,W
7299,54035,54040,5,N
7300,54036,54044,8,E
7301,54044,54048,4,W
7302,54045,54052,7,S
7303,54050,54056,6,E
7304,54055,54060,5,N
7305,54055,54064,9,W
7306,54064,54068,4,E
7307,54066,54072,6,W
7308,54067,54076,9,S
7309,54075,54080,5,N
7310,54077,54084,7,W
7311,54078,54088,10,E
7312,54088,54092,4,W
7313,54089,54096,7,S
7314,54092,54100,8,E
7315,54095,54104,9,N
7316,54099,54108,9,W
7317,54106,54112,6,E
7318,54110,54116,6,W
7319,54111,54120,9,S
7320,54115,54124,9,N
7321,54120,54128,8,E
7322,54121,54132,11,W
7323,54132,54136,4,W
7324,54133,54140,7,S
7325,54134,54144,10,E
7326,54135,54148,13,N
7327,54143,54152,9,W
7328,54148,54156,8,E
7329,54154,54160,6,W
7330,54155,54164,9,S
7331,54155,54168,13,N
7332,54162,54172,10,E
7333,54165,54176,11,W
7334,54175,54180,5,N
7335,54176,54184,8,E
7336,54176,54188,12,W
7337,54177,54192,15,S
7338,54187,54196,9,W
7339,54190,54200,10,E
7340,54195,54204,9,N
7341,54198,54208,10,W
7342,54199,54212,13,S
7343,54204,54216,12,E
7344,54209,54220,11,W
7345,54215,54224,9,N
7346,54218,54228,10,E
7347,54220,54232,12,W
7348,54221,54236,15,S
7350,54232,54240,8,E
7349,54231,54244,13,W
7351,54235,54248,13,N
7353,54243,54252,9,S
7352,54242,54256,14,W
7354,54246,54260,14,E
7356,54255,54264,9,N
7355,54253,54268,15,W
7357,54260,54272,12,E
7359,54265,54276,11,S
7358,54264,54280,16,W
7360,54274,54284,10,E
7361,54275,54288,13,N
7362,54275,54292,17,W
7364,54287,54296,9,S
7365,54288,54300,12,E
7363,54286,54304,18,W
7366,54295,54308,13,N
7368,54302,54312,10,E
7367,54297,54316,19,W
7370,54309,54320,11,S
7371,54315,54324,9,N
7372,54316,54328,12,E
7369,54308,54332,24,W
7374,54330,54336,6,E
7376,54331,54340,9,S
7373,54319,54344,25,W
7377,54335,54348,13,N
7379,54344,54352,8,E
7375,54330,54356,26,W
7381,54353,54360,7,S
7382,54355,54364,9,N
7378,54341,54368,27,W
7383,54358,54372,14,E
7380,54352,54376,24,W
7385,54372,54380,8,E
7387,54375,54384,9,S
7388,54375,54388,13,N
7384,54363,54392,29,W
7390,54386,54396,10,E
7386,54374,54400,26,W
7391,54395,54404,9,N
7393,54397,54408,11,S
7394,54400,54412,12,E
7389,54385,54416,31,W
7396,54414,54420,6,E
7397,54415,54424,9,N
7392,54396,54428,32,W
7399,54419,54432,13,S
7400,54428,54436,8,E
7395,54407,54440,33,W
7402,54435,54444,9,N
7398,54418,54448,30,W
7404,54441,54452,11,S
7405,54442,54456,14,E
7401,54429,54460,31,W
7407,54455,54464,9,N
7408,54456,54468,12,E
7403,54440,54472,32,W
7410,54463,54476,13,S
7411,54470,54480,10,E
7406,54451,54484,33,W
7413,54475,54488,13,N
7414,54484,54492,8,E
7409,54462,54496,34,W
7416,54485,54500,15,S
7417,54495,54504,9,N
7412,54473,54508,35,W
7419,54498,54512,14,E
7421,54507,54516,9,S
7415,54484,54520,36,W
7422,54512,54524,12,E
7423,54515,54528,13,N
7418,54495,54532,37,W
7425,54526,54536,10,E
7427,54529,54540,11,S
7420,54506,54544,38,W
7428,54535,54548,13,N
7430,54540,54552,12,E
7424,54517,54556,39,W
7432,54551,54560,9,S
7433,54554,54564,10,E
7434,54555,54568,13,N
7426,54528,54572,44,W
7436,54568,54576,8,E
7429,54539,54580,41,W
7438,54573,54584,11,S
7439,54575,54588,13,N
7431,54550,54592,42,W
7440,54582,54596,14,E
7435,54561,54600,39,W
7443,54595,54604,9,S
7444,54595,54608,13,N
7445,54596,54612,16,E
7437,54572,54616,44,W
7447,54610,54620,10,E
7448,54615,54624,9,N
7441,54583,54628,45,W
7450,54617,54632,15,S
7451,54624,54636,12,E
7442,54594,54640,46,W
7453,54635,54644,9,N
7454,54638,54648,10,E
7456,54639,54652,13,S
7446,54605,54656,51,W
7458,54652,54660,8,E
7459,54655,54664,9,N
7449,54616,54668,52,W
7461,54661,54672,11,S
7462,54666,54676,10,E
7452,54627,54680,53,W
7464,54675,54684,9,N
7465,54680,54688,8,E
7455,54638,54692,54,W
7467,54683,54696,13,S
7457,54649,54700,51,W
7469,54694,54704,10,E
7470,54695,54708,13,N
7460,54660,54712,52,W
7472,54705,54716,11,S
7473,54708,54720,12,E
7463,54671,54724,53,W
7474,54715,54728,13,N
7476,54722,54732,10,E
7466,54682,54736,54,W
7478,54727,54740,13,S
7479,54735,54744,9,N
7480,54736,54748,12,E
7468,54693,54752,59,W
7483,54749,54756,7,S
7484,54750,54760,10,E
7471,54704,54764,60,W
7485,54755,54768,13,N
7487,54764,54772,8,E
7475,54715,54776,61,W
7489,54771,54780,9,S
7490,54775,54784,9,N
7477,54726,54788,62,W
7491,54778,54792,14,E
7481,54737,54796,59,W
7493,54792,54800,8,E
7495,54793,54804,11,S
7496,54795,54808,13,N
7482,54748,54812,64,W
7498,54806,54816,10,E
7486,54759,54820,61,W
7500,54815,54824,9,S
7501,54815,54828,13,N
7502,54820,54832,12,E
7488,54770,54836,66,W
7504,54834,54840,6,E
7505,54835,54844,9,N
7492,54781,54848,67,W
7507,54837,54852,15,S
7509,54848,54856,8,E
7494,54792,54860,68,W
7510,54855,54864,9,N
7512,54859,54868,9,S
7497,54803,54872,69,W
7513,54862,54876,14,E
7499,54814,54880,66,W
7515,54875,54884,9,N
7516,54876,54888,12,E
7503,54825,54892,67,W
7518,54881,54896,15,S
7519,54890,54900,10,E
7506,54836,54904,68,W
7521,54895,54908,13,N
7523,54903,54912,9,S
7524,54904,54916,12,E
7508,54847,54920,73,W
7526,54915,54924,9,N
7527,54918,54928,10,E
7511,54858,54932,74,W
7529,54925,54936,11,S
7530,54932,54940,8,E
7514,54869,54944,75,W
7531,54935,54948,13,N
7517,54880,54952,72,W
7533,54946,54956,10,E
7535,54947,54960,13,S
7520,54891,54964,73,W
7536,54955,54968,13,N
7538,54960,54972,12,E
7522,54902,54976,74,W
7540,54969,54980,11,S
7541,54974,54984,10,E
7542,54975,54988,13,N
7525,54913,54992,79,W
7544,54988,54996,8,E
7546,54991,55000,9,S
7528,54924,55004,80,W
7547,54995,55008,13,N
7549,55002,55012,10,E
7532,54935,55016,81,W
7551,55013,55020,7,S
7552,55015,55024,9,N
7553,55016,55028,12,E
7534,54946,55032,86,W
7555,55030,55036,6,E
7537,54957,55040,83,W
7557,55035,55044,9,S
7558,55035,55048,13,N
7539,54968,55052,84,W
7559,55044,55056,12,E
7543,54979,55060,81,W
7561,55055,55064,9,N
7563,55057,55068,11,S
7564,55058,55072,14,E
7545,54990,55076,86,W
7566,55072,55080,8,E
7567,55075,55084,9,N
7548,55001,55088,87,W
7569,55079,55092,13,S
7570,55086,55096,10,E
7550,55012,55100,88,W
7572,55095,55104,9,N
7573,55100,55108,8,E
7554,55023,55112,89,W
7575,55101,55116,15,S
7556,55034,55120,86,W
7577,55114,55124,10,E
7578,55115,55128,13,N
7560,55045,55132,87,W
7580,55123,55136,13,S
7581,55128,55140,12,E
7562,55056,55144,88,W
7583,55135,55148,13,N
7584,55142,55152,10,E
7565,55067,55156,89,W
7586,55145,55160,15,S
7587,55155,55164,9,N
7589,55156,55168,12,E
7568,55078,55172,94,W
7591,55167,55176,9,S
7592,55170,55180,10,E
7571,55089,55184,95,W
7593,55175,55188,13,N
7595,55184,55192,8,E
7574,55100,55196,96,W
7597,55189,55200,11,S
7598,55195,55204,9,N
7576,55111,55208,97,W
7599,55198,55212,14,E
7579,55122,55216,94,W
7602,55211,55220,9,S
7603,55212,55224,12,E
7604,55215,55228,13,N
7582,55133,55232,99,W
7606,55226,55236,10,E
7585,55144,55240,96,W
7608,55233,55244,11,S
7609,55235,55248,13,N
7610,55240,55252,12,E
7588,55155,55256,101,W
7612,55254,55260,6,E
7614,55255,55264,9,S
7615,55255,55268,13,N
7590,55166,55272,106,W
7617,55268,55276,8,E
7594,55177,55280,103,W
7618,55275,55284,9,N
7620,55277,55288,11,S
7596,55188,55292,104,W
7621,55282,55296,14,E
7600,55199,55300,101,W
7623,55295,55304,9,N
7624,55296,55308,12,E
7626,55299,55312,13,S
7601,55210,55316,106,W
7628,55310,55320,10,E
7629,55315,55324,9,N
7605,55221,55328,107,W
7631,55321,55332,11,S
7632,55324,55336,12,E
7607,55232,55340,108,W
7634,55335,55344,9,N
7635,55338,55348,10,E
7611,55243,55352,109,W
7637,55343,55356,13,S
7638,55352,55360,8,E
7613,55254,55364,110,W
7640,55355,55368,13,N
7616,55265,55372,107,W
7642,55365,55376,11,S
7643,55366,55380,14,E
7619,55276,55384,108,W
7644,55375,55388,13,N
7646,55380,55392,12,E
7622,55287,55396,109,W
7648,55387,55400,13,S
7649,55394,55404,10,E
7650,55395,55408,13,N
7625,55298,55412,114,W
7652,55408,55416,8,E
7654,55409,55420,11,S
7627,55309,55424,115,W
7655,55415,55428,13,N
7657,55422,55432,10,E
7630,55320,55436,116,W
7659,55431,55440,9,S
7660,55435,55444,9,N
7661,55436,55448,12,E
7633,55331,55452,121,W
7663,55450,55456,6,E
7636,55342,55460,118,W
7665,55453,55464,11,S
7666,55455,55468,13,N
7639,55353,55472,119,W
7668,55464,55476,12,E
7641,55364,55480,116,W
7670,55475,55484,9,S
7671,55475,55488,13,N
7672,55478,55492,14,E
7645,55375,55496,121,W
7674,55492,55500,8,E
7675,55495,55504,9,N
7647,55386,55508,122,W
7677,55497,55512,15,S
7678,55506,55516,10,E
7651,55397,55520,123,W
7680,55515,55524,9,N
7682,55519,55528,9,S
7683,55520,55532,12,E
7653,55408,55536,128,W
7685,55534,55540,6,E
7686,55535,55544,9,N
7656,55419,55548,129,W
7688,55541,55552,11,S
7689,55548,55556,8,E
7658,55430,55560,130,W
7691,55555,55564,9,N
7662,55441,55568,127,W
7692,55562,55572,10,E
7694,55563,55576,13,S
7664,55452,55580,128,W
7696,55575,55584,9,N
7697,55576,55588,12,E
7667,55463,55592,129,W
7699,55585,55596,11,S
7700,55590,55600,10,E
7669,55474,55604,130,W
7701,55595,55608,13,N
7703,55604,55612,8,E
7673,55485,55616,131,W
7705,55607,55620,13,S
7706,55615,55624,9,N
7676,55496,55628,132,W
7708,55618,55632,14,E
7679,55507,55636,129,W
7710,55629,55640,11,S
7711,55632,55644,12,E
7712,55635,55648,13,N
7681,55518,55652,134,W
7714,55646,55656,10,E
7716,55651,55660,9,S
7684,55529,55664,135,W
7717,55655,55668,13,N
7718,55660,55672,12,E
7687,55540,55676,136,W
7721,55673,55680,7,S
7722,55674,55684,10,E
7723,55675,55688,13,N
7690,55551,55692,141,W
7725,55688,55696,8,E
7693,55562,55700,138,W
7727,55695,55704,9,S
7728,55695,55708,13,N
7695,55573,55712,139,W
7729,55702,55716,14,E
7698,55584,55720,136,W
7731,55715,55724,9,N
7732,55716,55728,12,E
7734,55717,55732,15,S
7702,55595,55736,141,W
7736,55730,55740,10,E
7737,55735,55744,9,N
7704,55606,55748,142,W
7739,55739,55752,13,S
7740,55744,55756,12,E
7707,55617,55760,143,W
7742,55755,55764,9,N
7743,55758,55768,10,E
7709,55628,55772,144,W
7745,55761,55776,15,S
7747,55772,55780,8,E
7713,55639,55784,145,W
7748,55775,55788,13,N
7750,55783,55792,9,S
7715,55650,55796,146,W
7751,55786,55800,14,E
7753,55795,55804,9,N
7719,55661,55808,147,W
7754,55800,55812,12,E
7756,55805,55816,11,S
7720,55672,55820,148,W
7757,55814,55824,10,E
7758,55815,55828,13,N
7724,55683,55832,149,W
7761,55827,55836,9,S
7762,55828,55840,12,E
7726,55694,55844,150,W
7763,55835,55848,13,N
7765,55842,55852,10,E
7730,55705,55856,151,W
7767,55849,55860,11,S
7768,55855,55864,9,N
7769,55856,55868,12,E
7733,55716,55872,156,W
7771,55870,55876,6,E
7773,55871,55880,9,S
7735,55727,55884,157,W
7774,55875,55888,13,N
7776,55884,55892,8,E
7738,55738,55896,158,W
7778,55893,55900,7,S
7779,55895,55904,9,N
7741,55749,55908,159,W
7780,55898,55912,14,E
7744,55760,55916,156,W
7782,55912,55920,8,E
7784,55915,55924,9,S
7785,55915,55928,13,N
7746,55771,55932,161,W
7787,55926,55936,10,E
7749,55782,55940,158,W
7788,55935,55944,9,N
7790,55937,55948,11,S
7791,55940,55952,12,E
7752,55793,55956,163,W
7793,55954,55960,6,E
7794,55955,55964,9,N
7755,55804,55968,164,W
7796,55959,55972,13,S
7797,55968,55976,8,E
7759,55815,55980,165,W
7799,55975,55984,9,N
7760,55826,55988,162,W
7801,55981,55992,11,S
7802,55982,55996,14,E
7764,55837,56000,163,W
7804,55995,56004,9,N
7805,55996,56008,12,E
7766,55848,56012,164,W
7807,56003,56016,13,S
7808,56010,56020,10,E
7770,55859,56024,165,W
7810,56015,56028,13,N
7811,56024,56032,8,E
7772,55870,56036,166,W
7813,56025,56040,15,S
7814,56035,56044,9,N
7775,55881,56048,167,W
7816,56038,56052,14,E
7818,56047,56056,9,S
7777,55892,56060,168,W
7819,56052,56064,12,E
7820,56055,56068,13,N
7781,55903,56072,169,W
7822,56066,56076,10,E
7824,56069,56080,11,S
7783,55914,56084,170,W
7825,56075,56088,13,N
7827,56080,56092,12,E
7786,55925,56096,171,W
7829,56091,56100,9,S
7830,56094,56104,10,E
7831,56095,56108,13,N
7789,55936,56112,176,W
7833,56108,56116,8,E
7792,55947,56120,173,W
7835,56113,56124,11,S
7836,56115,56128,13,N
7795,55958,56132,174,W
7837,56122,56136,14,E
7798,55969,56140,171,W
7840,56135,56144,9,S
7841,56135,56148,13,N
7842,56136,56152,16,E
7800,55980,56156,176,W
7844,56150,56160,10,E
7845,56155,56164,9,N
7803,55991,56168,177,W
7847,56157,56172,15,S
7848,56164,56176,12,E
7806,56002,56180,178,W
7850,56175,56184,9,N
7851,56178,56188,10,E
7853,56179,56192,13,S
7809,56013,56196,183,W
7855,56192,56200,8,E
7856,56195,56204,9,N
7812,56024,56208,184,W
7858,56201,56212,11,S
7859,56206,56216,10,E
7815,56035,56220,185,W
7861,56215,56224,9,N
7862,56220,56228,8,E
7817,56046,56232,186,W
7864,56223,56236,13,S
7821,56057,56240,183,W
7866,56234,56244,10,E
7867,56235,56248,13,N
7823,56068,56252,184,W
7869,56245,56256,11,S
7870,56248,56260,12,E
7826,56079,56264,185,W
7871,56255,56268,13,N
7873,56262,56272,10,E
7828,56090,56276,186,W
7875,56267,56280,13,S
7876,56275,56284,9,N
7877,56276,56288,12,E
7832,56101,56292,191,W
7880,56289,56296,7,S
7881,56290,56300,10,E
7834,56112,56304,192,W
7882,56295,56308,13,N
7884,56304,56312,8,E
7838,56123,56316,193,W
7886,56311,56320,9,S
7887,56315,56324,9,N
7839,56134,56328,194,W
7888,56318,56332,14,E
7843,56145,56336,191,W
7890,56332,56340,8,E
7892,56333,56344,11,S
7893,56335,56348,13,N
7846,56156,56352,196,W
7895,56346,56356,10,E
7849,56167,56360,193,W
7897,56355,56364,9,S
7898,56355,56368,13,N
7899,56360,56372,12,E
7852,56178,56376,198,W
7901,56374,56380,6,E
7902,56375,56384,9,N
7854,56189,56388,199,W
7904,56377,56392,15,S
7906,56388,56396,8,E
7857,56200,56400,200,W
7907,56395,56404,9,N
7909,56399,56408,9,S
7860,56211,56412,201,W
7910,56402,56416,14,E
7863,56222,56420,198,W
7912,56415,56424,9,N
7913,56416,56428,12,E
7865,56233,56432,199,W
7915,56421,56436,15,S
7916,56430,56440,10,E
7868,56244,56444,200,W
7918,56435,56448,13,N
7920,56443,56452,9,S
7921,56444,56456,12,E
7872,56255,56460,205,W
7923,56455,56464,9,N
7924,56458,56468,10,E
7874,56266,56472,206,W
7926,56465,56476,11,S
7927,56472,56480,8,E
7878,56277,56484,207,W
7928,56475,56488,13,N
7879,56288,56492,204,W
7930,56486,56496,10,E
7932,56487,56500,13,S
7883,56299,56504,205,W
7933,56495,56508,13,N
7935,56500,56512,12,E
7885,56310,56516,206,W
7937,56509,56520,11,S
7938,56514,56524,10,E
7939,56515,56528,13,N
7889,56321,56532,211,W
7941,56528,56536,8,E
7943,56531,56540,9,S
7891,56332,56544,212,W
7944,56535,56548,13,N
7946,56542,56552,10,E
7894,56343,56556,213,W
7948,56553,56560,7,S
7949,56555,56564,9,N
7950,56556,56568,12,E
7896,56354,56572,218,W
7952,56570,56576,6,E
7900,56365,56580,215,W
7954,56575,56584,9,S
7955,56575,56588,13,N
7903,56376,56592,216,W
7956,56584,56596,12,E
7905,56387,56600,213,W
7958,56595,56604,9,N
7960,56597,56608,11,S
7961,56598,56612,14,E
7908,56398,56616,218,W
7963,56612,56620,8,E
7964,56615,56624,9,N
7911,56409,56628,219,W
7966,56619,56632,13,S
7967,56626,56636,10,E
7914,56420,56640,220,W
7969,56635,56644,9,N
7970,56640,56648,8,E
7917,56431,56652,221,W
7972,56641,56656,15,S
7919,56442,56660,218,W
7974,56654,56664,10,E
7975,56655,56668,13,N
7922,56453,56672,219,W
7977,56663,56676,13,S
7978,56668,56680,12,E
7925,56464,56684,220,W
7980,56675,56688,13,N
7981,56682,56692,10,E
7929,56475,56696,221,W
7983,56685,56700,15,S
7984,56695,56704,9,N
7986,56696,56708,12,E
7931,56486,56712,226,W
7988,56707,56716,9,S
7989,56710,56720,10,E
7934,56497,56724,227,W
7990,56715,56728,13,N
7992,56724,56732,8,E
7936,56508,56736,228,W
7994,56729,56740,11,S
7995,56735,56744,9,N
7940,56519,56748,229,W
7996,56738,56752,14,E
7942,56530,56756,226,W
7999,56751,56760,9,S
8000,56752,56764,12,E
8001,56755,56768,13,N
7945,56541,56772,231,W
8003,56766,56776,10,E
7947,56552,56780,228,W
8005,56773,56784,11,S
8006,56775,56788,13,N
8007,56780,56792,12,E
7951,56563,56796,233,W
8009,56794,56800,6,E
8011,56795,56804,9,S
8012,56795,56808,13,N
7953,56574,56812,238,W
8014,56808,56816,8,E
7957,56585,56820,235,W
8015,56815,56824,9,N
8017,56817,56828,11,S
7959,56596,56832,236,W
8018,56822,56836,14,E
7962,56607,56840,233,W
8020,56835,56844,9,N
8021,56836,56848,12,E
8023,56839,56852,13,S
7965,56618,56856,238,W
8025,56850,56860,10,E
8026,56855,56864,9,N
7968,56629,56868,239,W
8028,56861,56872,11,S
8029,56864,56876,12,E
7971,56640,56880,240,W
8031,56875,56884,9,N
8032,56878,56888,10,E
7973,56651,56892,241,W
8034,56883,56896,13,S
8035,56892,56900,8,E
7976,56662,56904,242,W
8037,56895,56908,13,N
7979,56673,56912,239,W
8039,56905,56916,11,S
8040,56906,56920,14,E
7982,56684,56924,240,W
8041,56915,56928,13,N
8043,56920,56932,12,E
7985,56695,56936,241,W
8045,56927,56940,13,S
8046,56934,56944,10,E
8047,56935,56948,13,N
7987,56706,56952,246,W
8049,56948,56956,8,E
8051,56949,56960,11,S
7991,56717,56964,247,W
8052,56955,56968,13,N
8054,56962,56972,10,E
7993,56728,56976,248,W
8056,56971,56980,9,S
8057,56975,56984,9,N
8058,56976,56988,12,E
7997,56739,56992,253,W
8060,56990,56996,6,E
7998,56750,57000,250,W
8062,56993,57004,11,S
8063,56995,57008,13,N
8002,56761,57012,251,W
8065,57004,57016,12,E
8004,56772,57020,248,W
8067,57015,57024,9,S
8068,57015,57028,13,N
8069,57018,57032,14,E
8008,56783,57036,253,W
8071,57032,57040,8,E
8072,57035,57044,9,N
8010,56794,57048,254,W
8074,57037,57052,15,S
8075,57046,57056,10,E
8013,56805,57060,255,W
8077,57055,57064,9,N
8079,57059,57068,9,S
8080,57060,57072,12,E
8016,56816,57076,260,W
8082,57074,57080,6,E
8083,57075,57084,9,N
8019,56827,57088,261,W
8085,57081,57092,11,S
8086,57088,57096,8,E
8022,56838,57100,262,W
8088,57095,57104,9,N
8024,56849,57108,259,W
8089,57102,57112,10,E
8091,57103,57116,13,S
8027,56860,57120,260,W
8093,57115,57124,9,N
8094,57116,57128,12,E
8030,56871,57132,261,W
8096,57125,57136,11,S
8097,57130,57140,10,E
8033,56882,57144,262,W
8098,57135,57148,13,N
8100,57144,57152,8,E
8036,56893,57156,263,W
8102,57147,57160,13,S
8103,57155,57164,9,N
8038,56904,57168,264,W
8105,57158,57172,14,E
8042,56915,57176,261,W
8107,57169,57180,11,S
8108,57172,57184,12,E
8109,57175,57188,13,N
8044,56926,57192,266,W
8111,57186,57196,10,E
8113,57191,57200,9,S
8048,56937,57204,267,W
8114,57195,57208,13,N
8115,57200,57212,12,E
8050,56948,57216,268,W
8118,57213,57220,7,S
8119,57214,57224,10,E
8120,57215,57228,13,N
8053,56959,57232,273,W
8122,57228,57236,8,E
8055,56970,57240,270,W
8124,57235,57244,9,S
8125,57235,57248,13,N
8059,56981,57252,271,W
8126,57242,57256,14,E
8061,56992,57260,268,W
8128,57255,57264,9,N
8129,57256,57268,12,E
8131,57257,57272,15,S
8064,57003,57276,273,W
8133,57270,57280,10,E
8134,57275,57284,9,N
8066,57014,57288,274,W
8136,57279,57292,13,S
8137,57284,57296,12,E
8070,57025,57300,275,W
8139,57295,57304,9,N
8140,57298,57308,10,E
8073,57036,57312,276,W
8142,57301,57316,15,S
8144,57312,57320,8,E
8076,57047,57324,277,W
8145,57315,57328,13,N
8147,57323,57332,9,S
8078,57058,57336,278,W
8148,57326,57340,14,E
8150,57335,57344,9,N
8081,57069,57348,279,W
8151,57340,57352,12,E
8153,57345,57356,11,S
8084,57080,57360,280,W
8154,57354,57364,10,E
8155,57355,57368,13,N
8087,57091,57372,281,W
8158,57367,57376,9,S
8159,57368,57380,12,E
8090,57102,57384,282,W
8160,57375,57388,13,N
8162,57382,57392,10,E
8092,57113,57396,283,W
8164,57389,57400,11,S
8165,57395,57404,9,N
8166,57396,57408,12,E
8095,57124,57412,288,W
8168,57410,57416,6,E
8170,57411,57420,9,S
8099,57135,57424,289,W
8171,57415,57428,13,N
8173,57424,57432,8,E
8101,57146,57436,290,W
8175,57433,57440,7,S
8176,57435,57444,9,N
8104,57157,57448,291,W
8177,57438,57452,14,E
8106,57168,57456,288,W
8179,57452,57460,8,E
8181,57455,57464,9,S
8182,57455,57468,13,N
8110,57179,57472,293,W
8184,57466,57476,10,E
8112,57190,57480,290,W
8185,57475,57484,9,N
8187,57477,57488,11,S
8188,57480,57492,12,E
8116,57201,57496,295,W
8190,57494,57500,6,E
8191,57495,57504,9,N
8117,57212,57508,296,W
8193,57499,57512,13,S
8194,57508,57516,8,E
8121,57223,57520,297,W
8196,57515,57524,9,N
8123,57234,57528,294,W
8198,57521,57532,11,S
8199,57522,57536,14,E
8127,57245,57540,295,W
8201,57535,57544,9,N
8202,57536,57548,12,E
8130,57256,57552,296,W
8204,57543,57556,13,S
8205,57550,57560,10,E
8132,57267,57564,297,W
8207,57555,57568,13,N
8208,57564,57572,8,E
8135,57278,57576,298,W
8210,57565,57580,15,S
8211,57575,57584,9,N
8138,57289,57588,299,W
8213,57578,57592,14,E
8215,57587,57596,9,S
8141,57300,57600,300,W
8216,57592,57604,12,E
8217,57595,57608,13,N
8143,57311,57612,301,W
8219,57606,57616,10,E
8221,57609,57620,11,S
8146,57322,57624,302,W
8222,57615,57628,13,N
8223,57618,57632,14,E
8149,57333,57636,303,W
8226,57629,57640,11,S
8227,57630,57644,14,E
8228,57633,57648,15,N
8152,57344,57652,308,W
8230,57642,57656,14,E
8232,57649,57660,11,S
8233,57651,57664,13,N
8156,57355,57668,313,W
8234,57654,57672,18,E
8157,57366,57676,310,W
8238,57669,57680,11,S
8239,57669,57684,15,N
8236,57666,57688,22,E
8161,57377,57692,315,W
8242,57687,57696,9,N
8240,57678,57700,22,E
8244,57689,57704,15,S
8163,57388,57708,320,W
8245,57690,57712,22,E
8248,57705,57716,11,N
8167,57399,57720,321,W
8250,57709,57724,15,S
8247,57702,57728,26,E
8169,57410,57732,322,W
8253,57723,57736,13,N
8251,57714,57740,26,E
8256,57729,57744,15,S
8172,57421,57748,327,W
8254,57726,57752,26,E
8259,57741,57756,15,N
8174,57432,57760,328,W
8261,57749,57764,15,S
8257,57738,57768,30,E
8264,57759,57772,13,N
8178,57443,57776,333,W
8262,57750,57780,30,E
8267,57769,57784,15,S
8180,57454,57788,334,W
8269,57777,57792,15,N
8265,57762,57796,34,E
8183,57465,57800,335,W
8273,57789,57804,15,S
8274,57795,57808,13,N
8268,57774,57812,38,E
8186,57476,57816,340,W
8278,57809,57820,11,S
8271,57786,57824,38,E
8280,57813,57828,15,N
8189,57487,57832,345,W
8275,57798,57836,38,E
8284,57829,57840,11,S
8285,57831,57844,13,N
8192,57498,57848,350,W
8279,57810,57852,42,E
8195,57509,57856,347,W
8290,57849,57860,11,S
8291,57849,57864,15,N
8282,57822,57868,46,E
8197,57520,57872,352,W
8294,57867,57876,9,N
8286,57834,57880,46,E
8296,57869,57884,15,S
8200,57531,57888,357,W
8288,57846,57892,46,E
8300,57885,57896,11,N
8203,57542,57900,358,W
8302,57889,57904,15,S
8292,57858,57908,50,E
8206,57553,57912,359,W
8305,57903,57916,13,N
8297,57870,57920,50,E
8308,57909,57924,15,S
8209,57564,57928,364,W
8299,57882,57932,50,E
8311,57921,57936,15,N
8212,57575,57940,365,W
8313,57929,57944,15,S
8303,57894,57948,54,E
8316,57939,57952,13,N
8214,57586,57956,370,W
8306,57906,57960,54,E
8319,57949,57964,15,S
8218,57597,57968,371,W
8321,57957,57972,15,N
8309,57918,57976,58,E
8220,57608,57980,372,W
8325,57969,57984,15,S
8326,57975,57988,13,N
8314,57930,57992,62,E
8224,57618,57996,378,W
8330,57989,58000,11,S
8317,57942,58004,62,E
8332,57993,58008,15,N
8225,57628,58012,384,W
8320,57954,58016,62,E
8336,58009,58020,11,S
8337,58011,58024,13,N
8229,57638,58028,390,W
8323,57966,58032,66,E
8231,57648,58036,388,W
8342,58029,58040,11,S
8343,58029,58044,15,N
8327,57978,58048,70,E
8235,57658,58052,394,W
8346,58047,58056,9,N
8331,57990,58060,70,E
8348,58049,58064,15,S
8237,57668,58068,400,W
8334,58002,58072,70,E
8352,58065,58076,11,N
8241,57678,58080,402,W
8354,58069,58084,15,S
8338,58014,58088,74,E
8243,57688,58092,404,W
8357,58083,58096,13,N
8340,58026,58100,74,E
8360,58089,58104,15,S
8246,57698,58108,410,W
8344,58038,58112,74,E
8363,58101,58116,15,N
8249,57708,58120,412,W
8365,58109,58124,15,S
8349,58050,58128,78,E
8368,58119,58132,13,N
8252,57718,58136,418,W
8351,58062,58140,78,E
8371,58129,58144,15,S
8255,57728,58148,420,W
8373,58137,58152,15,N
8355,58074,58156,82,E
8258,57738,58160,422,W
8377,58149,58164,15,S
8378,58155,58168,13,N
8358,58086,58172,86,E
8260,57748,58176,428,W
8382,58169,58180,11,S
8361,58098,58184,86,E
8384,58173,58188,15,N
8263,57758,58192,434,W
8366,58110,58196,86,E
8388,58189,58200,11,S
8389,58191,58204,13,N
8266,57768,58208,440,W
8369,58122,58212,90,E
8270,57778,58216,438,W
8394,58209,58220,11,S
8395,58209,58224,15,N
8372,58134,58228,94,E
8272,57788,58232,444,W
8398,58227,58236,9,N
8375,58146,58240,94,E
8400,58229,58244,15,S
8276,57798,58248,450,W
8379,58158,58252,94,E
8404,58245,58256,11,N
8277,57808,58260,452,W
8406,58249,58264,15,S
8383,58170,58268,98,E
8281,57818,58272,454,W
8409,58263,58276,13,N
8386,58182,58280,98,E
8412,58269,58284,15,S
8283,57828,58288,460,W
8390,58194,58292,98,E
8415,58281,58296,15,N
8287,57838,58300,462,W
8417,58289,58304,15,S
8392,58206,58308,102,E
8420,58299,58312,13,N
8289,57848,58316,468,W
8396,58218,58320,102,E
8423,58309,58324,15,S
8293,57858,58328,470,W
8425,58317,58332,15,N
8401,58230,58336,106,E
8295,57868,58340,472,W
8429,58329,58344,15,S
8430,58335,58348,13,N
8403,58242,58352,110,E
8298,57878,58356,478,W
8434,58349,58360,11,S
8407,58254,58364,110,E
8436,58353,58368,15,N
8301,57888,58372,484,W
8410,58266,58376,110,E
8440,58369,58380,11,S
8441,58371,58384,13,N
8304,57898,58388,490,W
8413,58278,58392,114,E
8307,57908,58396,488,W
8446,58389,58400,11,S
8447,58389,58404,15,N
8418,58290,58408,118,E
8310,57918,58412,494,W
8450,58407,58416,9,N
8421,58302,58420,118,E
8452,58409,58424,15,S
8312,57928,58428,500,W
8424,58314,58432,118,E
8456,58425,58436,11,N
8315,57938,58440,502,W
8458,58429,58444,15,S
8427,58326,58448,122,E
8318,57948,58452,504,W
8461,58443,58456,13,N
8431,58338,58460,122,E
8464,58449,58464,15,S
8322,57958,58468,510,W
8435,58350,58472,122,E
8467,58461,58476,15,N
8324,57968,58480,512,W
8469,58469,58484,15,S
8438,58362,58488,126,E
8472,58479,58492,13,N
8328,57978,58496,518,W
8442,58374,58500,126,E
8475,58489,58504,15,S
8329,57988,58508,520,W
8477,58497,58512,15,N
8444,58386,58516,130,E
8333,57998,58520,522,W
8481,58509,58524,15,S
8482,58515,58528,13,N
8448,58398,58532,134,E
8335,58008,58536,528,W
8486,58529,58540,11,S
8453,58410,58544,134,E
8488,58533,58548,15,N
8339,58018,58552,534,W
8455,58422,58556,134,E
8492,58549,58560,11,S
8493,58551,58564,13,N
8341,58028,58568,540,W
8459,58434,58572,138,E
8345,58038,58576,538,W
8498,58569,58580,11,S
8499,58569,58584,15,N
8462,58446,58588,142,E
8347,58048,58592,544,W
8502,58587,58596,9,N
8465,58458,58600,142,E
8504,58589,58604,15,S
8350,58058,58608,550,W
8470,58470,58612,142,E
8508,58605,58616,11,N
8353,58068,58620,552,W
8510,58609,58624,15,S
8473,58482,58628,146,E
8356,58078,58632,554,W
8513,58623,58636,13,N
8476,58494,58640,146,E
8516,58629,58644,15,S
8359,58088,58648,560,W
8479,58506,58652,146,E
8519,58641,58656,15,N
8362,58098,58660,562,W
8521,58649,58664,15,S
8483,58518,58668,150,E
8524,58659,58672,13,N
8364,58108,58676,568,W
8487,58530,58680,150,E
8527,58669,58684,15,S
8367,58118,58688,570,W
8529,58677,58692,15,N
8490,58542,58696,154,E
8370,58128,58700,572,W
8533,58689,58704,15,S
8534,58695,58708,13,N
8494,58554,58712,158,E
8374,58138,58716,578,W
8538,58709,58720,11,S
8496,58566,58724,158,E
8540,58713,58728,15,N
8376,58148,58732,584,W
8500,58578,58736,158,E
8544,58729,58740,11,S
8545,58731,58744,13,N
8380,58158,58748,590,W
8505,58590,58752,162,E
8381,58168,58756,588,W
8550,58749,58760,11,S
8551,58749,58764,15,N
8507,58602,58768,166,E
8385,58178,58772,594,W
8554,58767,58776,9,N
8511,58614,58780,166,E
8556,58769,58784,15,S
8387,58188,58788,600,W
8514,58626,58792,166,E
8560,58785,58796,11,N
8391,58198,58800,602,W
8562,58789,58804,15,S
8517,58638,58808,170,E
8393,58208,58812,604,W
8565,58803,58816,13,N
8522,58650,58820,170,E
8568,58809,58824,15,S
8397,58218,58828,610,W
8525,58662,58832,170,E
8571,58821,58836,15,N
8399,58228,58840,612,W
8573,58829,58844,15,S
8528,58674,58848,174,E
8576,58839,58852,13,N
8402,58238,58856,618,W
8531,58686,58860,174,E
8579,58849,58864,15,S
8405,58248,58868,620,W
8581,58857,58872,15,N
8535,58698,58876,178,E
8408,58258,58880,622,W
8585,58869,58884,15,S
8586,58875,58888,13,N
8539,58710,58892,182,E
8411,58268,58896,628,W
8590,58889,58900,11,S
8542,58722,58904,182,E
8592,58893,58908,15,N
8414,58278,58912,634,W
8546,58734,58916,182,E
8596,58909,58920,11,S
8597,58911,58924,13,N
8416,58288,58928,640,W
8548,58746,58932,186,E
8419,58298,58936,638,W
8602,58929,58940,11,S
8603,58929,58944,15,N
8552,58758,58948,190,E
8422,58308,58952,644,W
8606,58947,58956,9,N
8557,58770,58960,190,E
8608,58949,58964,15,S
8426,58318,58968,650,W
8559,58782,58972,190,E
8612,58965,58976,11,N
8428,58328,58980,652,W
8614,58969,58984,15,S
8563,58794,58988,194,E
8432,58338,58992,654,W
8617,58983,58996,13,N
8566,58806,59000,194,E
8620,58989,59004,15,S
8433,58348,59008,660,W
8569,58818,59012,194,E
8623,59001,59016,15,N
8437,58358,59020,662,W
8625,59009,59024,15,S
8574,58830,59028,198,E
8628,59019,59032,13,N
8439,58368,59036,668,W
8577,58842,59040,198,E
8631,59029,59044,15,S
8443,58378,59048,670,W
8633,59037,59052,15,N
8580,58854,59056,202,E
8445,58388,59060,672,W
8637,59049,59064,15,S
8638,59055,59068,13,N
8583,58866,59072,206,E
8449,58398,59076,678,W
8642,59069,59080,11,S
8587,58878,59084,206,E
8644,59073,59088,15,N
8451,58408,59092,684,W
8591,58890,59096,206,E
8648,59089,59100,11,S
8649,59091,59104,13,N
8454,58418,59108,690,W
8594,58902,59112,210,E
8457,58428,59116,688,W
8654,59109,59120,11,S
8655,59109,59124,15,N
8598,58914,59128,214,E
8460,58438,59132,694,W
8658,59127,59136,9,N
8600,58926,59140,214,E
8660,59129,59144,15,S
8463,58448,59148,700,W
8604,58938,59152,214,E
8664,59145,59156,11,N
8466,58458,59160,702,W
8666,59149,59164,15,S
8609,58950,59168,218,E
8468,58468,59172,704,W
8669,59163,59176,13,N
8611,58962,59180,218,E
8672,59169,59184,15,S
8471,58478,59188,710,W
8615,58974,59192,218,E
8675,59181,59196,15,N
8474,58488,59200,712,W
8677,59189,59204,15,S
8618,58986,59208,222,E
8680,59199,59212,13,N
8478,58498,59216,718,W
8621,58998,59220,222,E
8683,59209,59224,15,S
8480,58508,59228,720,W
8685,59217,59232,15,N
8626,59010,59236,226,E
8484,58518,59240,722,W
8689,59229,59244,15,S
8690,59235,59248,13,N
8629,59022,59252,230,E
8485,58528,59256,728,W
8694,59249,59260,11,S
8632,59034,59264,230,E
8696,59253,59268,15,N
8489,58538,59272,734,W
8635,59046,59276,230,E
8700,59269,59280,11,S
8701,59271,59284,13,N
8491,58548,59288,740,W
8639,59058,59292,234,E
8495,58558,59296,738,W
8706,59289,59300,11,S
8707,59289,59304,15,N
8643,59070,59308,238,E
8497,58568,59312,744,W
8710,59307,59316,9,N
8646,59082,59320,238,E
8712,59309,59324,15,S
8501,58578,59328,750,W
8650,59094,59332,238,E
8716,59325,59336,11,N
8503,58588,59340,752,W
8718,59329,59344,15,S
8652,59106,59348,242,E
8506,58598,59352,754,W
8721,59343,59356,13,N
8656,59118,59360,242,E
8724,59349,59364,15,S
8509,58608,59368,760,W
8661,59130,59372,242,E
8727,59361,59376,15,N
8512,58618,59380,762,W
8729,59369,59384,15,S
8663,59142,59388,246,E
8732,59379,59392,13,N
8515,58628,59396,768,W
8667,59154,59400,246,E
8735,59389,59404,15,S
8518,58638,59408,770,W
8737,59397,59412,15,N
8670,59166,59416,250,E
8520,58648,59420,772,W
8741,59409,59424,15,S
8742,59415,59428,13,N
8673,59178,59432,254,E
8523,58658,59436,778,W
8746,59429,59440,11,S
8678,59190,59444,254,E
8748,59433,59448,15,N
8526,58668,59452,784,W
8681,59202,59456,254,E
8752,59449,59460,11,S
8753,59451,59464,13,N
8530,58678,59468,790,W
8684,59214,59472,258,E
8532,58688,59476,788,W
8758,59469,59480,11,S
8759,59469,59484,15,N
8687,59226,59488,262,E
8536,58698,59492,794,W
8762,59487,59496,9,N
8691,59238,59500,262,E
8764,59489,59504,15,S
8537,58708,59508,800,W
8695,59250,59512,262,E
8768,59505,59516,11,N
8541,58718,59520,802,W
8770,59509,59524,15,S
8698,59262,59528,266,E
8543,58728,59532,804,W
8773,59523,59536,13,N
8702,59274,59540,266,E
8776,59529,59544,15,S
8547,58738,59548,810,W
8704,59286,59552,266,E
8779,59541,59556,15,N
8549,58748,59560,812,W
8781,59549,59564,15,S
8708,59298,59568,270,E
8784,59559,59572,13,N
8553,58758,59576,818,W
8713,59310,59580,270,E
8787,59569,59584,15,S
8555,58768,59588,820,W
8789,59577,59592,15,N
8715,59322,59596,274,E
8558,58778,59600,822,W
8793,59589,59604,15,S
8794,59595,59608,13,N
8719,59334,59612,278,E
8561,58788,59616,828,W
8798,59609,59620,11,S
8722,59346,59624,278,E
8800,59613,59628,15,N
8564,58798,59632,834,W
8725,59358,59636,278,E
8804,59629,59640,11,S
8805,59631,59644,13,N
8567,58808,59648,840,W
8730,59370,59652,282,E
8570,58818,59656,838,W
8810,59649,59660,11,S
8811,59649,59664,15,N
8733,59382,59668,286,E
8572,58828,59672,844,W
8814,59667,59676,9,N
8736,59394,59680,286,E
8816,59669,59684,15,S
8575,58838,59688,850,W
8739,59406,59692,286,E
8820,59685,59696,11,N
8578,58848,59700,852,W
8822,59689,59704,15,S
8743,59418,59708,290,E
8582,58858,59712,854,W
8825,59703,59716,13,N
8747,59430,59720,290,E
8828,59709,59724,15,S
8584,58868,59728,860,W
8750,59442,59732,290,E
8831,59721,59736,15,N
8588,58878,59740,862,W
8833,59729,59744,15,S
8754,59454,59748,294,E
8836,59739,59752,13,N
8589,58888,59756,868,W
8756,59466,59760,294,E
8839,59749,59764,15,S
8593,58898,59768,870,W
8841,59757,59772,15,N
8760,59478,59776,298,E
8595,58908,59780,872,W
8845,59769,59784,15,S
8846,59775,59788,13,N
8765,59490,59792,302,E
8599,58918,59796,878,W
8850,59789,59800,11,S
8767,59502,59804,302,E
8852,59793,59808,15,N
8601,58928,59812,884,W
8771,59514,59816,302,E
8856,59809,59820,11,S
8857,59811,59824,13,N
8605,58938,59828,890,W
8774,59526,59832,306,E
8607,58948,59836,888,W
8862,59829,59840,11,S
8863,59829,59844,15,N
8777,59538,59848,310,E
8610,58958,59852,894,W
8866,59847,59856,9,N
8782,59550,59860,310,E
8868,59849,59864,15,S
8613,58968,59868,900,W
8785,59562,59872,310,E
8872,59865,59876,11,N
8616,58978,59880,902,W
8874,59869,59884,15,S
8788,59574,59888,314,E
8619,58988,59892,904,W
8877,59883,59896,13,N
8791,59586,59900,314,E
8880,59889,59904,15,S
8622,58998,59908,910,W
8795,59598,59912,314,E
8883,59901,59916,15,N
8624,59008,59920,912,W
8885,59909,59924,15,S
8799,59610,59928,318,E
8888,59919,59932,13,N
8627,59018,59936,918,W
8802,59622,59940,318,E
8891,59929,59944,15,S
8630,59028,59948,920,W
8893,59937,59952,15,N
8806,59634,59956,322,E
8634,59038,59960,922,W
8897,59949,59964,15,S
8898,59955,59968,13,N
8808,59646,59972,326,E
8636,59048,59976,928,W
8902,59969,59980,11,S
8812,59658,59984,326,E
8904,59973,59988,15,N
8640,59058,59992,934,W
8817,59670,59996,326,E
8908,59989,60000,11,S
8909,59991,60004,13,N
8641,59068,60008,940,W
8819,59682,60012,330,E
8645,59078,60016,938,W
8914,60009,60020,11,S
8915,60009,60024,15,N
8823,59694,60028,334,E
8647,59088,60032,944,W
8918,60027,60036,9,N
8826,59706,60040,334,E
8920,60029,60044,15,S
8651,59098,60048,950,W
8829,59718,60052,334,E
8924,60045,60056,11,N
8653,59108,60060,952,W
8926,60049,60064,15,S
8834,59730,60068,338,E
8657,59118,60072,954,W
8929,60063,60076,13,N
8837,59742,60080,338,E
8932,60069,60084,15,S
8659,59128,60088,960,W
8840,59754,60092,338,E
8935,60081,60096,15,N
8662,59138,60100,962,W
8937,60089,60104,15,S
8843,59766,60108,342,E
8940,60099,60112,13,N
8665,59148,60116,968,W
8847,59778,60120,342,E
8943,60109,60124,15,S
8668,59158,60128,970,W
8945,60117,60132,15,N
8851,59790,60136,346,E
8671,59168,60140,972,W
8949,60129,60144,15,S
8950,60135,60148,13,N
8854,59802,60152,350,E
8674,59178,60156,978,W
8954,60149,60160,11,S
8858,59814,60164,350,E
8956,60153,60168,15,N
8676,59188,60172,984,W
8860,59826,60176,350,E
8960,60169,60180,11,S
8961,60171,60184,13,N
8679,59198,60188,990,W
8864,59838,60192,354,E
8682,59208,60196,988,W
8966,60189,60200,11,S
8967,60189,60204,15,N
8869,59850,60208,358,E
8686,59218,60212,994,W
8970,60207,60216,9,N
8871,59862,60220,358,E
8972,60209,60224,15,S
8688,59228,60228,1000,W
8875,59874,60232,358,E
8976,60225,60236,11,N
8692,59238,60240,1002,W
8978,60229,60244,15,S
8878,59886,60248,362,E
8693,59248,60252,1004,W
8981,60243,60256,13,N
8881,59898,60260,362,E
8984,60249,60264,15,S
8697,59258,60268,1010,W
8886,59910,60272,362,E
8987,60261,60276,15,N
8699,59268,60280,1012,W
8989,60269,60284,15,S
8889,59922,60288,366,E
8992,60279,60292,13,N
8703,59278,60296,1018,W
8892,59934,60300,366,E
8995,60289,60304,15,S
8705,59288,60308,1020,W
8997,60297,60312,15,N
8895,59946,60316,370,E
8709,59298,60320,1022,W
9001,60309,60324,15,S
9002,60315,60328,13,N
8899,59958,60332,374,E
8711,59308,60336,1028,W
9006,60329,60340,11,S
8903,59970,60344,374,E
9008,60333,60348,15,N
8714,59318,60352,1034,W
8906,59982,60356,374,E
9012,60349,60360,11,S
9013,60351,60364,13,N
8717,59328,60368,1040,W
8910,59994,60372,378,E
8720,59338,60376,1038,W
9018,60369,60380,11,S
9019,60369,60384,15,N
8912,60006,60388,382,E
8723,59348,60392,1044,W
9022,60387,60396,9,N
8916,60018,60400,382,E
9024,60389,60404,15,S
8726,59358,60408,1050,W
8921,60030,60412,382,E
9028,60405,60416,11,N
8728,59368,60420,1052,W
9030,60409,60424,15,S
8923,60042,60428,386,E
8731,59378,60432,1054,W
9033,60423,60436,13,N
8927,60054,60440,386,E
9036,60429,60444,15,S
8734,59388,60448,1060,W
8930,60066,60452,386,E
9039,60441,60456,15,N
8738,59398,60460,1062,W
9041,60449,60464,15,S
8933,60078,60468,390,E
9044,60459,60472,13,N
8740,59408,60476,1068,W
8938,60090,60480,390,E
9047,60469,60484,15,S
8744,59418,60488,1070,W
9049,60477,60492,15,N
8941,60102,60496,394,E
8745,59428,60500,1072,W
9053,60489,60504,15,S
9054,60495,60508,13,N
8944,60114,60512,398,E
8749,59438,60516,1078,W
9058,60509,60520,11,S
8947,60126,60524,398,E
9060,60513,60528,15,N
8751,59448,60532,1084,W
8951,60138,60536,398,E
9064,60529,60540,11,S
9065,60531,60544,13,N
8755,59458,60548,1090,W
8955,60150,60552,402,E
8757,59468,60556,1088,W
9070,60549,60560,11,S
9071,60549,60564,15,N
8958,60162,60568,406,E
8761,59478,60572,1094,W
9074,60567,60576,9,N
8962,60174,60580,406,E
9076,60569,60584,15,S
8763,59488,60588,1100,W
8964,60186,60592,406,E
9080,60585,60596,11,N
8766,59498,60600,1102,W
9082,60589,60604,15,S
8968,60198,60608,410,E
8769,59508,60612,1104,W
9085,60603,60616,13,N
8973,60210,60620,410,E
9088,60609,60624,15,S
8772,59518,60628,1110,W
8975,60222,60632,410,E
9091,60621,60636,15,N
8775,59528,60640,1112,W
9093,60629,60644,15,S
8979,60234,60648,414,E
9096,60639,60652,13,N
8778,59538,60656,1118,W
8982,60246,60660,414,E
9099,60649,60664,15,S
8780,59548,60668,1120,W
9101,60657,60672,15,N
8985,60258,60676,418,E
8783,59558,60680,1122,W
9105,60669,60684,15,S
9106,60675,60688,13,N
8990,60270,60692,422,E
8786,59568,60696,1128,W
9110,60689,60700,11,S
8993,60282,60704,422,E
9112,60693,60708,15,N
8790,59578,60712,1134,W
8996,60294,60716,422,E
9116,60709,60720,11,S
9117,60711,60724,13,N
8792,59588,60728,1140,W
8999,60306,60732,426,E
8796,59598,60736,1138,W
9122,60729,60740,11,S
9123,60729,60744,15,N
9003,60318,60748,430,E
8797,59608,60752,1144,W
9126,60747,60756,9,N
9007,60330,60760,430,E
9128,60749,60764,15,S
8801,59618,60768,1150,W
9010,60342,60772,430,E
9132,60765,60776,11,N
8803,59628,60780,1152,W
9134,60769,60784,15,S
9014,60354,60788,434,E
8807,59638,60792,1154,W
9137,60783,60796,13,N
9016,60366,60800,434,E
9140,60789,60804,15,S
8809,59648,60808,1160,W
9020,60378,60812,434,E
9143,60801,60816,15,N
8813,59658,60820,1162,W
9145,60809,60824,15,S
9025,60390,60828,438,E
9148,60819,60832,13,N
8815,59668,60836,1168,W
9027,60402,60840,438,E
9151,60829,60844,15,S
8818,59678,60848,1170,W
9153,60837,60852,15,N
9031,60414,60856,442,E
8821,59688,60860,1172,W
9157,60849,60864,15,S
9158,60855,60868,13,N
9034,60426,60872,446,E
8824,59698,60876,1178,W
9162,60869,60880,11,S
9037,60438,60884,446,E
9164,60873,60888,15,N
8827,59708,60892,1184,W
9042,60450,60896,446,E
9168,60889,60900,11,S
9169,60891,60904,13,N
8830,59718,60908,1190,W
9045,60462,60912,450,E
8832,59728,60916,1188,W
9174,60909,60920,11,S
9175,60909,60924,15,N
9048,60474,60928,454,E
8835,59738,60932,1194,W
9178,60927,60936,9,N
9051,60486,60940,454,E
9180,60929,60944,15,S
8838,59748,60948,1200,W
9055,60498,60952,454,E
9184,60945,60956,11,N
8842,59758,60960,1202,W
9186,60949,60964,15,S
9059,60510,60968,458,E
8844,59768,60972,1204,W
9189,60963,60976,13,N
9062,60522,60980,458,E
9192,60969,60984,15,S
8848,59778,60988,1210,W
9066,60534,60992,458,E
9195,60981,60996,15,N
8849,59788,61000,1212,W
9197,60989,61004,15,S
9068,60546,61008,462,E
9200,60999,61012,13,N
8853,59798,61016,1218,W
9072,60558,61020,462,E
9203,61009,61024,15,S
8855,59808,61028,1220,W
9205,61017,61032,15,N
9077,60570,61036,466,E
8859,59818,61040,1222,W
9209,61029,61044,15,S
9210,61035,61048,13,N
9079,60582,61052,470,E
8861,59828,61056,1228,W
9214,61049,61060,11,S
9083,60594,61064,470,E
9216,61053,61068,15,N
8865,59838,61072,1234,W
9086,60606,61076,470,E
9220,61069,61080,11,S
9221,61071,61084,13,N
8867,59848,61088,1240,W
9089,60618,61092,474,E
8870,59858,61096,1238,W
9226,61089,61100,11,S
9227,61089,61104,15,N
9094,60630,61108,478,E
8873,59868,61112,1244,W
9230,61107,61116,9,N
9097,60642,61120,478,E
9232,61109,61124,15,S
8876,59878,61128,1250,W
9100,60654,61132,478,E
9236,61125,61136,11,N
8879,59888,61140,1252,W
9238,61129,61144,15,S
9103,60666,61148,482,E
8882,59898,61152,1254,W
9241,61143,61156,13,N
9107,60678,61160,482,E
9244,61149,61164,15,S
8884,59908,61168,1260,W
9111,60690,61172,482,E
9247,61161,61176,15,N
8887,59918,61180,1262,W
9249,61169,61184,15,S
9114,60702,61188,486,E
9252,61179,61192,13,N
8890,59928,61196,1268,W
9118,60714,61200,486,E
9255,61189,61204,15,S
8894,59938,61208,1270,W
9257,61197,61212,15,N
9120,60726,61216,490,E
8896,59948,61220,1272,W
9261,61209,61224,15,S
9262,61215,61228,13,N
9124,60738,61232,494,E
8900,59958,61236,1278,W
9266,61230,61240,10,S
9129,60750,61244,494,E
9268,61234,61248,14,N
8901,59968,61252,1284,W
9131,60762,61256,494,E
9272,61251,61260,9,S
8905,59978,61264,1286,W
9273,61253,61268,15,N
9135,60774,61272,498,E
8907,59988,61276,1288,W
9278,61272,61280,8,S
9279,61272,61284,12,N
9138,60786,61288,502,E
8911,59998,61292,1294,W
9141,60798,61296,498,E
9283,61291,61300,9,N
8913,60008,61304,1296,W
9284,61293,61308,15,S
9146,60810,61312,502,E
8917,60018,61316,1298,W
9288,61310,61320,10,N
9149,60822,61324,502,E
9290,61314,61328,14,S
8919,60028,61332,1304,W
9152,60834,61336,502,E
9294,61329,61340,11,N
8922,60038,61344,1306,W
9295,61335,61348,13,S
9155,60846,61352,506,E
8925,60048,61356,1308,W
9298,61348,61360,12,N
9159,60858,61364,506,E
9301,61356,61368,12,S
8928,60058,61372,1314,W
9163,60870,61376,506,E
9304,61367,61380,13,N
8931,60068,61384,1316,W
9166,60882,61388,506,E
9307,61377,61392,15,S
8934,60078,61396,1318,W
9309,61386,61400,14,N
9170,60894,61404,510,E
8936,60088,61408,1320,W
9312,61398,61412,14,S
9172,60906,61416,510,E
9315,61405,61420,15,N
8939,60098,61424,1326,W
9176,60918,61428,510,E
9319,61419,61432,13,S
9320,61424,61436,12,N
8942,60108,61440,1332,W
9181,60930,61444,514,E
9324,61440,61448,8,S
8946,60118,61452,1334,W
9326,61443,61456,13,N
9183,60942,61460,518,E
8948,60128,61464,1336,W
9187,60954,61468,514,E
9330,61461,61472,11,S
9331,61462,61476,14,N
8952,60138,61480,1342,W
9190,60966,61484,518,E
8953,60148,61488,1340,W
9336,61481,61492,11,N
9337,61482,61496,14,S
9193,60978,61500,522,E
8957,60158,61504,1346,W
9341,61500,61508,8,N
9198,60990,61512,522,E
9342,61503,61516,13,S
8959,60168,61520,1352,W
9201,61002,61524,522,E
9347,61519,61528,9,N
8963,60178,61532,1354,W
9348,61524,61536,12,S
9204,61014,61540,526,E
8965,60188,61544,1356,W
9351,61538,61548,10,N
9207,61026,61552,526,E
8969,60198,61556,1358,W
9354,61545,61560,15,S
9211,61038,61564,526,E
8971,60208,61568,1360,W
9356,61557,61572,15,N
9215,61050,61576,526,E
9359,61566,61580,14,S
8974,60218,61584,1366,W
9362,61576,61588,12,N
9218,61062,61592,530,E
8977,60228,61596,1368,W
9365,61587,61600,13,S
9222,61074,61604,530,E
9367,61595,61608,13,N
8980,60238,61612,1374,W
9224,61086,61616,530,E
9370,61608,61620,12,S
8983,60248,61624,1376,W
9373,61614,61628,14,N
9228,61098,61632,534,E
8986,60258,61636,1378,W
9377,61629,61640,11,S
9233,61110,61644,534,E
9378,61633,61648,15,N
8988,60268,61652,1384,W
9235,61122,61656,534,E
9383,61650,61660,10,S
9384,61652,61664,12,N
8991,60278,61668,1390,W
9239,61134,61672,538,E
8994,60288,61676,1388,W
9388,61671,61680,9,S
9389,61671,61684,13,N
9242,61146,61688,542,E
8998,60298,61692,1394,W
9245,61158,61696,538,E
9394,61690,61700,10,N
9395,61692,61704,12,S
9000,60308,61708,1400,W
9250,61170,61712,542,E
9004,60318,61716,1398,W
9399,61709,61720,11,N
9253,61182,61724,542,E
9400,61713,61728,15,S
9005,60328,61732,1404,W
9256,61194,61736,542,E
9404,61728,61740,12,N
9009,60338,61744,1406,W
9406,61734,61748,14,S
9259,61206,61752,546,E
9011,60348,61756,1408,W
9409,61747,61760,13,N
9264,61219,61764,545,E
9412,61755,61768,13,S
9015,60358,61772,1414,W
9267,61232,61776,544,E
9415,61766,61780,14,N
9017,60368,61784,1416,W
9417,61776,61788,12,S
9270,61245,61792,547,E
9021,60378,61796,1418,W
9420,61785,61800,15,N
9274,61258,61804,546,E
9023,60388,61808,1420,W
9423,61797,61812,15,S
9425,61804,61816,12,N
9277,61271,61820,549,E
9026,60398,61824,1426,W
9429,61818,61828,10,S
9281,61284,61832,548,E
9431,61823,61836,13,N
9029,60408,61840,1432,W
9285,61297,61844,547,E
9435,61839,61848,9,S
9032,60418,61852,1434,W
9436,61842,61856,14,N
9289,61310,61860,550,E
9035,60428,61864,1436,W
9441,61860,61868,8,S
9292,61323,61872,549,E
9442,61861,61876,15,N
9038,60438,61880,1442,W
9296,61336,61884,548,E
9446,61880,61888,8,N
9040,60448,61892,1444,W
9447,61881,61896,15,S
9300,61349,61900,551,E
9043,60458,61904,1446,W
9452,61899,61908,9,N
9303,61362,61912,550,E
9453,61902,61916,14,S
9046,60468,61920,1452,W
9306,61375,61924,549,E
9456,61918,61928,10,N
9050,60478,61932,1454,W
9459,61923,61936,13,S
9310,61388,61940,552,E
9052,60488,61944,1456,W
9462,61937,61948,11,N
9314,61401,61952,551,E
9464,61944,61956,12,S
9056,60498,61960,1462,W
9317,61414,61964,550,E
9467,61956,61968,12,N
9057,60508,61972,1464,W
9321,61427,61976,549,E
9470,61965,61980,15,S
9061,60518,61984,1466,W
9473,61975,61988,13,N
9325,61440,61992,552,E
9063,60528,61996,1468,W
9475,61986,62000,14,S
9328,61453,62004,551,E
9478,61994,62008,14,N
9067,60538,62012,1474,W
9332,61466,62016,550,E
9481,62007,62020,13,S
9069,60548,62024,1476,W
9484,62013,62028,15,N
9335,61479,62032,553,E
9073,60558,62036,1478,W
9487,62028,62040,12,S
9489,62032,62044,12,N
9339,61492,62048,556,E
9075,60568,62052,1484,W
9343,61505,62056,551,E
9493,62049,62060,11,S
9494,62051,62064,13,N
9078,60578,62068,1490,W
9345,61518,62072,554,E
9081,60588,62076,1488,W
9499,62070,62080,10,S
9500,62070,62084,14,N
9350,61531,62088,557,E
9084,60598,62092,1494,W
9353,61544,62096,552,E
9504,62089,62100,11,N
9506,62091,62104,13,S
9087,60608,62108,1500,W
9357,61557,62112,555,E
9509,62108,62116,8,N
9090,60618,62120,1502,W
9511,62112,62124,12,S
9361,61570,62128,558,E
9092,60628,62132,1504,W
9514,62127,62136,9,N
9364,61583,62140,557,E
9095,60638,62144,1506,W
9517,62133,62148,15,S
9368,61596,62152,556,E
9098,60648,62156,1508,W
9520,62146,62160,14,N
9372,61609,62164,555,E
9522,62154,62168,14,S
9102,60658,62172,1514,W
9375,61622,62176,554,E
9525,62165,62180,15,N
9104,60668,62184,1516,W
9528,62175,62188,13,S
9379,61635,62192,557,E
9531,62184,62196,12,N
9108,60678,62200,1522,W
9381,61648,62204,556,E
9534,62196,62208,12,S
9109,60688,62212,1524,W
9536,62203,62216,13,N
9386,61661,62220,559,E
9113,60698,62224,1526,W
9539,62217,62228,11,S
9390,61674,62232,558,E
9542,62222,62236,14,N
9115,60708,62240,1532,W
9392,61687,62244,557,E
9545,62238,62248,10,S
9119,60718,62252,1534,W
9547,62241,62256,15,N
9397,61700,62260,560,E
9121,60728,62264,1536,W
9551,62259,62268,9,S
9553,62260,62272,12,N
9401,61713,62276,563,E
9125,60738,62280,1542,W
9403,61726,62284,558,E
9557,62279,62288,9,N
9558,62280,62292,12,S
9127,60748,62296,1548,W
9408,61739,62300,561,E
9130,60758,62304,1546,W
9561,62298,62308,10,N
9411,61752,62312,560,E
9564,62301,62316,15,S
9133,60768,62320,1552,W
9414,61765,62324,559,E
9567,62317,62328,11,N
9136,60778,62332,1554,W
9569,62322,62336,14,S
9418,61778,62340,562,E
9139,60788,62344,1556,W
9572,62336,62348,12,N
9422,61791,62352,561,E
9575,62343,62356,13,S
9142,60798,62360,1562,W
9426,61804,62364,560,E
9578,62355,62368,13,N
9144,60808,62372,1564,W
9581,62364,62376,12,S
9428,61817,62380,563,E
9147,60818,62384,1566,W
9583,62374,62388,14,N
9433,61830,62392,562,E
9150,60828,62396,1568,W
9586,62385,62400,15,S
9437,61843,62404,561,E
9589,62393,62408,15,N
9154,60838,62412,1574,W
9439,61856,62416,560,E
9592,62406,62420,14,S
9594,62412,62424,12,N
9156,60848,62428,1580,W
9444,61869,62432,563,E
9597,62427,62436,9,S
9160,60858,62440,1582,W
9600,62431,62444,13,N
9448,61882,62448,566,E
9161,60868,62452,1584,W
9603,62448,62456,8,S
9450,61895,62460,565,E
9605,62450,62464,14,N
9165,60878,62468,1590,W
9454,61908,62472,564,E
9167,60888,62476,1588,W
9610,62469,62480,11,S
9611,62469,62484,15,N
9458,61921,62488,567,E
9171,60898,62492,1594,W
9614,62488,62496,8,N
9461,61934,62500,566,E
9616,62490,62504,14,S
9173,60908,62508,1600,W
9465,61947,62512,565,E
9620,62507,62516,9,N
9177,60918,62520,1602,W
9622,62511,62524,13,S
9469,61960,62528,568,E
9179,60928,62532,1604,W
9625,62526,62536,10,N
9472,61973,62540,567,E
9627,62532,62544,12,S
9182,60938,62548,1610,W
9476,61986,62552,566,E
9630,62545,62556,11,N
9185,60948,62560,1612,W
9480,61999,62564,565,E
9633,62553,62568,15,S
9188,60958,62572,1614,W
9636,62564,62576,12,N
9483,62012,62580,568,E
9191,60968,62584,1616,W
9639,62574,62588,14,S
9486,62025,62592,567,E
9641,62583,62596,13,N
9194,60978,62600,1622,W
9490,62038,62604,566,E
9644,62595,62608,13,S
9196,60988,62612,1624,W
9647,62602,62616,14,N
9495,62051,62620,569,E
9199,60998,62624,1626,W
9650,62616,62628,12,S
9497,62064,62632,568,E
9652,62621,62636,15,N
9202,61008,62640,1632,W
9501,62077,62644,567,E
9656,62637,62648,11,S
9658,62640,62652,12,N
9206,61018,62656,1638,W
9505,62090,62660,570,E
9208,61028,62664,1636,W
9661,62658,62668,10,S
9663,62659,62672,13,N
9508,62103,62676,573,E
9212,61038,62680,1642,W
9512,62116,62684,568,E
9667,62678,62688,10,N
9669,62679,62692,13,S
9213,61048,62696,1648,W
9516,62129,62700,571,E
9217,61058,62704,1646,W
9672,62697,62708,11,N
9674,62700,62712,12,S
9519,62142,62716,574,E
9219,61068,62720,1652,W
9678,62716,62724,8,N
9523,62155,62728,573,E
9223,61078,62732,1654,W
9680,62721,62736,15,S
9526,62168,62740,572,E
9225,61088,62744,1656,W
9683,62735,62748,13,N
9530,62181,62752,571,E
9686,62742,62756,14,S
9229,61098,62760,1662,W
9533,62194,62764,570,E
9689,62754,62768,14,N
9231,61108,62772,1664,W
9691,62763,62776,13,S
9537,62207,62780,573,E
9234,61118,62784,1666,W
9694,62773,62788,15,N
9541,62220,62792,572,E
9697,62784,62796,12,S
9237,61128,62800,1672,W
9699,62792,62804,12,N
9544,62233,62808,575,E
9240,61138,62812,1674,W
9702,62805,62816,11,S
9548,62246,62820,574,E
9705,62811,62824,13,N
9243,61148,62828,1680,W
9552,62259,62832,573,E
9708,62826,62836,10,S
9246,61158,62840,1682,W
9710,62830,62844,14,N
9555,62272,62848,576,E
9248,61168,62852,1684,W
9714,62847,62856,9,S
9559,62285,62860,575,E
9716,62849,62864,15,N
9251,61178,62868,1690,W
9562,62298,62872,574,E
9719,62868,62876,8,S
9720,62868,62880,12,N
9254,61188,62884,1696,W
9566,62311,62888,577,E
9258,61198,62892,1694,W
9725,62887,62896,9,N
9570,62324,62900,576,E
9727,62889,62904,15,S
9260,61208,62908,1700,W
9573,62337,62912,575,E
9730,62906,62916,10,N
9263,61218,62920,1702,W
9733,62910,62924,14,S
9577,62350,62928,578,E
9265,61228,62932,1704,W
9736,62925,62936,11,N
9580,62363,62940,577,E
9738,62931,62944,13,S
9269,61238,62948,1710,W
9584,62376,62952,576,E
9741,62944,62956,12,N
9271,61248,62960,1712,W
9744,62952,62964,12,S
9588,62389,62968,579,E
9275,61258,62972,1714,W
9747,62963,62976,13,N
9591,62402,62980,578,E
9276,61268,62984,1716,W
9749,62973,62988,15,S
9595,62415,62992,577,E
9752,62982,62996,14,N
9280,61278,63000,1722,W
9598,62428,63004,576,E
9755,62994,63008,14,S
9282,61288,63012,1724,W
9758,63001,63016,15,N
9602,62441,63020,579,E
9286,61298,63024,1726,W
9761,63015,63028,13,S
9763,63020,63032,12,N
9606,62454,63036,582,E
9287,61308,63040,1732,W
9766,63036,63044,8,S
9608,62467,63048,581,E
9768,63039,63052,13,N
9291,61318,63056,1738,W
9613,62480,63060,580,E
9293,61328,63064,1736,W
9772,63057,63068,11,S
9773,63058,63072,14,N
9617,62493,63076,583,E
9297,61338,63080,1742,W
9619,62506,63084,578,E
9777,63077,63088,11,N
9778,63078,63092,14,S
9299,61348,63096,1748,W
9624,62519,63100,581,E
9783,63096,63104,8,N
9302,61358,63108,1750,W
9785,63099,63112,13,S
9628,62532,63116,584,E
9305,61368,63120,1752,W
9788,63115,63124,9,N
9631,62545,63128,583,E
9791,63120,63132,12,S
9308,61378,63136,1758,W
9634,62558,63140,582,E
9794,63134,63144,10,N
9311,61388,63148,1760,W
9638,62571,63152,581,E
9796,63141,63156,15,S
9313,61398,63160,1762,W
9642,62584,63164,580,E
9799,63153,63168,15,N
9316,61408,63172,1764,W
9802,63162,63176,14,S
9645,62597,63180,583,E
9805,63172,63184,12,N
9318,61418,63188,1770,W
9649,62610,63192,582,E
9808,63183,63196,13,S
9322,61428,63200,1772,W
9810,63191,63204,13,N
9653,62623,63208,585,E
9323,61438,63212,1774,W
9813,63204,63216,12,S
9655,62636,63220,584,E
9816,63210,63224,14,N
9327,61448,63228,1780,W
9660,62649,63232,583,E
9819,63225,63236,11,S
9329,61458,63240,1782,W
9821,63229,63244,15,N
9664,62662,63248,586,E
9333,61468,63252,1784,W
9824,63246,63256,10,S
9826,63248,63260,12,N
9666,62675,63264,589,E
9334,61478,63268,1790,W
9670,62688,63272,584,E
9830,63267,63276,9,S
9831,63267,63280,13,N
9338,61488,63284,1796,W
9675,62701,63288,587,E
9340,61498,63292,1794,W
9835,63286,63296,10,N
9837,63288,63300,12,S
9677,62714,63304,590,E
9344,61508,63308,1800,W
9681,62727,63312,585,E
9841,63305,63316,11,N
9346,61518,63320,1802,W
9843,63309,63324,15,S
9685,62740,63328,588,E
9349,61528,63332,1804,W
9846,63324,63336,12,N
9688,62753,63340,587,E
9849,63330,63344,14,S
9352,61538,63348,1810,W
9692,62766,63352,586,E
9852,63343,63356,13,N
9355,61548,63360,1812,W
9854,63351,63364,13,S
9696,62779,63368,589,E
9358,61558,63372,1814,W
9857,63362,63376,14,N
9700,62792,63380,588,E
9860,63372,63384,12,S
9360,61568,63388,1820,W
9703,62805,63392,587,E
9863,63381,63396,15,N
9363,61578,63400,1822,W
9706,62818,63404,586,E
9866,63393,63408,15,S
9868,63400,63412,12,N
9366,61588,63416,1828,W
9711,62831,63420,589,E
9871,63414,63424,10,S
9369,61598,63428,1830,W
9874,63419,63432,13,N
9713,62844,63436,592,E
9371,61608,63440,1832,W
9877,63435,63444,9,S
9717,62857,63448,591,E
9878,63438,63452,14,N
9374,61618,63456,1838,W
9722,62870,63460,590,E
9883,63456,63464,8,S
9376,61628,63468,1840,W
9884,63457,63472,15,N
9724,62883,63476,593,E
9380,61638,63480,1842,W
9888,63476,63484,8,N
9728,62896,63488,592,E
9889,63477,63492,15,S
9382,61648,63496,1848,W
9732,62909,63500,591,E
9894,63495,63504,9,N
9385,61658,63508,1850,W
9895,63498,63512,14,S
9735,62922,63516,594,E
9387,61668,63520,1852,W
9899,63514,63524,10,N
9739,62935,63528,593,E
9901,63519,63532,13,S
9391,61678,63536,1858,W
9742,62948,63540,592,E
9904,63533,63544,11,N
9393,61688,63548,1860,W
9907,63540,63552,12,S
9746,62961,63556,595,E
9396,61698,63560,1862,W
9910,63552,63564,12,N
9750,62974,63568,594,E
9398,61708,63572,1864,W
9913,63561,63576,15,S
9753,62987,63580,593,E
9915,63571,63584,13,N
9402,61718,63588,1870,W
9757,63000,63592,592,E
9918,63582,63596,14,S
9405,61728,63600,1872,W
9921,63590,63604,14,N
9760,63013,63608,595,E
9407,61738,63612,1874,W
9924,63603,63616,13,S
9764,63026,63620,594,E
9926,63609,63624,15,N
9410,61748,63628,1880,W
9769,63039,63632,593,E
9929,63624,63636,12,S
9931,63628,63640,12,N
9413,61758,63644,1886,W
9771,63052,63648,596,E
9416,61768,63652,1884,W
9935,63645,63656,11,S
9936,63647,63660,13,N
9775,63065,63664,599,E
9419,61778,63668,1890,W
9779,63078,63672,594,E
9941,63666,63676,10,S
9942,63666,63680,14,N
9421,61788,63684,1896,W
9782,63091,63688,597,E
9424,61798,63692,1894,W
9946,63685,63696,11,N
9947,63687,63700,13,S
9786,63104,63704,600,E
9427,61808,63708,1900,W
9952,63704,63712,8,N
9789,63117,63716,599,E
9953,63708,63720,12,S
9430,61818,63724,1906,W
9793,63130,63728,598,E
9957,63723,63732,9,N
9432,61828,63736,1908,W
9797,63143,63740,597,E
9960,63729,63744,15,S
9434,61838,63748,1910,W
9800,63156,63752,596,E
9963,63742,63756,14,N
9438,61848,63760,1912,W
9965,63750,63764,14,S
9804,63169,63768,599,E
9440,61858,63772,1914,W
9968,63761,63776,15,N
9807,63182,63780,598,E
9971,63771,63784,13,S
9443,61868,63788,1920,W
9973,63780,63792,12,N
9811,63195,63796,601,E
9445,61878,63800,1922,W
9976,63792,63804,12,S
9814,63208,63808,600,E
9979,63799,63812,13,N
9449,61888,63816,1928,W
9818,63221,63820,599,E
9982,63813,63824,11,S
9451,61898,63828,1930,W
9983,63818,63832,14,N
9822,63234,63836,602,E
9455,61908,63840,1932,W
9988,63834,63844,10,S
9825,63247,63848,601,E
9989,63837,63852,15,N
9457,61918,63856,1938,W
9829,63260,63860,600,E
9993,63855,63864,9,S
9994,63856,63868,12,N
9460,61928,63872,1944,W
9833,63273,63876,603,E
9463,61938,63880,1942,W
9999,63875,63884,9,N
10000,63876,63888,12,S
9836,63286,63892,606,E
9466,61948,63896,1948,W
9840,63299,63900,601,E
10004,63894,63904,10,N
9468,61958,63908,1950,W
10005,63897,63912,15,S
9844,63312,63916,604,E
9471,61968,63920,1952,W
10010,63913,63924,11,N
9847,63325,63928,603,E
10011,63918,63932,14,S
9474,61978,63936,1958,W
9850,63338,63940,602,E
10015,63932,63944,12,N
9477,61988,63948,1960,W
10018,63939,63952,13,S
9855,63351,63956,605,E
9479,61998,63960,1962,W
10021,63951,63964,13,N
9858,63364,63968,604,E
10023,63960,63972,12,S
9482,62008,63976,1968,W
9861,63377,63980,603,E
10026,63970,63984,14,N
9485,62018,63988,1970,W
9865,63390,63992,602,E
10029,63981,63996,15,S
9488,62028,64000,1972,W
10032,63989,64004,15,N
9869,63403,64008,605,E
9491,62038,64012,1974,W
10035,64002,64016,14,S
10036,64008,64020,12,N
9872,63416,64024,608,E
9492,62048,64028,1980,W
10040,64023,64032,9,S
9876,63429,64036,607,E
10041,64027,64040,13,N
9496,62058,64044,1986,W
9880,63442,64048,606,E
10046,64044,64052,8,S
9498,62068,64056,1988,W
10047,64046,64060,14,N
9882,63455,64064,609,E
9502,62078,64068,1990,W
9886,63468,64072,604,E
10051,64065,64076,11,S
10052,64065,64080,15,N
9503,62088,64084,1996,W
9891,63481,64088,607,E
10057,64084,64092,8,N
9507,62098,64096,1998,W
10058,64086,64100,14,S
9893,63494,64104,610,E
9510,62108,64108,2000,W
10062,64103,64112,9,N
9897,63507,64116,609,E
10064,64107,64120,13,S
9513,62118,64124,2006,W
9902,63520,64128,608,E
10068,64122,64132,10,N
9515,62128,64136,2008,W
10069,64128,64140,12,S
9905,63533,64144,611,E
9518,62138,64148,2010,W
10073,64141,64152,11,N
9908,63546,64156,610,E
9521,62148,64160,2012,W
10076,64149,64164,15,S
9912,63559,64168,609,E
10079,64160,64172,12,N
9524,62158,64176,2018,W
9916,63572,64180,608,E
10081,64170,64184,14,S
9527,62168,64188,2020,W
10084,64179,64192,13,N
9919,63585,64196,611,E
9529,62178,64200,2022,W
10087,64191,64204,13,S
9922,63598,64208,610,E
10089,64198,64212,14,N
9532,62188,64216,2028,W
9927,63611,64220,609,E
10093,64212,64224,12,S
9535,62198,64228,2030,W
10094,64217,64232,15,N
9930,63624,64236,612,E
9538,62208,64240,2032,W
10098,64233,64244,11,S
10100,64236,64248,12,N
9933,63637,64252,615,E
9540,62218,64256,2038,W
9938,63650,64260,610,E
10104,64254,64264,10,S
10105,64255,64268,13,N
9543,62228,64272,2044,W
9940,63663,64276,613,E
9546,62238,64280,2042,W
10109,64274,64284,10,N
10111,64275,64288,13,S
9944,63676,64292,616,E
9549,62248,64296,2048,W
9949,63689,64300,611,E
10115,64293,64304,11,N
10116,64296,64308,12,S
9550,62258,64312,2054,W
9951,63702,64316,614,E
10120,64312,64320,8,N
9554,62268,64324,2056,W
9955,63715,64328,613,E
10122,64317,64332,15,S
9556,62278,64336,2058,W
9958,63728,64340,612,E
10126,64331,64344,13,N
9560,62288,64348,2060,W
10127,64338,64352,14,S
9962,63741,64356,615,E
9563,62298,64360,2062,W
10131,64350,64364,14,N
9966,63754,64368,614,E
10134,64359,64372,13,S
9565,62308,64376,2068,W
9969,63767,64380,613,E
10137,64369,64384,15,N
9568,62318,64388,2070,W
10140,64380,64392,12,S
9974,63780,64396,616,E
10141,64388,64400,12,N
9571,62328,64404,2076,W
9977,63793,64408,615,E
10145,64401,64412,11,S
9574,62338,64416,2078,W
10147,64407,64420,13,N
9980,63806,64424,618,E
9576,62348,64428,2080,W
10151,64422,64432,10,S
9985,63819,64436,617,E
10152,64426,64440,14,N
9579,62358,64444,2086,W
9987,63832,64448,616,E
10156,64443,64452,9,S
9582,62368,64456,2088,W
10158,64445,64460,15,N
9991,63845,64464,619,E
9585,62378,64468,2090,W
10162,64464,64472,8,S
10163,64464,64476,12,N
9995,63858,64480,622,E
9587,62388,64484,2096,W
9998,63871,64488,617,E
10168,64483,64492,9,N
9590,62398,64496,2098,W
10169,64485,64500,15,S
10002,63884,64504,620,E
9593,62408,64508,2100,W
10173,64502,64512,10,N
10006,63897,64516,619,E
10174,64506,64520,14,S
9596,62418,64524,2106,W
10009,63910,64528,618,E
10178,64521,64532,11,N
9599,62428,64536,2108,W
10180,64527,64540,13,S
10013,63923,64544,621,E
9601,62438,64548,2110,W
10184,64540,64552,12,N
10016,63936,64556,620,E
10186,64548,64560,12,S
9604,62448,64564,2116,W
10020,63949,64568,619,E
10189,64559,64572,13,N
9607,62458,64576,2118,W
10024,63962,64580,618,E
10192,64569,64584,15,S
9609,62468,64588,2120,W
10194,64578,64592,14,N
10027,63975,64596,621,E
9612,62478,64600,2122,W
10198,64590,64604,14,S
10030,63988,64608,620,E
10199,64597,64612,15,N
9615,62488,64616,2128,W
10034,64001,64620,619,E
10203,64611,64624,13,S
10205,64616,64628,12,N
9618,62498,64632,2134,W
10038,64014,64636,622,E
10209,64632,64640,8,S
9621,62508,64644,2136,W
10210,64635,64648,13,N
10042,64027,64652,625,E
9623,62518,64656,2138,W
10045,64040,64660,620,E
10215,64653,64664,11,S
10216,64654,64668,14,N
9626,62528,64672,2144,W
10049,64053,64676,623,E
9629,62538,64680,2142,W
10220,64673,64684,11,N
10221,64674,64688,14,S
10053,64066,64692,626,E
9632,62548,64696,2148,W
10226,64692,64700,8,N
10056,64079,64704,625,E
10227,64695,64708,13,S
9635,62558,64712,2154,W
10060,64092,64716,624,E
10231,64711,64720,9,N
9637,62568,64724,2156,W
10232,64716,64728,12,S
10063,64105,64732,627,E
9640,62578,64736,2158,W
10237,64730,64740,10,N
10066,64118,64744,626,E
9643,62588,64748,2160,W
10238,64737,64752,15,S
10071,64131,64756,625,E
9646,62598,64760,2162,W
10242,64749,64764,15,N
10074,64144,64768,624,E
10244,64758,64772,14,S
9648,62608,64776,2168,W
10246,64768,64780,12,N
10077,64157,64784,627,E
9651,62618,64788,2170,W
10250,64779,64792,13,S
10082,64170,64796,626,E
10252,64787,64800,13,N
9654,62628,64804,2176,W
10085,64183,64808,625,E
10256,64800,64812,12,S
9657,62638,64816,2178,W
10257,64806,64820,14,N
10088,64196,64824,628,E
9659,62648,64828,2180,W
10092,64209,64832,623,E
10262,64828,64836,8,S
9662,62658,64840,2182,W
10263,64832,64844,12,N
10096,64222,64848,626,E
9665,62668,64852,2184,W
10099,64235,64856,621,E
9668,62678,64860,2182,W
10267,64856,64864,8,S
10102,64248,64868,620,E
10268,64858,64872,14,N
9671,62688,64876,2188,W
10107,64261,64880,619,E
9673,62698,64884,2186,W
10110,64274,64888,614,E
10273,64884,64892,8,S
10274,64884,64896,12,N
9676,62708,64900,2192,W
10113,64287,64904,617,E
9679,62718,64908,2190,W
10118,64300,64912,612,E
9682,62728,64916,2188,W
10279,64910,64920,10,N
10280,64912,64924,12,S
10121,64313,64928,615,E
9684,62738,64932,2194,W
10124,64326,64936,610,E
9687,62748,64940,2192,W
10284,64936,64944,8,N
10129,64339,64948,609,E
10285,64940,64952,12,S
9690,62758,64956,2198,W
10132,64352,64960,608,E
9693,62768,64964,2196,W
10135,64365,64968,603,E
10289,64962,64972,10,N
9695,62778,64976,2198,W
10291,64968,64980,12,S
10138,64378,64984,606,E
9698,62788,64988,2200,W
10143,64391,64992,601,E
10294,64988,64996,8,N
9701,62798,65000,2202,W
10146,64404,65004,600,E
10297,64996,65008,12,S
9704,62808,65012,2204,W
10149,64417,65016,599,E
9707,62818,65020,2202,W
10300,65014,65024,10,N
10154,64430,65028,598,E
9709,62828,65032,2204,W
10302,65024,65036,12,S
10157,64443,65040,597,E
9712,62838,65044,2206,W
10305,65040,65048,8,N
10160,64456,65052,596,E
9715,62848,65056,2208,W
10308,65052,65060,8,S
10165,64469,65064,595,E
9718,62858,65068,2210,W
10167,64482,65072,590,E
10311,65066,65076,10,N
9721,62868,65080,2212,W
10171,64495,65084,589,E
10314,65080,65088,8,S
9723,62878,65092,2214,W
10175,64508,65096,588,E
10316,65092,65100,8,N
9726,62888,65104,2216,W
10179,64521,65108,587,E
9729,62898,65112,2214,W
10319,65108,65116,8,S
10182,64534,65120,586,E
9731,62908,65124,2216,W
10322,65118,65128,10,N
10185,64547,65132,585,E
9734,62918,65136,2218,W
10190,64560,65140,580,E
10325,65136,65144,8,S
9737,62928,65148,2220,W
10193,64573,65152,579,E
10326,65144,65156,12,N
9740,62938,65160,2222,W
10196,64586,65164,578,E
9743,62948,65168,2220,W
10330,65164,65172,8,S
10201,64599,65176,577,E
9745,62958,65180,2222,W
10332,65170,65184,14,N
10204,64612,65188,576,E
9748,62968,65192,2224,W
10207,64625,65196,571,E
10336,65192,65200,8,S
9751,62978,65204,2226,W
10337,65196,65208,12,N
10211,64638,65212,574,E
9754,62988,65216,2228,W
10214,64651,65220,569,E
9756,62998,65224,2226,W
10342,65220,65228,8,S
10218,64664,65232,568,E
10343,65222,65236,14,N
9759,63008,65240,2232,W
10222,64677,65244,567,E
9762,63018,65248,2230,W
10225,64690,65252,562,E
10347,65248,65256,8,S
10348,65248,65260,12,N
9765,63028,65264,2236,W
10229,64703,65268,565,E
9767,63038,65272,2234,W
10233,64716,65276,560,E
9770,63048,65280,2232,W
10353,65274,65284,10,N
10354,65276,65288,12,S
10236,64729,65292,563,E
9774,63058,65296,2238,W
10240,64742,65300,558,E
9776,63068,65304,2236,W
10358,65300,65308,8,N
10243,64755,65312,557,E
10360,65304,65316,12,S
9780,63078,65320,2242,W
10247,64768,65324,556,E
9781,63088,65328,2240,W
10251,64781,65332,551,E
10363,65326,65336,10,N
9784,63098,65340,2242,W
10365,65332,65344,12,S
10254,64794,65348,554,E
9787,63108,65352,2244,W
10258,64807,65356,549,E
10369,65352,65360,8,N
9790,63118,65364,2246,W
10261,64824,65368,544,E
10371,65360,65372,12,S
9792,63128,65376,2248,W
10265,64841,65380,539,E
9795,63138,65384,2246,W
10374,65378,65388,10,N
10269,64858,65392,534,E
9798,63148,65396,2248,W
10377,65388,65400,12,S
10271,64875,65404,529,E
9801,63158,65408,2250,W
10380,65404,65412,8,N
10275,64892,65416,524,E
9803,63168,65420,2252,W
10382,65416,65424,8,S
10278,64909,65428,519,E
9806,63178,65432,2254,W
10282,64926,65436,510,E
10385,65430,65440,10,N
9809,63188,65444,2256,W
10286,64943,65448,505,E
10388,65444,65452,8,S
9812,63198,65456,2258,W
10288,64960,65460,500,E
10391,65456,65464,8,N
9815,63208,65468,2260,W
10293,64977,65472,495,E
9817,63218,65476,2258,W
10394,65472,65480,8,S
10296,64994,65484,490,E
9820,63228,65488,2260,W
10396,65482,65492,10,N
10299,65011,65496,485,E
9823,63238,65500,2262,W
10303,65028,65504,476,E
10399,65500,65508,8,S
9827,63248,65512,2264,W
10306,65045,65516,471,E
10401,65508,65520,12,N
9828,63258,65524,2266,W
10310,65062,65528,466,E
9832,63268,65532,2264,W
10405,65528,65536,8,S
10313,65079,65540,461,E
9834,63278,65544,2266,W
10406,65534,65548,14,N
10317,65096,65552,456,E
9838,63288,65556,2268,W
10320,65113,65560,447,E
10411,65556,65564,8,S
9839,63298,65568,2270,W
10412,65560,65572,12,N
10323,65130,65576,446,E
9842,63308,65580,2272,W
10328,65147,65584,437,E
9845,63318,65588,2270,W
10416,65584,65592,8,S
10331,65164,65596,432,E
10417,65586,65600,14,N
9848,63328,65604,2276,W
10334,65181,65608,427,E
9851,63338,65612,2274,W
10338,65198,65616,418,E
10422,65612,65620,8,S
10423,65612,65624,12,N
9853,63348,65628,2280,W
10341,65215,65632,417,E
9856,63358,65636,2278,W
10345,65232,65640,408,E
9859,63368,65644,2276,W
10427,65638,65648,10,N
10428,65640,65652,12,S
10349,65249,65656,407,E
9862,63378,65660,2282,W
10351,65266,65664,398,E
9864,63388,65668,2280,W
10433,65664,65672,8,N
10355,65283,65676,393,E
10434,65668,65680,12,S
9867,63398,65684,2286,W
10359,65300,65688,388,E
9870,63408,65692,2284,W
10362,65317,65696,379,E
10437,65690,65700,10,N
9873,63418,65704,2286,W
10440,65696,65708,12,S
10366,65334,65712,378,E
9875,63428,65716,2288,W
10368,65351,65720,369,E
10443,65716,65724,8,N
9879,63438,65728,2290,W
10372,65368,65732,364,E
10445,65724,65736,12,S
9881,63448,65740,2292,W
10376,65385,65744,359,E
9885,63458,65748,2290,W
10448,65742,65752,10,N
10379,65402,65756,354,E
9887,63468,65760,2292,W
10451,65752,65764,12,S
10383,65419,65768,349,E
9890,63478,65772,2294,W
10454,65768,65776,8,N
10386,65436,65780,344,E
9892,63488,65784,2296,W
10457,65780,65788,8,S
10390,65453,65792,339,E
9896,63498,65796,2298,W
10393,65470,65800,330,E
10460,65794,65804,10,N
9898,63508,65808,2300,W
10397,65487,65812,325,E
10462,65808,65816,8,S
9900,63518,65820,2302,W
10400,65504,65824,320,E
10465,65820,65828,8,N
9903,63528,65832,2304,W
10403,65521,65836,315,E
9906,63538,65840,2302,W
10468,65836,65844,8,S
10408,65538,65848,310,E
9909,63548,65852,2304,W
10471,65846,65856,10,N
10410,65555,65860,305,E
9911,63558,65864,2306,W
10414,65572,65868,296,E
10474,65864,65872,8,S
9914,63568,65876,2308,W
10418,65589,65880,291,E
10475,65872,65884,12,N
9917,63578,65888,2310,W
10420,65606,65892,286,E
9920,63588,65896,2308,W
10479,65892,65900,8,S
10425,65623,65904,281,E
9923,63598,65908,2310,W
10481,65898,65912,14,N
10429,65640,65916,276,E
9925,63608,65920,2312,W
10431,65657,65924,267,E
10485,65920,65928,8,S
9928,63618,65932,2314,W
10486,65924,65936,12,N
10435,65674,65940,266,E
9932,63628,65944,2316,W
10439,65691,65948,257,E
9934,63638,65952,2314,W
10491,65948,65956,8,S
10442,65708,65960,252,E
10492,65950,65964,14,N
9937,63648,65968,2320,W
10446,65725,65972,247,E
9939,63658,65976,2318,W
10449,65742,65980,238,E
10496,65976,65984,8,S
10497,65976,65988,12,N
9943,63668,65992,2324,W
10452,65759,65996,237,E
9945,63678,66000,2322,W
10456,65776,66004,228,E
9948,63688,66008,2320,W
10502,66002,66012,10,N
10503,66004,66016,12,S
10459,65793,66020,227,E
9950,63698,66024,2326,W
10463,65810,66028,218,E
9954,63708,66032,2324,W
10507,66028,66036,8,N
10466,65827,66040,213,E
10509,66032,66044,12,S
9956,63718,66048,2330,W
10469,65844,66052,208,E
9959,63728,66056,2328,W
10473,65861,66060,199,E
10512,66054,66064,10,N
9961,63738,66068,2330,W
10514,66060,66072,12,S
10477,65878,66076,198,E
9964,63748,66080,2332,W
10480,65895,66084,189,E
10517,66080,66088,8,N
9967,63758,66092,2334,W
10483,65912,66096,184,E
10520,66088,66100,12,S
9970,63768,66104,2336,W
10488,65929,66108,179,E
9972,63778,66112,2334,W
10523,66106,66116,10,N
10490,65946,66120,174,E
9975,63788,66124,2336,W
10525,66116,66128,12,S
10494,65963,66132,169,E
9978,63798,66136,2338,W
10528,66132,66140,8,N
10498,65980,66144,164,E
9981,63808,66148,2340,W
10531,66144,66152,8,S
10500,65997,66156,159,E
9984,63818,66160,2342,W
10505,66014,66164,150,E
10534,66158,66168,10,N
9986,63828,66172,2344,W
10508,66031,66176,145,E
10537,66172,66180,8,S
9990,63838,66184,2346,W
10511,66048,66188,140,E
10539,66184,66192,8,N
9992,63848,66196,2348,W
10515,66065,66200,135,E
9996,63858,66204,2346,W
10542,66200,66208,8,S
10518,66082,66212,130,E
9997,63868,66216,2348,W
10545,66210,66220,10,N
10522,66099,66224,125,E
10001,63878,66228,2350,W
10526,66116,66232,116,E
10548,66228,66236,8,S
10003,63888,66240,2352,W
10529,66133,66244,111,E
10550,66236,66248,12,N
10007,63898,66252,2354,W
10532,66150,66256,106,E
10008,63908,66260,2352,W
10554,66256,66264,8,S
10536,66167,66268,101,E
10012,63918,66272,2354,W
10555,66262,66276,14,N
10540,66184,66280,96,E
10014,63928,66284,2356,W
10543,66201,66288,87,E
10559,66284,66292,8,S
10017,63938,66296,2358,W
10561,66288,66300,12,N
10546,66218,66304,86,E
10019,63948,66308,2360,W
10549,66235,66312,77,E
10022,63958,66316,2358,W
10565,66312,66320,8,S
10553,66252,66324,72,E
10566,66314,66328,14,N
10025,63968,66332,2364,W
10557,66269,66336,67,E
10028,63978,66340,2362,W
10560,66286,66344,58,E
10571,66340,66348,8,S
10572,66340,66352,12,N
10031,63988,66356,2368,W
10563,66303,66360,57,E
10033,63998,66364,2366,W
10567,66320,66368,48,E
10037,64008,66372,2364,W
10576,66366,66376,10,N
10577,66368,66380,12,S
10570,66337,66384,47,E
10039,64018,66388,2370,W
10574,66354,66392,38,E
10043,64028,66396,2368,W
10582,66392,66400,8,N
10578,66371,66404,33,E
10583,66396,66408,12,S
10044,64038,66412,2374,W
10580,66388,66416,28,E
10048,64048,66420,2372,W
10585,66405,66424,19,E
10586,66418,66428,10,N
10050,64058,66432,2374,W
10589,66424,66436,12,S
10588,66422,66440,18,E
10054,64068,66444,2376,W
10591,66439,66448,9,E
10592,66444,66452,8,N
10055,64078,66456,2378,W
10594,66452,66460,8,S
10595,66456,66464,8,E
10059,64088,66468,2380,W
10061,64098,66472,2374,W
10597,66470,66476,6,N
10065,64108,66480,2372,W
10598,66473,66484,11,E
10600,66480,66488,8,S
10067,64118,66492,2374,W
10602,66490,66496,6,E
10070,64128,66500,2372,W
10603,66496,66504,8,N
10072,64138,66508,2370,W
10605,66507,66512,5,E
10606,66508,66516,8,S
10075,64148,66520,2372,W
10078,64158,66524,2366,W
10608,66522,66528,6,N
10609,66524,66532,8,E
10080,64168,66536,2368,W
10611,66536,66540,4,S
10083,64178,66544,2366,W
10612,66541,66548,7,E
10086,64188,66552,2364,W
10614,66548,66556,8,N
10090,64198,66560,2362,W
10615,66558,66564,6,E
10091,64208,66568,2360,W
10617,66564,66572,8,S
10095,64218,66576,2358,W
10619,66574,66580,6,N
10620,66575,66584,9,E
10097,64228,66588,2360,W
10101,64238,66592,2354,W
10622,66592,66596,4,S
10623,66592,66600,8,E
10103,64248,66604,2356,W
10624,66600,66608,8,N
10106,64258,66612,2354,W
10626,66609,66616,7,E
10108,64268,66620,2352,W
10628,66620,66624,4,S
10112,64278,66628,2350,W
10629,66626,66632,6,N
10630,66626,66636,10,E
10114,64288,66640,2352,W
10117,64298,66644,2346,W
10633,66643,66648,5,E
10119,64308,66652,2344,W
10634,66648,66656,8,S
10635,66652,66660,8,N
10123,64318,66664,2346,W
10637,66660,66668,8,E
10125,64328,66672,2344,W
10128,64338,66676,2338,W
10639,66676,66680,4,S
10130,64348,66684,2336,W
10640,66677,66688,11,E
10641,66678,66692,14,N
10133,64358,66696,2338,W
10643,66694,66700,6,E
10136,64368,66704,2336,W
10645,66704,66708,4,S
10646,66704,66712,8,N
10139,64378,66716,2338,W
10647,66711,66720,9,E
10142,64388,66724,2336,W
10144,64398,66728,2330,W
10650,66728,66732,4,E
10148,64408,66736,2328,W
10651,66730,66740,10,N
10652,66732,66744,12,S
10150,64418,66748,2330,W
10654,66745,66752,7,E
10153,64428,66756,2328,W
10656,66756,66760,4,N
10155,64438,66764,2326,W
10657,66760,66768,8,S
10658,66762,66772,10,E
10159,64448,66776,2328,W
10161,64458,66780,2322,W
10660,66779,66784,5,E
10164,64468,66788,2320,W
10661,66782,66792,10,N
10663,66788,66796,8,S
10166,64478,66800,2322,W
10664,66796,66804,8,E
10170,64488,66808,2320,W
10666,66808,66812,4,N
10172,64498,66816,2318,W
10668,66813,66820,7,E
10669,66816,66824,8,S
10176,64508,66828,2320,W
10177,64518,66832,2314,W
10671,66830,66836,6,E
10181,64528,66840,2312,W
10672,66834,66844,10,N
10183,64538,66848,2310,W
10674,66844,66852,8,S
10675,66847,66856,9,E
10187,64548,66860,2312,W
10677,66860,66864,4,N
10188,64558,66868,2310,W
10678,66864,66872,8,E
10191,64568,66876,2308,W
10680,66872,66880,8,S
10195,64578,66884,2306,W
10682,66881,66888,7,E
10197,64588,66892,2304,W
10683,66886,66896,10,N
10200,64598,66900,2302,W
10685,66898,66904,6,E
10686,66900,66908,8,S
10202,64608,66912,2304,W
10688,66912,66916,4,N
10206,64618,66920,2302,W
10689,66915,66924,9,E
10208,64628,66928,2300,W
10691,66928,66932,4,S
10212,64638,66936,2298,W
10692,66932,66940,8,E
10213,64648,66944,2296,W
10694,66938,66948,10,N
10217,64658,66952,2294,W
10695,66949,66956,7,E
10219,64668,66960,2292,W
10697,66956,66964,8,S
10223,64678,66968,2290,W
10698,66964,66972,8,N
10700,66966,66976,10,E
10224,64688,66980,2292,W
10228,64698,66984,2286,W
10702,66983,66988,5,E
10703,66984,66992,8,S
10230,64708,66996,2288,W
10704,66990,67000,10,N
10234,64718,67004,2286,W
10706,67000,67008,8,E
10235,64728,67012,2284,W
10708,67012,67016,4,S
10239,64738,67020,2282,W
10709,67016,67024,8,N
10710,67017,67028,11,E
10241,64748,67032,2284,W
10245,64758,67036,2278,W
10712,67034,67040,6,E
10248,64768,67044,2276,W
10714,67040,67048,8,S
10715,67042,67052,10,N
10249,64778,67056,2278,W
10717,67051,67060,9,E
10253,64788,67064,2276,W
10255,64798,67068,2270,W
10719,67068,67072,4,S
10720,67068,67076,8,N
10721,67068,67080,12,E
10259,64808,67084,2276,W
10260,64822,67088,2266,W
10723,67085,67092,7,E
10264,64836,67096,2260,W
10725,67094,67100,6,N
10726,67096,67104,8,S
10266,64850,67108,2258,W
10727,67102,67112,10,E
10270,64864,67116,2252,W
10272,64878,67120,2242,W
10730,67119,67124,5,E
10731,67120,67128,8,N
10276,64892,67132,2240,W
10732,67124,67136,12,S
10277,64906,67140,2234,W
10734,67136,67144,8,E
10281,64920,67148,2228,W
10735,67146,67152,6,N
10283,64934,67156,2222,W
10737,67152,67160,8,S
10738,67153,67164,11,E
10287,64948,67168,2220,W
10290,64962,67172,2210,W
10740,67170,67176,6,E
10741,67172,67180,8,N
10292,64976,67184,2208,W
10743,67180,67188,8,S
10295,64990,67192,2202,W
10744,67187,67196,9,E
10298,65004,67200,2196,W
10746,67198,67204,6,N
10301,65018,67208,2190,W
10748,67204,67212,8,E
10749,67208,67216,8,S
10304,65032,67220,2188,W
10307,65046,67224,2178,W
10751,67221,67228,7,E
10752,67224,67232,8,N
10309,65060,67236,2176,W
10754,67236,67240,4,S
10312,65074,67244,2170,W
10755,67238,67248,10,E
10315,65088,67252,2164,W
10757,67250,67256,6,N
10318,65102,67260,2158,W
10758,67255,67264,9,E
10321,65116,67268,2152,W
10760,67264,67272,8,S
10324,65130,67276,2146,W
10761,67272,67280,8,E
10763,67276,67284,8,N
10327,65144,67288,2144,W
10329,65158,67292,2134,W
10765,67289,67296,7,E
10766,67292,67300,8,S
10333,65172,67304,2132,W
10768,67302,67308,6,N
10335,65186,67312,2126,W
10769,67306,67316,10,E
10339,65200,67320,2120,W
10771,67320,67324,4,S
10340,65214,67328,2114,W
10772,67323,67332,9,E
10773,67328,67336,8,N
10344,65228,67340,2112,W
10775,67340,67344,4,E
10346,65242,67348,2106,W
10777,67348,67352,4,S
10350,65256,67356,2100,W
10778,67354,67360,6,N
10352,65270,67364,2094,W
10780,67357,67368,11,E
10356,65284,67372,2088,W
10357,65298,67376,2078,W
10782,67374,67380,6,E
10783,67376,67384,8,S
10361,65312,67388,2076,W
10784,67380,67392,12,N
10364,65326,67396,2070,W
10786,67391,67400,9,E
10367,65340,67404,2064,W
10788,67404,67408,4,S
10370,65354,67412,2058,W
10789,67406,67416,10,N
10790,67408,67420,12,E
10373,65368,67424,2056,W
10375,65382,67428,2046,W
10792,67425,67432,7,E
10378,65396,67436,2040,W
10794,67432,67440,8,S
10795,67432,67444,12,N
10381,65410,67448,2038,W
10797,67442,67452,10,E
10384,65424,67456,2032,W
10387,65438,67460,2022,W
10799,67458,67464,6,N
10800,67459,67468,9,E
10801,67460,67472,12,S
10389,65452,67476,2024,W
10803,67476,67480,4,E
10392,65466,67484,2018,W
10805,67484,67488,4,N
10395,65480,67492,2012,W
10806,67488,67496,8,S
10398,65494,67500,2006,W
10807,67493,67504,11,E
10402,65508,67508,2000,W
10404,65522,67512,1990,W
10809,67510,67516,6,N
10810,67510,67520,10,E
10407,65536,67524,1988,W
10812,67516,67528,12,S
10409,65550,67532,1982,W
10814,67527,67536,9,E
10413,65564,67540,1976,W
10815,67536,67544,8,N
10415,65578,67548,1970,W
10817,67544,67552,8,S
10818,67544,67556,12,E
10419,65592,67560,1968,W
10421,65606,67564,1958,W
10820,67561,67568,7,E
10821,67562,67572,10,N
10424,65620,67576,1956,W
10823,67572,67580,8,S
10426,65634,67584,1950,W
10824,67578,67588,10,E
10430,65648,67592,1944,W
10826,67588,67596,8,N
10432,65662,67600,1938,W
10828,67595,67604,9,E
10829,67600,67608,8,S
10436,65676,67612,1936,W
10831,67612,67616,4,E
10438,65690,67620,1930,W
10832,67614,67624,10,N
10441,65704,67628,1924,W
10834,67628,67632,4,S
10444,65718,67636,1918,W
10835,67629,67640,11,E
10447,65732,67644,1912,W
10837,67640,67648,8,N
10450,65746,67652,1906,W
10838,67646,67656,10,E
10453,65760,67660,1900,W
10840,67656,67664,8,S
10455,65774,67668,1894,W
10841,67663,67672,9,E
10843,67666,67676,10,N
10458,65788,67680,1892,W
10845,67680,67684,4,E
10461,65802,67688,1886,W
10846,67684,67692,8,S
10464,65816,67696,1880,W
10847,67692,67700,8,N
10467,65830,67704,1874,W
10849,67697,67708,11,E
10470,65844,67712,1868,W
10851,67712,67716,4,S
10472,65858,67720,1862,W
10852,67714,67724,10,E
10853,67718,67728,10,N
10476,65872,67732,1860,W
10855,67731,67736,5,E
10478,65886,67740,1854,W
10857,67740,67744,4,S
10482,65900,67748,1848,W
10858,67744,67752,8,N
10859,67748,67756,8,E
10484,65914,67760,1846,W
10487,65928,67764,1836,W
10489,65942,67768,1826,W
10862,67765,67772,7,E
10863,67768,67776,8,S
10493,65956,67780,1824,W
10864,67770,67784,14,N
10495,65970,67788,1818,W
10866,67782,67792,10,E
10499,65984,67796,1812,W
10868,67796,67800,4,S
10869,67796,67804,8,N
10501,65998,67808,1810,W
10870,67799,67812,13,E
10504,66012,67816,1804,W
10872,67816,67820,4,E
10506,66026,67824,1798,W
10874,67822,67828,6,N
10875,67824,67832,8,S
10510,66040,67836,1796,W
10877,67833,67840,7,E
10513,66054,67844,1790,W
10516,66068,67848,1780,W
10879,67848,67852,4,N
10519,66082,67856,1774,W
10880,67850,67860,10,E
10881,67852,67864,12,S
10521,66096,67868,1772,W
10883,67867,67872,5,E
10524,66110,67876,1766,W
10884,67874,67880,6,N
10527,66124,67884,1760,W
10886,67880,67888,8,S
10887,67884,67892,8,E
10530,66138,67896,1758,W
10533,66152,67900,1748,W
10889,67900,67904,4,N
10535,66166,67908,1742,W
10890,67901,67912,11,E
10892,67908,67916,8,S
10538,66180,67920,1740,W
10894,67918,67924,6,E
10541,66194,67928,1734,W
10895,67926,67932,6,N
10544,66208,67936,1728,W
10897,67935,67940,5,E
10898,67936,67944,8,S
10547,66222,67948,1726,W
10551,66236,67952,1716,W
10900,67952,67956,4,N
10901,67952,67960,8,E
10552,66250,67964,1714,W
10903,67964,67968,4,S
10556,66264,67972,1708,W
10904,67969,67976,7,E
10558,66278,67980,1702,W
10906,67978,67984,6,N
10562,66292,67988,1696,W
10907,67986,67992,6,E
10564,66306,67996,1690,W
10909,67992,68000,8,S
10568,66320,68004,1684,W
10911,68003,68008,5,E
10912,68004,68012,8,N
10569,66334,68016,1682,W
10573,66348,68020,1672,W
10914,68020,68024,4,S
10915,68020,68028,8,E
10575,66362,68032,1670,W
10917,68030,68036,6,N
10579,66376,68040,1664,W
10918,68037,68044,7,E
10581,66390,68048,1658,W
10920,68048,68052,4,S
10584,66404,68056,1652,W
10921,68054,68060,6,E
10922,68056,68064,8,N
10587,66418,68068,1650,W
10590,66432,68072,1640,W
10925,68071,68076,5,E
10593,66446,68080,1634,W
10926,68076,68084,8,S
10596,66460,68088,1628,W
10927,68082,68092,10,N
10929,68088,68096,8,E
10599,66474,68100,1626,W
10601,66488,68104,1616,W
10931,68104,68108,4,S
10604,66502,68112,1610,W
10932,68105,68116,11,E
10933,68108,68120,12,N
10607,66516,68124,1608,W
10935,68122,68128,6,E
10610,66530,68132,1602,W
10937,68132,68136,4,S
10613,66544,68140,1596,W
10938,68134,68144,10,N
10939,68139,68148,9,E
10616,66558,68152,1594,W
10618,66572,68156,1584,W
10942,68156,68160,4,E
10621,66586,68164,1578,W
10943,68160,68168,8,S
10944,68160,68172,12,N
10625,66600,68176,1576,W
10946,68173,68180,7,E
10627,66614,68184,1570,W
10631,66628,68188,1560,W
10948,68186,68192,6,N
10949,68188,68196,8,S
10632,66642,68200,1558,W
10950,68190,68204,14,E
10636,66656,68208,1552,W
10952,68207,68212,5,E
10638,66670,68216,1546,W
10954,68212,68220,8,N
10955,68216,68224,8,S
10642,66684,68228,1544,W
10956,68224,68232,8,E
10644,66698,68236,1538,W
10648,66712,68240,1528,W
10958,68238,68244,6,N
10649,66726,68248,1522,W
10960,68241,68252,11,E
10961,68244,68256,12,S
10653,66740,68260,1520,W
10963,68258,68264,6,E
10655,66754,68268,1514,W
10964,68264,68272,8,N
10659,66768,68276,1508,W
10966,68272,68280,8,S
10967,68275,68284,9,E
10662,66782,68288,1506,W
10665,66796,68292,1496,W
10969,68290,68296,6,N
10970,68292,68300,8,E
10667,66810,68304,1494,W
10972,68300,68308,8,S
10670,66824,68312,1488,W
10974,68309,68316,7,E
10673,66838,68320,1482,W
10975,68316,68324,8,N
10676,66852,68328,1476,W
10977,68326,68332,6,E
10978,68328,68336,8,S
10679,66866,68340,1474,W
10681,66880,68344,1464,W
10980,68342,68348,6,N
10981,68343,68352,9,E
10684,66894,68356,1462,W
10983,68356,68360,4,S
10687,66908,68364,1456,W
10984,68360,68368,8,E
10690,66922,68372,1450,W
10986,68368,68376,8,N
10693,66936,68380,1444,W
10987,68377,68384,7,E
10696,66950,68388,1438,W
10989,68384,68392,8,S
10699,66964,68396,1432,W
10991,68394,68400,6,N
10992,68394,68404,10,E
10701,66978,68408,1430,W
10705,66992,68412,1420,W
10994,68411,68416,5,E
10995,68412,68420,8,S
10707,67006,68424,1418,W
10996,68420,68428,8,N
10711,67020,68432,1412,W
10713,67034,68436,1402,W
10998,68434,68440,6,E
10716,67048,68444,1396,W
10718,67062,68448,1386,W
10722,67076,68452,1376,W
11000,68449,68456,7,S
10724,67090,68460,1370,W
11001,68454,68464,10,N
11002,68457,68468,11,E
10728,67104,68472,1368,W
10729,67118,68476,1358,W
10733,67132,68480,1348,W
11005,68480,68484,4,E
10736,67146,68488,1342,W
11006,68486,68492,6,S
11007,68488,68496,8,N
10739,67160,68500,1340,W
10742,67174,68504,1330,W
11009,68503,68508,5,E
10745,67188,68512,1324,W
10747,67202,68516,1314,W
10750,67216,68520,1304,W
10753,67230,68524,1294,W
11011,68522,68528,6,N
11012,68523,68532,9,S
10756,67244,68536,1292,W
11013,68526,68540,14,E
10759,67258,68544,1286,W
10762,67272,68548,1276,W
10764,67286,68552,1266,W
11015,68549,68556,7,E
10767,67300,68560,1260,W
11017,68556,68564,8,N
11018,68560,68568,8,S
10770,67314,68572,1258,W
11020,68572,68576,4,E
10774,67328,68580,1252,W
10776,67342,68584,1242,W
10779,67356,68588,1232,W
10781,67370,68592,1222,W
11022,68590,68596,6,N
10785,67384,68600,1216,W
11023,68595,68604,9,E
11024,68597,68608,11,S
10787,67398,68612,1214,W
10791,67412,68616,1204,W
10793,67426,68620,1194,W
11026,68618,68624,6,E
10796,67440,68628,1188,W
11028,68624,68632,8,N
10798,67454,68636,1182,W
11029,68634,68640,6,S
10802,67468,68644,1176,W
11031,68641,68648,7,E
10804,67482,68652,1170,W
10808,67496,68656,1160,W
10811,67510,68660,1150,W
11032,68658,68664,6,N
10813,67524,68668,1144,W
11034,68664,68672,8,E
10816,67538,68676,1138,W
11035,68671,68680,9,S
10819,67552,68684,1132,W
10822,67566,68688,1122,W
11037,68687,68692,5,E
10825,67580,68696,1116,W
11038,68692,68700,8,N
10827,67594,68704,1110,W
10830,67608,68708,1100,W
11040,68708,68712,4,S
10833,67622,68716,1094,W
11041,68710,68720,10,E
10836,67636,68724,1088,W
10839,67650,68728,1078,W
11043,68726,68732,6,N
10842,67664,68736,1072,W
11045,68733,68740,7,E
10844,67678,68744,1066,W
10848,67692,68748,1056,W
11046,68745,68752,7,S
10850,67706,68756,1050,W
11048,68756,68760,4,E
10854,67720,68764,1044,W
11049,68760,68768,8,N
10856,67734,68772,1038,W
10860,67748,68776,1028,W
10861,67762,68780,1018,W
11051,68779,68784,5,E
10865,67776,68788,1012,W
11052,68782,68792,10,S
10867,67790,68796,1006,W
11054,68794,68800,6,N
10871,67804,68804,1000,W
11055,68802,68808,6,E
10873,67818,68812,994,W
10876,67832,68816,984,W
10878,67846,68820,974,W
11057,68819,68824,5,S
10882,67860,68828,968,W
11059,68825,68832,7,E
11060,68828,68836,8,N
10885,67874,68840,966,W
10888,67888,68844,956,W
10891,67902,68848,946,W
11062,68848,68852,4,E
10893,67916,68856,940,W
11063,68856,68860,4,S
10896,67930,68864,934,W
11065,68862,68868,6,N
10899,67944,68872,928,W
11066,68871,68876,5,E
10902,67958,68880,922,W
10905,67972,68884,912,W
10908,67986,68888,902,W
10910,68000,68892,892,W
10913,68014,68896,882,W
11069,68893,68900,7,S
11070,68894,68904,10,E
11071,68896,68908,12,N
10916,68028,68912,884,W
10919,68042,68916,874,W
10923,68056,68920,864,W
11073,68917,68924,7,E
10924,68070,68928,858,W
10928,68084,68932,848,W
11075,68930,68936,6,S
11076,68930,68940,10,N
10930,68098,68944,846,W
11077,68940,68948,8,E
10934,68112,68952,840,W
10936,68126,68956,830,W
10940,68140,68960,820,W
10941,68154,68964,810,W
11079,68963,68968,5,E
11080,68964,68972,8,N
10945,68168,68976,808,W
11082,68967,68980,13,S
10947,68182,68984,802,W
10951,68196,68988,792,W
11084,68986,68992,6,E
10953,68210,68996,786,W
10957,68224,69000,776,W
11085,68998,69004,6,N
10959,68238,69008,770,W
11087,69004,69012,8,S
10962,68252,69016,764,W
11088,69009,69020,11,E
10965,68266,69024,758,W
10968,68280,69028,748,W
10971,68294,69032,738,W
11090,69032,69036,4,N
11091,69032,69040,8,E
10973,68308,69044,736,W
11093,69041,69048,7,S
10976,68322,69052,730,W
10979,68336,69056,720,W
11095,69055,69060,5,E
10982,68350,69064,714,W
10985,68364,69068,704,W
11096,69066,69072,6,N
10988,68378,69076,698,W
10990,68392,69080,688,W
11098,69078,69084,6,S
11099,69078,69088,10,E
10993,68406,69092,686,W
10997,68424,69096,672,W
10999,68442,69100,658,W
11101,69100,69104,4,N
11003,68460,69108,648,W
11102,69101,69112,11,E
11004,68478,69116,638,W
11104,69115,69120,5,S
11008,68496,69124,628,W
11105,69124,69128,4,E
11010,68514,69132,618,W
11014,68532,69136,604,W
11107,69134,69140,6,N
11016,68550,69144,594,W
11019,68568,69148,580,W
11109,69147,69152,5,E
11021,68586,69156,570,W
11110,69152,69160,8,S
11025,68604,69164,560,W
11027,68622,69168,546,W
11112,69168,69172,4,N
11030,68640,69176,536,W
11113,69170,69180,10,E
11033,68658,69184,526,W
11036,68676,69188,512,W
11039,68694,69192,498,W
11115,69189,69196,7,S
11042,68712,69200,488,W
11116,69193,69204,11,E
11044,68730,69208,478,W
11118,69202,69212,10,N
11047,68748,69216,468,W
11119,69216,69220,4,E
11050,68766,69224,458,W
11053,68784,69228,444,W
11121,69226,69232,6,S
11056,68802,69236,434,W
11123,69236,69240,4,N
11058,68820,69244,424,W
11124,69239,69248,9,E
11061,68838,69252,414,W
11064,68856,69256,400,W
11067,68874,69260,386,W
11068,68892,69264,372,W
11126,69262,69268,6,E
11127,69263,69272,9,S
11072,68910,69276,366,W
11128,69270,69280,10,N
11074,68928,69284,356,W
11078,68946,69288,342,W
11130,69285,69292,7,E
11081,68964,69296,332,W
11083,68982,69300,318,W
11132,69300,69304,4,S
11086,69000,69308,308,W
11133,69304,69312,8,N
11135,69308,69316,8,E
11089,69018,69320,302,W
11092,69036,69324,288,W
11094,69054,69328,274,W
11097,69072,69332,260,W
11137,69331,69336,5,E
11100,69090,69340,250,W
11138,69337,69344,7,S
11139,69338,69348,10,N
11103,69108,69352,244,W
11106,69126,69356,230,W
11141,69354,69360,6,E
11108,69144,69364,220,W
11111,69162,69368,206,W
11114,69180,69372,192,W
11143,69372,69376,4,N
11117,69198,69380,182,W
11144,69374,69384,10,S
11145,69377,69388,11,E
11120,69216,69392,176,W
11122,69234,69396,162,W
11125,69252,69400,148,W
11148,69400,69404,4,E
11129,69270,69408,138,W
11149,69406,69412,6,N
11131,69288,69416,128,W
11150,69411,69420,9,S
11134,69306,69424,118,W
11152,69423,69428,5,E
11136,69324,69432,108,W
11140,69342,69436,94,W
11142,69360,69440,80,W
11154,69440,69444,4,N
11146,69378,69448,70,W
11155,69446,69452,6,E
11156,69448,69456,8,S
11147,69396,69460,64,W
11151,69414,69464,50,W
11153,69432,69468,36,W
11157,69450,69472,22,W
11159,69469,69476,7,E
11158,69468,69480,12,W
11160,69474,69484,10,N
11161,69485,69488,3,S
11162,69486,69492,6,W
11163,69492,69496,4,E
11164,69504,69504,0,W
11165,69508,69508,0,N
11166,69515,69516,1,E
11167,69522,69524,2,S
11168,69522,69528,6,W
11169,69538,69540,2,E
11170,69540,69544,4,W
11171,69542,69548,6,N
11172,69558,69560,2,W
11173,69559,69564,5,S
11174,69561,69568,7,E
11175,69576,69576,0,N
11176,69576,69580,4,W
11177,69584,69584,0,E
11178,69594,69596,2,W
11179,69596,69600,4,S
11180,69607,69608,1,E
11181,69610,69612,2,N
11182,69612,69616,4,W
11183,69630,69632,2,E
11184,69630,69636,6,W
11185,69633,69640,7,S
11186,69644,69644,0,N
11187,69648,69648,0,W
11188,69653,69656,3,E
11189,69666,69668,2,W
11190,69670,69672,2,S
11191,69676,69676,0,E
11192,69678,69680,2,N
11193,69684,69684,0,W
11194,69699,69700,1,E
11195,69702,69704,2,W
11196,69707,69708,1,S
11197,69712,69712,0,N
11198,69720,69720,0,W
11199,69722,69724,2,E
11200,69738,69740,2,W
11201,69744,69744,0,S
11202,69745,69748,3,E
11203,69746,69752,6,N
11204,69756,69756,0,W
11205,69768,69768,0,E
11206,69774,69776,2,W
11207,69780,69780,0,N
11208,69781,69784,3,S
11209,69791,69792,1,E
11210,69792,69796,4,W
11211,69810,69812,2,W
11212,69814,69816,2,N
11213,69814,69820,6,E
11214,69818,69824,6,S
11215,69828,69828,0,W
11216,69837,69840,3,E
11217,69846,69848,2,W
11218,69848,69852,4,N
11219,69855,69856,1,S
11220,69860,69860,0,E
11221,69864,69864,0,W
11222,69882,69884,2,N
11223,69882,69888,6,W
11224,69883,69892,9,E
11225,69892,69896,4,S
11226,69900,69900,0,W
11227,69906,69908,2,E
11228,69916,69916,0,N
11229,69918,69920,2,W
11230,69929,69932,3,S
11231,69929,69936,7,E
11232,69936,69940,4,W
11233,69950,69952,2,N
11234,69952,69956,4,E
11235,69954,69960,6,W
11236,69966,69968,2,S
11237,69972,69972,0,W
11238,69975,69976,1,E
11239,69984,69984,0,N
11240,69990,69992,2,W
11241,69998,70000,2,E
11242,70003,70004,1,S
11243,70008,70008,0,W
11244,70018,70020,2,N
11245,70021,70024,3,E
11246,70026,70028,2,W
11247,70040,70040,0,S
11248,70044,70044,0,E
11249,70044,70048,4,W
11250,70052,70052,0,N
11251,70062,70064,2,W
11252,70067,70068,1,E
11253,70077,70080,3,S
11254,70080,70084,4,W
11255,70086,70088,2,N
11256,70090,70092,2,E
11257,70098,70100,2,W
11258,70113,70116,3,E
11259,70114,70120,6,S
11260,70116,70124,8,W
11261,70120,70128,8,N
11262,70134,70136,2,W
11263,70136,70140,4,E
11264,70151,70152,1,S
11265,70152,70156,4,W
11266,70154,70160,6,N
11267,70159,70164,5,E
11268,70170,70172,2,W
11269,70182,70184,2,E
11270,70188,70188,0,S
11271,70188,70192,4,N
11272,70188,70196,8,W
11273,70205,70208,3,E
11274,70206,70212,6,W
11275,70222,70224,2,N
11276,70224,70228,4,W
11277,70225,70232,7,S
11278,70228,70236,8,E
11279,70242,70244,2,W
11280,70251,70252,1,E
11281,70256,70256,0,N
11282,70260,70260,0,W
11283,70262,70264,2,S
11284,70274,70276,2,E
11285,70278,70280,2,W
11286,70290,70292,2,N
11287,70296,70296,0,W
11288,70297,70300,3,E
11289,70299,70304,5,S
11290,70314,70316,2,W
11291,70320,70320,0,E
11292,70324,70324,0,N
11293,70332,70332,0,W
11294,70336,70336,0,S
11295,70343,70344,1,E
11296,70350,70352,2,W
11297,70358,70360,2,N
11298,70366,70368,2,E
11299,70368,70372,4,W
11300,70373,70376,3,S
11301,70386,70388,2,W
11302,70389,70392,3,E
11303,70392,70396,4,N
11304,70404,70404,0,W
11305,70410,70412,2,S
11306,70412,70416,4,E
11307,70422,70424,2,W
11308,70426,70428,2,N
11309,70435,70436,1,E
11310,70440,70440,0,W
11311,70447,70448,1,S
11312,70458,70460,2,E
11313,70458,70464,6,W
11314,70460,70468,8,N
11315,70476,70476,0,W
11316,70481,70484,3,E
11317,70484,70488,4,S
11318,70494,70496,2,N
11319,70494,70500,6,W
11320,70504,70504,0,E
11321,70512,70512,0,W
11322,70521,70524,3,S
11323,70527,70528,1,E
11324,70528,70532,4,N
11325,70530,70536,6,W
11326,70548,70548,0,W
11327,70550,70552,2,E
11328,70558,70560,2,S
11329,70562,70564,2,N
11330,70566,70568,2,W
11331,70573,70576,3,E
11332,70584,70584,0,W
11333,70595,70596,1,S
11334,70596,70600,4,N
11335,70596,70604,8,E
11336,70602,70608,6,W
11337,70619,70620,1,E
11338,70620,70624,4,W
11339,70630,70632,2,N
11340,70632,70636,4,S
11341,70638,70640,2,W
11342,70642,70644,2,E
11343,70656,70656,0,W
11344,70664,70664,0,N
11345,70665,70668,3,E
11346,70669,70672,3,S
11347,70674,70676,2,W
11348,70688,70688,0,E
11349,70692,70692,0,W
11350,70698,70700,2,N
11351,70706,70708,2,S
11352,70710,70712,2,W
11353,70711,70716,5,E
11354,70728,70728,0,W
11355,70732,70732,0,N
11356,70734,70736,2,E
11357,70743,70744,1,S
11358,70746,70748,2,W
11359,70757,70760,3,E
11360,70764,70764,0,W
11361,70766,70768,2,N
11362,70780,70780,0,S
11363,70780,70784,4,E
11364,70782,70788,6,W
11365,70800,70800,0,N
11366,70800,70804,4,W
11367,70803,70808,5,E
11368,70817,70820,3,S
11369,70818,70824,6,W
11370,70826,70828,2,E
11371,70834,70836,2,N
11372,70836,70840,4,W
11373,70849,70852,3,E
11374,70854,70856,2,S
11375,70854,70860,6,W
11376,70868,70868,0,N
11377,70872,70872,0,E
11378,70872,70876,4,W
11379,70890,70892,2,W
11380,70891,70896,5,S
11381,70895,70900,5,E
11382,70902,70904,2,N
11383,70908,70908,0,W
11384,70918,70920,2,E
11385,70926,70928,2,W
11386,70928,70932,4,S
11387,70936,70936,0,N
11388,70941,70944,3,E
11389,70944,70948,4,W
11390,70962,70964,2,W
11391,70964,70968,4,E
11392,70965,70972,7,S
11393,70970,70976,6,N
11394,70980,70980,0,W
11395,70987,70988,1,E
11396,70998,71000,2,W
11397,71002,71004,2,S
11398,71004,71008,4,N
11399,71010,71012,2,E
11400,71016,71016,0,W
11401,71033,71036,3,E
11402,71034,71040,6,W
11403,71038,71044,6,N
11404,71039,71048,9,S
11405,71052,71052,0,W
11406,71056,71056,0,E
11407,71070,71072,2,W
11408,71072,71076,4,N
11409,71076,71080,4,S
11410,71079,71084,5,E
11411,71088,71088,0,W
11412,71102,71104,2,E
11413,71106,71108,2,N
11414,71106,71112,6,W
11415,71113,71116,3,S
11416,71124,71124,0,W
11417,71125,71128,3,E
11418,71140,71140,0,N
11419,71142,71144,2,W
11420,71148,71148,0,E
11421,71150,71152,2,S
11422,71160,71160,0,W
11423,71171,71172,1,E
11424,71174,71176,2,N
11425,71178,71180,2,W
11426,71187,71188,1,S
11427,71194,71196,2,E
11428,71196,71200,4,W
11429,71208,71208,0,N
11430,71214,71216,2,W
11431,71217,71220,3,E
11432,71224,71224,0,S
11433,71232,71232,0,W
11434,71240,71240,0,E
11435,71242,71244,2,N
11436,71250,71252,2,W
11437,71261,71264,3,S
11438,71263,71268,5,E
11439,71268,71272,4,W
11440,71276,71276,0,N
11441,71286,71288,2,E
11442,71286,71292,6,W
11443,71298,71300,2,S
11444,71304,71304,0,W
11445,71309,71312,3,E
11446,71310,71316,6,N
11447,71322,71324,2,W
11448,71332,71332,0,E
11449,71335,71336,1,S
11450,71340,71340,0,W
11451,71344,71344,0,N
11452,71355,71356,1,E
11453,71358,71360,2,W
11454,71372,71372,0,S
11455,71376,71376,0,W
11456,71378,71380,2,N
11457,71378,71384,6,E
11458,71394,71396,2,W
11459,71401,71404,3,E
11460,71409,71412,3,S
11461,71412,71416,4,N
11462,71412,71420,8,W
11463,71424,71424,0,E
11464,71430,71432,2,W
11465,71446,71448,2,S
11466,71446,71452,6,N
11467,71447,71456,9,E
11468,71448,71460,12,W
11469,71466,71468,2,W
11470,71470,71472,2,E
11471,71480,71480,0,N
11472,71483,71484,1,S
11473,71484,71488,4,W
11474,71493,71496,3,E
11475,71502,71504,2,W
11476,71514,71516,2,N
11477,71516,71520,4,E
11478,71520,71524,4,S
11479,71520,71528,8,W
11480,71538,71540,2,W
11481,71539,71544,5,E
11482,71548,71548,0,N
11483,71556,71556,0,W
11484,71557,71560,3,S
11485,71562,71564,2,E
11486,71574,71576,2,W
11487,71582,71584,2,N
11488,71585,71588,3,E
11489,71592,71592,0,W
11490,71594,71596,2,S
11491,71608,71608,0,E
11492,71610,71612,2,W
11493,71616,71616,0,N
11494,71628,71628,0,W
11495,71631,71632,1,S
11496,71631,71636,5,E
11497,71646,71648,2,W
11498,71650,71652,2,N
11499,71654,71656,2,E
11500,71664,71664,0,W
11501,71668,71668,0,S
11502,71677,71680,3,E
11503,71682,71684,2,W
11504,71684,71688,4,N
11505,71700,71700,0,E
11506,71700,71704,4,W
11507,71705,71708,3,S
11508,71718,71720,2,N
11509,71718,71724,6,W
11510,71723,71728,5,E
11511,71736,71736,0,W
11512,71742,71744,2,S
11513,71746,71748,2,E
11514,71752,71752,0,N
11515,71754,71756,2,W
11516,71769,71772,3,E
11517,71772,71776,4,W
11518,71779,71780,1,S
11519,71786,71788,2,N
11520,71790,71792,2,W
11521,71792,71796,4,E
11522,71808,71808,0,W
11523,71815,71816,1,E
11524,71816,71820,4,S
11525,71820,71824,4,N
11526,71826,71828,2,W
11527,71838,71840,2,E
11528,71844,71844,0,W
11529,71853,71856,3,S
11530,71854,71860,6,N
11531,71861,71864,3,E
11532,71862,71868,6,W
11533,71880,71880,0,W
11534,71884,71884,0,E
11535,71888,71888,0,N
11536,71890,71892,2,S
11537,71898,71900,2,W
11538,71907,71908,1,E
11539,71916,71916,0,W
11540,71922,71924,2,N
11541,71927,71928,1,S
11542,71930,71932,2,E
11543,71934,71936,2,W
11544,71952,71952,0,W
11545,71953,71956,3,E
11546,71956,71960,4,N
11547,71964,71964,0,S
11548,71970,71972,2,W
11549,71976,71976,0,E
11550,71988,71988,0,W
11551,71990,71992,2,N
11552,71999,72000,1,E
11553,72001,72004,3,S
11554,72006,72008,2,W
11555,72022,72024,2,E
11556,72024,72028,4,N
11557,72029,72032,3,W
11558,72049,72052,3,S
11559,72051,72056,5,E
11560,72052,72060,8,W
11561,72068,72068,0,N
11562,72075,72076,1,W
11563,72080,72080,0,E
11564,72097,72100,3,S
11565,72098,72104,6,W
11566,72109,72112,3,E
11567,72112,72116,4,N
11568,72121,72124,3,W
11569,72138,72140,2,E
11570,72144,72144,0,W
11571,72145,72148,3,S
11572,72156,72156,0,N
11573,72167,72168,1,E
11574,72167,72172,5,W
11575,72190,72192,2,W
11576,72193,72196,3,S
11577,72196,72200,4,E
11578,72200,72204,4,N
11579,72213,72216,3,W
11580,72225,72228,3,E
11581,72236,72236,0,W
11582,72241,72244,3,S
11583,72244,72248,4,N
11584,72254,72256,2,E
11585,72259,72260,1,W
11586,72282,72284,2,W
11587,72283,72288,5,E
11588,72288,72292,4,N
11589,72289,72296,7,S
11590,72305,72308,3,W
11591,72312,72312,0,E
11592,72328,72328,0,W
11593,72332,72332,0,N
11594,72337,72340,3,S
11595,72341,72344,3,E
11596,72351,72352,1,W
11597,72370,72372,2,E
11598,72374,72376,2,W
11599,72376,72380,4,N
11600,72385,72388,3,S
11601,72397,72400,3,W
11602,72399,72404,5,E
11603,72420,72420,0,N
11604,72420,72424,4,W
11605,72428,72428,0,E
11606,72433,72436,3,S
11607,72443,72444,1,W
11608,72457,72460,3,E
11609,72464,72464,0,N
11610,72466,72468,2,W
11611,72481,72484,3,S
11612,72486,72488,2,E
11613,72489,72492,3,W
11614,72508,72508,0,N
11615,72512,72512,0,W
11616,72515,72516,1,E
11617,72529,72532,3,S
11618,72535,72536,1,W
11619,72544,72544,0,E
11620,72552,72552,0,N
11621,72558,72560,2,W
11622,72573,72576,3,E
11623,72577,72580,3,S
11624,72581,72584,3,W
11625,72596,72596,0,N
11626,72602,72604,2,E
11627,72604,72608,4,W
11628,72625,72628,3,S
11629,72627,72632,5,W
11630,72631,72636,5,E
11631,72640,72640,0,N
11632,72650,72652,2,W
11633,72660,72660,0,E
11634,72673,72676,3,S
11635,72673,72680,7,W
11636,72684,72684,0,N
11637,72689,72692,3,E
11638,72696,72696,0,W
11639,72718,72720,2,E
11640,72719,72724,5,W
11641,72721,72728,7,S
11642,72728,72732,4,N
11643,72742,72744,2,W
11644,72747,72748,1,E
11645,72765,72768,3,W
11646,72769,72772,3,S
11647,72772,72776,4,N
11648,72776,72780,4,E
11649,72788,72788,0,W
11650,72805,72808,3,E
11651,72811,72812,1,W
11652,72816,72816,0,N
11653,72817,72820,3,S
11654,72834,72836,2,E
11655,72834,72840,6,W
11656,72857,72860,3,W
11657,72860,72864,4,N
11658,72863,72868,5,E
11659,72865,72872,7,S
11660,72880,72880,0,W
11661,72892,72892,0,E
11662,72903,72904,1,W
11663,72904,72908,4,N
11664,72913,72916,3,S
11665,72921,72924,3,E
11666,72926,72928,2,W
11667,72948,72948,0,N
11668,72949,72952,3,W
11669,72950,72956,6,E
11670,72961,72964,3,S
11671,72972,72972,0,W
11672,72979,72980,1,E
11673,72992,72992,0,N
11674,72995,72996,1,W
11675,73008,73008,0,E
11676,73009,73012,3,S
11677,73018,73020,2,W
11678,73036,73036,0,N
11679,73037,73040,3,E
11680,73041,73044,3,W
11681,73057,73060,3,S
11682,73064,73064,0,W
11683,73066,73068,2,E
11684,73080,73080,0,N
11685,73087,73088,1,W
11686,73095,73096,1,E
11687,73105,73108,3,S
11688,73110,73112,2,W
11689,73124,73124,0,N
11690,73124,73128,4,E
11691,73133,73136,3,W
11692,73153,73156,3,S
11693,73153,73160,7,E
11694,73156,73164,8,W
11695,73168,73168,0,N
11696,73179,73180,1,W
11697,73182,73184,2,E
11698,73201,73204,3,S
11699,73202,73208,6,W
11700,73211,73212,1,E
11701,73212,73216,4,N
11702,73225,73228,3,W
11703,73240,73240,0,E
11704,73248,73248,0,W
11705,73249,73252,3,S
11706,73256,73256,0,N
11707,73269,73272,3,E
11708,73271,73276,5,W
11709,73294,73296,2,W
11710,73297,73300,3,S
11711,73298,73304,6,E
11712,73300,73308,8,N
11713,73317,73320,3,W
11714,73327,73328,1,E
11715,73340,73340,0,W
11716,73344,73344,0,N
11717,73345,73348,3,S
11718,73356,73356,0,E
11719,73363,73364,1,W
11720,73385,73388,3,E
11721,73386,73392,6,W
11722,73388,73396,8,N
11723,73393,73400,7,S
11724,73409,73412,3,W
11725,73414,73416,2,E
11726,73432,73432,0,N
11727,73432,73436,4,W
11728,73441,73444,3,S
11729,73443,73448,5,E
11730,73455,73456,1,W
11731,73472,73472,0,E
11732,73476,73476,0,N
11733,73478,73480,2,W
11734,73489,73492,3,S
11735,73501,73504,3,E
11736,73501,73508,7,W
11737,73520,73520,0,N
11738,73524,73524,0,W
11739,73530,73532,2,E
11740,73537,73540,3,S
11741,73547,73548,1,W
11742,73559,73560,1,E
11743,73564,73564,0,N
11744,73570,73572,2,W
11745,73585,73588,3,S
11746,73588,73592,4,E
11747,73593,73596,3,W
11748,73608,73608,0,N
11749,73616,73616,0,W
11750,73617,73620,3,E
11751,73633,73636,3,S
11752,73639,73640,1,W
11753,73646,73648,2,E
11754,73652,73652,0,N
11755,73662,73664,2,W
11756,73675,73676,1,E
11757,73681,73684,3,S
11758,73685,73688,3,W
11759,73696,73696,0,N
11760,73704,73704,0,E
11761,73708,73708,0,W
11762,73729,73732,3,S
11763,73731,73736,5,W
11764,73733,73740,7,E
11765,73740,73744,4,N
11766,73754,73756,2,W
11767,73762,73764,2,E
11768,73777,73780,3,S
11769,73777,73784,7,W
11770,73784,73788,4,N
11771,73791,73792,1,E
11772,73800,73800,0,W
11773,73820,73820,0,E
11774,73823,73824,1,W
11775,73825,73828,3,S
11776,73828,73832,4,N
11777,73846,73848,2,W
11778,73849,73852,3,E
11779,73869,73872,3,W
11780,73872,73876,4,N
11781,73873,73880,7,S
11782,73878,73884,6,E
11783,73892,73892,0,W
11784,73907,73908,1,E
11785,73915,73916,1,W
11786,73916,73920,4,N
11787,73921,73924,3,S
11788,73936,73936,0,E
11789,73938,73940,2,W
11790,73960,73960,0,N
11791,73961,73964,3,W
11792,73965,73968,3,E
11793,73969,73972,3,S
11794,73984,73984,0,W
11795,73994,73996,2,E
11796,74004,74004,0,N
11797,74007,74008,1,W
11798,74017,74020,3,S
11799,74023,74024,1,E
11800,74030,74032,2,W
11801,74048,74048,0,N
11802,74052,74052,0,E
11803,74053,74056,3,W
11804,74065,74068,3,S
11805,74076,74076,0,W
11806,74081,74084,3,E
11807,74092,74092,0,N
11808,74099,74100,1,W
11809,74110,74112,2,E
11810,74113,74116,3,S
11811,74122,74124,2,W
11812,74136,74136,0,N
11813,74139,74140,1,E
11814,74145,74148,3,W
11815,74161,74164,3,S
11816,74168,74168,0,E
11817,74168,74172,4,W
11818,74180,74180,0,N
11819,74191,74192,1,W
11820,74197,74200,3,E
11821,74209,74212,3,S
11822,74214,74216,2,W
11823,74224,74224,0,N
11824,74226,74228,2,E
11825,74237,74240,3,W
11826,74255,74256,1,E
11827,74257,74260,3,S
11828,74260,74264,4,W
11829,74268,74268,0,N
11830,74283,74284,1,W
11831,74284,74288,4,E
11832,74305,74308,3,S
11833,74306,74312,6,W
11834,74312,74316,4,N
11835,74313,74320,7,E
11836,74329,74332,3,W
11837,74342,74344,2,E
11838,74352,74352,0,W
11839,74353,74356,3,S
11840,74356,74360,4,N
11841,74371,74372,1,E
11842,74375,74376,1,W
11843,74398,74400,2,W
11844,74400,74404,4,N
11845,74400,74408,8,E
11846,74401,74412,11,S
11847,74421,74424,3,W
11848,74429,74432,3,E
11849,74444,74444,0,N
11850,74444,74448,4,W
11851,74449,74452,3,S
11852,74458,74460,2,E
11853,74467,74468,1,W
11854,74487,74488,1,E
11855,74488,74492,4,N
11856,74490,74496,6,W
11857,74497,74500,3,S
11858,74513,74516,3,W
11859,74516,74520,4,E
11860,74532,74532,0,N
11861,74536,74536,0,W
11862,74545,74548,3,S
11863,74545,74552,7,E
11864,74559,74560,1,W
11865,74574,74576,2,E
11866,74576,74580,4,N
11867,74582,74584,2,W
11868,74593,74596,3,S
11869,74603,74604,1,E
11870,74605,74608,3,W
11871,74620,74620,0,N
11872,74628,74628,0,W
11873,74632,74632,0,E
11874,74641,74644,3,S
11875,74651,74652,1,W
11876,74661,74664,3,E
11877,74664,74668,4,N
11878,74674,74676,2,W
11879,74689,74692,3,S
11880,74690,74696,6,E
11881,74697,74700,3,W
11882,74708,74708,0,N
11883,74719,74720,1,E
11884,74720,74724,4,W
11885,74737,74740,3,S
11886,74743,74744,1,W
11887,74748,74748,0,E
11888,74752,74752,0,N
11889,74766,74768,2,W
11890,74777,74780,3,E
11891,74785,74788,3,S
11892,74789,74792,3,W
11893,74796,74796,0,N
11894,74806,74808,2,E
11895,74812,74812,0,W
11896,74833,74836,3,S
11897,74835,74840,5,E
11898,74835,74844,9,W
11899,74840,74848,8,N
11900,74858,74860,2,W
11901,74864,74864,0,E
11902,74881,74884,3,S
11903,74881,74888,7,W
11904,74884,74892,8,N
11905,74893,74896,3,E
11906,74904,74904,0,W
11907,74922,74924,2,E
11908,74927,74928,1,W
11909,74928,74932,4,N
11910,74929,74936,7,S
11911,74950,74952,2,W
11912,74951,74956,5,E
11913,74972,74972,0,N
11914,74973,74976,3,W
11915,74977,74980,3,S
11916,74980,74984,4,E
11917,74996,74996,0,W
11918,75009,75012,3,E
11919,75016,75016,0,N
11920,75019,75020,1,W
11921,75025,75028,3,S
11922,75038,75040,2,E
11923,75042,75044,2,W
11924,75060,75060,0,N
11925,75065,75068,3,W
11926,75067,75072,5,E
11927,75073,75076,3,S
11928,75088,75088,0,W
11929,75096,75096,0,E
11930,75104,75104,0,N
11931,75111,75112,1,W
11932,75121,75124,3,S
11933,75125,75128,3,E
11934,75134,75136,2,W
11935,75148,75148,0,N
11936,75154,75156,2,E
11937,75157,75160,3,W
11938,75169,75172,3,S
11939,75180,75180,0,W
11940,75183,75184,1,E
11941,75192,75192,0,N
11942,75203,75204,1,W
11943,75212,75212,0,E
11944,75217,75220,3,S
11945,75226,75228,2,W
11946,75236,75236,0,N
11947,75241,75244,3,E
11948,75249,75252,3,W
11949,75265,75268,3,S
11950,75270,75272,2,E
11951,75272,75276,4,W
11952,75280,75280,0,N
11953,75295,75296,1,W
11954,75299,75300,1,E
11955,75313,75316,3,S
11956,75318,75320,2,W
11957,75324,75324,0,N
11958,75328,75328,0,E
11959,75341,75344,3,W
11960,75357,75360,3,E
11961,75361,75364,3,S
11962,75364,75368,4,W
11963,75368,75372,4,N
11964,75386,75388,2,E
11965,75387,75392,5,W
11966,75409,75412,3,S
11967,75410,75416,6,W
11968,75412,75420,8,N
11969,75415,75424,9,E
11970,75433,75436,3,W
11971,75444,75444,0,E
11972,75456,75456,0,N
11973,75456,75460,4,W
11974,75457,75464,7,S
11975,75473,75476,3,E
11976,75479,75480,1,W
11977,75500,75500,0,N
11978,75502,75504,2,E
11979,75502,75508,6,W
11980,75505,75512,7,S
11981,75525,75528,3,W
11982,75531,75532,1,E
11983,75544,75544,0,N
11984,75548,75548,0,W
11985,75553,75556,3,S
11986,75560,75560,0,E
11987,75571,75572,1,W
11988,75588,75588,0,N
11989,75589,75592,3,E
11990,75594,75596,2,W
11991,75601,75604,3,S
11992,75617,75620,3,W
11993,75618,75624,6,E
11994,75632,75632,0,N
11995,75645,75648,3,W
11996,75653,75656,3,E
11997,75659,75660,1,S
11998,75673,75676,3,W
11999,75685,75688,3,N
12000,75688,75692,4,E
12001,75701,75704,3,W
12002,75717,75720,3,S
12003,75723,75724,1,E
12004,75729,75732,3,W
12005,75738,75740,2,N
12006,75757,75760,3,W
12007,75758,75764,6,E
12008,75775,75776,1,S
12009,75785,75788,3,W
12010,75791,75792,1,N
12011,75793,75796,3,E
12012,75813,75816,3,W
12013,75828,75828,0,E
12014,75833,75836,3,S
12015,75841,75844,3,W
12016,75844,75848,4,N
12017,75863,75864,1,E
12018,75869,75872,3,W
12019,75891,75892,1,S
12020,75897,75900,3,N
12021,75897,75904,7,W
12022,75898,75908,10,E
12023,75925,75928,3,W
12024,75933,75936,3,E
12025,75949,75952,3,S
12026,75950,75956,6,N
12027,75953,75960,7,W
12028,75968,75968,0,E
12029,75981,75984,3,W
12030,76003,76004,1,N
12031,76003,76008,5,E
12032,76007,76012,5,S
12033,76009,76016,7,W
12034,76037,76040,3,W
12035,76038,76044,6,E
12036,76056,76056,0,N
12037,76065,76068,3,S
12038,76065,76072,7,W
12039,76073,76076,3,E
12040,76093,76096,3,W
12041,76108,76108,0,E
12042,76109,76112,3,N
12043,76121,76124,3,W
12044,76123,76128,5,S
12045,76143,76144,1,E
12046,76149,76152,3,W
12047,76162,76164,2,N
12048,76177,76180,3,W
12049,76178,76184,6,E
12050,76181,76188,7,S
12051,76205,76208,3,W
12052,76213,76216,3,E
12053,76215,76220,5,N
12054,76233,76236,3,W
12055,76239,76240,1,S
12056,76248,76248,0,E
12057,76261,76264,3,W
12058,76268,76268,0,N
12059,76283,76284,1,E
12060,76289,76292,3,W
12061,76297,76300,3,S
12062,76317,76320,3,W
12063,76318,76324,6,E
12064,76321,76328,7,N
12065,76345,76348,3,W
12066,76353,76356,3,E
12067,76355,76360,5,S
12068,76373,76376,3,W
12069,76374,76380,6,N
12070,76388,76388,0,E
12071,76401,76404,3,W
12072,76413,76416,3,S
12073,76423,76424,1,E
12074,76427,76428,1,N
12075,76429,76432,3,W
12076,76457,76460,3,W
12077,76458,76464,6,E
12078,76471,76472,1,S
12079,76480,76480,0,N
12080,76485,76488,3,W
12081,76493,76496,3,E
12082,76513,76516,3,W
12083,76528,76528,0,E
12084,76529,76532,3,S
12085,76533,76536,3,N
12086,76541,76544,3,W
12087,76563,76564,1,E
12088,76569,76572,3,W
12089,76586,76588,2,N
12090,76587,76592,5,S
12091,76597,76600,3,W
12092,76598,76604,6,E
12093,76625,76628,3,W
12094,76633,76636,3,E
12095,76639,76640,1,N
12096,76645,76648,3,S
12097,76653,76656,3,W
12098,76668,76668,0,E
12099,76681,76684,3,W
12100,76692,76692,0,N
12101,76703,76704,1,S
12102,76703,76708,5,E
12103,76709,76712,3,W
12104,76737,76740,3,W
12105,76738,76744,6,E
12106,76745,76748,3,N
12107,76761,76764,3,S
12108,76765,76768,3,W
12109,76773,76776,3,E
12110,76793,76796,3,W
12111,76798,76800,2,N
12112,76808,76808,0,E
12113,76819,76820,1,S
12114,76821,76824,3,W
12115,76843,76844,1,E
12116,76849,76852,3,W
12117,76851,76856,5,N
12118,76877,76880,3,S
12119,76877,76884,7,W
12120,76878,76888,10,E
12121,76904,76904,0,N
12122,76905,76908,3,W
12123,76913,76916,3,E
12124,76933,76936,3,W
12125,76935,76940,5,S
12126,76948,76948,0,E
12127,76957,76960,3,N
12128,76961,76964,3,W
12129,76983,76984,1,E
12130,76989,76992,3,W
12131,76993,76996,3,S
12132,77010,77012,2,N
12133,77017,77020,3,W
12134,77018,77024,6,E
12135,77045,77048,3,W
12136,77051,77052,1,S
12137,77053,77056,3,E
12138,77063,77064,1,N
12139,77073,77076,3,W
12140,77088,77088,0,E
12141,77101,77104,3,W
12142,77109,77112,3,S
12143,77116,77116,0,N
12144,77123,77124,1,E
12145,77129,77132,3,W
12146,77157,77160,3,W
12147,77158,77164,6,E
12148,77167,77168,1,S
12149,77169,77172,3,N
12150,77185,77188,3,W
12151,77193,77196,3,E
12152,77213,77216,3,W
12153,77222,77224,2,N
12154,77225,77228,3,S
12155,77228,77232,4,E
12156,77241,77244,3,W
12157,77263,77264,1,E
12158,77269,77272,3,W
12159,77275,77276,1,N
12160,77283,77284,1,S
12161,77297,77300,3,W
12162,77298,77304,6,E
12163,77325,77328,3,W
12164,77328,77332,4,N
12165,77333,77336,3,E
12166,77341,77344,3,S
12167,77353,77356,3,W
12168,77368,77368,0,E
12169,77381,77384,3,N
12170,77381,77388,7,W
12171,77399,77400,1,S
12172,77403,77404,1,E
12173,77409,77412,3,W
12174,77434,77436,2,N
12175,77437,77440,3,W
12176,77438,77444,6,E
12177,77457,77460,3,S
12178,77465,77468,3,W
12179,77473,77476,3,E
12180,77487,77488,1,N
12181,77493,77496,3,W
12182,77508,77508,0,E
12183,77515,77516,1,S
12184,77521,77524,3,W
12185,77540,77540,0,N
12186,77543,77544,1,E
12187,77549,77552,3,W
12188,77573,77576,3,S
12189,77577,77580,3,W
12190,77578,77584,6,E
12191,77593,77596,3,N
12192,77605,77608,3,W
12193,77613,77616,3,E
12194,77631,77632,1,S
12195,77633,77636,3,W
12196,77646,77648,2,N
12197,77648,77652,4,E
12198,77661,77664,3,W
12199,77683,77684,1,E
12200,77689,77692,3,S
12201,77689,77696,7,W
12202,77699,77700,1,N
12203,77717,77720,3,W
12204,77718,77724,6,E
12205,77745,77748,3,W
12206,77747,77752,5,S
12207,77752,77756,4,N
12208,77753,77760,7,E
12209,77773,77776,3,W
12210,77788,77788,0,E
12211,77801,77804,3,W
12212,77805,77808,3,S
12213,77805,77812,7,N
12214,77823,77824,1,E
12215,77829,77832,3,W
12216,77857,77860,3,W
12217,77858,77864,6,N
12218,77858,77868,10,E
12219,77863,77872,9,S
12220,77885,77888,3,W
12221,77893,77896,3,E
12222,77911,77912,1,N
12223,77913,77916,3,W
12224,77921,77924,3,S
12225,77928,77928,0,E
12226,77941,77944,3,W
12227,77963,77964,1,E
12228,77964,77968,4,N
12229,77969,77972,3,W
12230,77979,77980,1,S
12231,77997,78000,3,W
12232,77998,78004,6,E
12233,78017,78020,3,N
12234,78025,78028,3,W
12235,78033,78036,3,E
12236,78037,78040,3,S
12237,78053,78056,3,W
12238,78068,78068,0,E
12239,78070,78072,2,N
12240,78081,78084,3,W
12241,78095,78096,1,S
12242,78103,78104,1,E
12243,78109,78112,3,W
12244,78123,78124,1,N
12245,78137,78140,3,W
12246,78138,78144,6,E
12247,78153,78156,3,S
12248,78165,78168,3,W
12249,78173,78176,3,E
12250,78176,78180,4,N
12251,78193,78196,3,W
12252,78208,78208,0,E
12253,78211,78212,1,S
12254,78221,78224,3,W
12255,78229,78232,3,N
12256,78243,78244,1,E
12257,78249,78252,3,W
12258,78269,78272,3,S
12259,78277,78280,3,W
12260,78278,78284,6,E
12261,78282,78288,6,N
12262,78305,78308,3,W
12263,78313,78316,3,E
12264,78327,78328,1,S
12265,78333,78336,3,W
12266,78335,78340,5,N
12267,78348,78348,0,E
12268,78361,78364,3,W
12269,78383,78384,1,E
12270,78385,78388,3,S
12271,78388,78392,4,N
12272,78389,78396,7,W
12273,78417,78420,3,W
12274,78418,78424,6,E
12275,78441,78444,3,N
12276,78443,78448,5,S
12277,78445,78452,7,W
12278,78453,78456,3,E
12279,78473,78476,3,W
12280,78488,78488,0,E
12281,78494,78496,2,N
12282,78501,78504,3,S
12283,78501,78508,7,W
12284,78523,78524,1,E
12285,78529,78532,3,W
12286,78547,78548,1,N
12287,78557,78560,3,W
12288,78558,78564,6,E
12289,78559,78568,9,S
12290,78585,78588,3,W
12291,78593,78596,3,E
12292,78600,78600,0,N
12293,78613,78616,3,W
12294,78617,78620,3,S
12295,78628,78628,0,E
12296,78641,78644,3,W
12297,78653,78656,3,N
12298,78663,78664,1,E
12299,78669,78672,3,W
12300,78675,78676,1,S
12301,78697,78700,3,W
12302,78698,78704,6,E
12303,78706,78708,2,N
12304,78725,78728,3,W
12305,78733,78736,3,S
12306,78733,78740,7,E
12307,78753,78756,3,W
12308,78759,78760,1,N
12309,78768,78768,0,E
12310,78781,78784,3,W
12311,78791,78792,1,S
12312,78803,78804,1,E
12313,78809,78812,3,W
12314,78812,78816,4,N
12315,78837,78840,3,W
12316,78838,78844,6,E
12317,78849,78852,3,S
12318,78865,78868,3,N
12319,78865,78872,7,W
12320,78873,78876,3,E
12321,78893,78896,3,W
12322,78907,78908,1,S
12323,78908,78912,4,E
12324,78918,78920,2,N
12325,78921,78924,3,W
12326,78943,78944,1,E
12327,78949,78952,3,W
12328,78965,78968,3,S
12329,78971,78972,1,N
12330,78977,78980,3,W
12331,78978,78984,6,E
12332,79005,79008,3,W
12333,79013,79016,3,E
12334,79023,79024,1,S
12335,79024,79028,4,N
12336,79033,79036,3,W
12337,79048,79048,0,E
12338,79061,79064,3,W
12339,79077,79080,3,N
12340,79081,79084,3,S
12341,79083,79088,5,E
12342,79089,79092,3,W
12343,79117,79120,3,W
12344,79118,79124,6,E
12345,79130,79132,2,N
12346,79139,79140,1,S
12347,79145,79148,3,W
12348,79153,79156,3,E
12349,79173,79176,3,W
12350,79183,79184,1,N
12351,79188,79188,0,E
12352,79197,79200,3,S
12353,79201,79204,3,W
12354,79223,79224,1,E
12355,79236,79236,0,N
12356,79240,79240,0,W
12357,79255,79256,1,S
12358,79271,79272,1,E
12359,79279,79280,1,W
12360,79308,79308,0,N
12361,79318,79320,2,W
12362,79319,79324,5,E
12363,79334,79336,2,S
12364,79357,79360,3,W
12365,79367,79368,1,E
12366,79380,79380,0,N
12367,79396,79396,0,W
12368,79413,79416,3,S
12369,79415,79420,5,E
12370,79435,79436,1,W
12371,79452,79452,0,N
12372,79463,79464,1,E
12373,79474,79476,2,W
12374,79492,79492,0,S
12375,79511,79512,1,E
12376,79513,79516,3,W
12377,79524,79524,0,N
12378,79552,79552,0,W
12379,79559,79560,1,E
12380,79571,79572,1,S
12381,79591,79592,1,W
12382,79596,79596,0,N
12383,79607,79608,1,E
12384,79630,79632,2,W
12385,79650,79652,2,S
12386,79655,79656,1,E
12387,79668,79668,0,N
12388,79669,79672,3,W
12389,79703,79704,1,E
12390,79708,79708,0,W
12391,79729,79732,3,S
12392,79740,79740,0,N
12393,79747,79748,1,W
12394,79751,79752,1,E
12395,79786,79788,2,W
12396,79799,79800,1,E
12397,79808,79808,0,S
12398,79812,79812,0,N
12399,79825,79828,3,W
12400,79847,79848,1,E
12401,79864,79864,0,W
12402,79884,79884,0,N
12403,79887,79888,1,S
12404,79895,79896,1,E
12405,79903,79904,1,W
12406,79942,79944,2,W
12407,79943,79948,5,E
12408,79956,79956,0,N
12409,79966,79968,2,S
12410,79981,79984,3,W
12411,79991,79992,1,E
12412,80020,80020,0,W
12413,80028,80028,0,N
12414,80039,80040,1,E
12415,80045,80048,3,S
12416,80059,80060,1,W
12417,80087,80088,1,E
12418,80098,80100,2,W
12419,80100,80104,4,N
12420,80124,80124,0,S
12421,80135,80136,1,E
12422,80137,80140,3,W
12423,80172,80172,0,N
12424,80176,80176,0,W
12425,80183,80184,1,E
12426,80203,80204,1,S
12427,80215,80216,1,W
12428,80231,80232,1,E
12429,80244,80244,0,N
12430,80254,80256,2,W
12431,80279,80280,1,E
12432,80282,80284,2,S
12433,80293,80296,3,W
12434,80316,80316,0,N
12435,80327,80328,1,E
12436,80332,80332,0,W
12437,80361,80364,3,S
12438,80371,80372,1,W
12439,80375,80376,1,E
12440,80388,80388,0,N
12441,80410,80412,2,W
12442,80423,80424,1,E
12443,80440,80440,0,S
12444,80449,80452,3,W
12445,80460,80460,0,N
12446,80471,80472,1,E
12447,80488,80488,0,W
12448,80519,80520,1,S
12449,80519,80524,5,E
12450,80527,80528,1,W
12451,80532,80532,0,N
12452,80566,80568,2,W
12453,80567,80572,5,E
12454,80598,80600,2,S
12455,80604,80604,0,N
12456,80605,80608,3,W
12457,80615,80616,1,E
12458,80644,80644,0,W
12459,80663,80664,1,E
12460,80676,80676,0,N
12461,80677,80680,3,S
12462,80683,80684,1,W
12463,80711,80712,1,E
12464,80722,80724,2,W
12465,80748,80748,0,N
12466,80756,80756,0,S
12467,80759,80760,1,E
12468,80761,80764,3,W
12469,80800,80800,0,W
12470,80807,80808,1,E
12471,80820,80820,0,N
12472,80835,80836,1,S
12473,80839,80840,1,W
12474,80855,80856,1,E
12475,80878,80880,2,W
12476,80892,80892,0,N
12477,80903,80904,1,E
12478,80914,80916,2,S
12479,80917,80920,3,W
12480,80951,80952,1,E
12481,80956,80956,0,W
12482,80964,80964,0,N
12483,80993,80996,3,S
12484,80995,81000,5,W
12485,80999,81004,5,E
12486,81034,81036,2,W
12487,81036,81040,4,N
12488,81047,81048,1,E
12489,81072,81072,0,S
12490,81073,81076,3,W
12491,81095,81096,1,E
12492,81108,81108,0,N
12493,81112,81112,0,W
12494,81143,81144,1,E
12495,81151,81152,1,S
12496,81151,81156,5,W
12497,81180,81180,0,N
12498,81190,81192,2,W
12499,81191,81196,5,E
12500,81229,81232,3,W
12501,81230,81236,6,S
12502,81239,81240,1,E
12503,81252,81252,0,N
12504,81268,81268,0,W
12505,81287,81288,1,E
12506,81307,81308,1,W
12507,81309,81312,3,S
12508,81324,81324,0,N
12509,81335,81336,1,E
12510,81346,81348,2,W
12511,81383,81384,1,E
12512,81385,81388,3,W
12513,81388,81392,4,S
12514,81396,81396,0,N
12515,81424,81424,0,W
12516,81431,81432,1,E
12517,81463,81464,1,W
12518,81467,81468,1,S
12519,81468,81472,4,N
12520,81479,81480,1,E
12521,81502,81504,2,W
12522,81527,81528,1,E
12523,81540,81540,0,N
12524,81541,81544,3,W
12525,81546,81548,2,S
12526,81575,81576,1,E
12527,81580,81580,0,W
12528,81612,81612,0,N
12529,81619,81620,1,W
12530,81623,81624,1,E
12531,81625,81628,3,S
12532,81658,81660,2,W
12533,81671,81672,1,E
12534,81684,81684,0,N
12535,81697,81700,3,W
12536,81704,81704,0,S
12537,81719,81720,1,E
12538,81736,81736,0,W
12539,81756,81756,0,N
12540,81767,81768,1,E
12541,81775,81776,1,W
12542,81783,81784,1,S
12543,81814,81816,2,W
12544,81815,81820,5,E
12545,81828,81828,0,N
12546,81853,81856,3,W
12547,81862,81864,2,S
12548,81863,81868,5,E
12549,81892,81892,0,W
12550,81900,81900,0,N
12551,81911,81912,1,E
12552,81931,81932,1,W
12553,81941,81944,3,S
12554,81959,81960,1,E
12555,81970,81972,2,W
12556,81972,81976,4,N
12557,82007,82008,1,E
12558,82009,82012,3,W
12559,82020,82020,0,S
12560,82044,82044,0,N
12561,82048,82048,0,W
12562,82055,82056,1,E
12563,82087,82088,1,W
12564,82099,82100,1,S
12565,82103,82104,1,E
12566,82116,82116,0,N
12567,82126,82128,2,W
12568,82151,82152,1,E
12569,82165,82168,3,W
12570,82178,82180,2,S
12571,82188,82188,0,N
12572,82199,82200,1,E
12573,82204,82204,0,W
12574,82243,82244,1,W
12575,82247,82248,1,E
12576,82257,82260,3,S
12577,82260,82264,4,N
12578,82282,82284,2,W
12579,82295,82296,1,E
12580,82321,82324,3,W
12581,82332,82332,0,N
12582,82336,82336,0,S
12583,82343,82344,1,E
12584,82360,82360,0,W
12585,82391,82392,1,E
12586,82399,82400,1,W
12587,82404,82404,0,N
12588,82415,82416,1,S
12589,82438,82440,2,W
12590,82439,82444,5,E
12591,82476,82476,0,N
12592,82477,82480,3,W
12593,82487,82488,1,E
12594,82494,82496,2,S
12595,82516,82516,0,W
12596,82535,82536,1,E
12597,82548,82548,0,N
12598,82555,82556,1,W
12599,82573,82576,3,S
12600,82583,82584,1,E
12601,82594,82596,2,W
12602,82620,82620,0,N
12603,82631,82632,1,E
12604,82633,82636,3,W
12605,82652,82652,0,S
12606,82672,82672,0,W
12607,82679,82680,1,E
12608,82692,82692,0,N
12609,82711,82712,1,W
12610,82727,82728,1,E
12611,82731,82732,1,S
12612,82750,82752,2,W
12613,82764,82764,0,N
12614,82775,82776,1,E
12615,82789,82792,3,W
12616,82810,82812,2,S
12617,82823,82824,1,E
12618,82828,82828,0,W
12619,82836,82836,0,N
12620,82885,82888,3,W
12621,82895,82896,1,E
12622,82928,82928,0,S
12623,82942,82944,2,W
12624,82943,82948,5,N
12625,82967,82968,1,E
12626,82999,83000,1,W
12627,83039,83040,1,E
12628,83046,83048,2,S
12629,83050,83052,2,N
12630,83056,83056,0,W
12631,83111,83112,1,E
12632,83113,83116,3,W
12633,83157,83160,3,N
12634,83164,83164,0,S
12635,83170,83172,2,W
12636,83183,83184,1,E
12637,83227,83228,1,W
12638,83255,83256,1,E
12639,83264,83264,0,N
12640,83282,83284,2,S
12641,83284,83288,4,W
12642,83327,83328,1,E
12643,83341,83344,3,W
12644,83371,83372,1,N
12645,83398,83400,2,W
12646,83399,83404,5,E
12647,83400,83408,8,S
12648,83455,83456,1,W
12649,83471,83472,1,E
12650,83478,83480,2,N
12651,83512,83512,0,W
12652,83518,83520,2,S
12653,83543,83544,1,E
12654,83569,83572,3,W
12655,83585,83588,3,N
12656,83615,83616,1,E
12657,83626,83628,2,W
12658,83636,83636,0,S
12659,83683,83684,1,W
12660,83687,83688,1,E
12661,83692,83692,0,N
12662,83740,83740,0,W
12663,83754,83756,2,S
12664,83759,83760,1,E
12665,83797,83800,3,W
12666,83799,83804,5,N
12667,83831,83832,1,E
12668,83854,83856,2,W
12669,83872,83872,0,S
12670,83903,83904,1,E
12671,83906,83908,2,N
12672,83911,83912,1,W
12673,83968,83968,0,W
12674,83975,83976,1,E
12675,83990,83992,2,S
12676,84013,84016,3,N
12677,84025,84028,3,W
12678,84047,84048,1,E
12679,84082,84084,2,W
12680,84108,84108,0,S
12681,84119,84120,1,E
12682,84120,84124,4,N
12683,84139,84140,1,W
12684,84191,84192,1,E
12685,84196,84196,0,W
12686,84226,84228,2,S
12687,84227,84232,5,N
12688,84253,84256,3,W
12689,84263,84264,1,E
12690,84310,84312,2,W
12691,84334,84336,2,N
12692,84335,84340,5,E
12693,84344,84344,0,S
12694,84367,84368,1,W
12695,84407,84408,1,E
12696,84424,84424,0,W
12697,84441,84444,3,N
12698,84462,84464,2,S
12699,84479,84480,1,E
12700,84481,84484,3,W
12701,84538,84540,2,W
12702,84548,84548,0,N
12703,84551,84552,1,E
12704,84580,84580,0,S
12705,84595,84596,1,W
12706,84623,84624,1,E
12707,84652,84652,0,W
12708,84655,84656,1,N
12709,84695,84696,1,E
12710,84698,84700,2,S
12711,84709,84712,3,W
12712,84762,84764,2,N
12713,84766,84768,2,W
12714,84767,84772,5,E
12715,84816,84816,0,S
12716,84823,84824,1,W
12717,84839,84840,1,E
12718,84869,84872,3,N
12719,84880,84880,0,W
12720,84911,84912,1,E
12721,84934,84936,2,S
12722,84937,84940,3,W
12723,84976,84976,0,N
12724,84983,84984,1,E
12725,84994,84996,2,W
12726,85051,85052,1,W
12727,85052,85056,4,S
12728,85055,85060,5,E
12729,85083,85084,1,N
12730,85108,85108,0,W
12731,85127,85128,1,E
12732,85165,85168,3,W
12733,85170,85172,2,S
12734,85190,85192,2,N
12735,85199,85200,1,E
12736,85222,85224,2,W
12737,85271,85272,1,E
12738,85279,85280,1,W
12739,85288,85288,0,S
12740,85297,85300,3,N
12741,85336,85336,0,W
12742,85343,85344,1,E
12743,85393,85396,3,W
12744,85404,85404,0,N
12745,85406,85408,2,S
12746,85415,85416,1,E
12747,85450,85452,2,W
12748,85487,85488,1,E
12749,85507,85508,1,W
12750,85511,85512,1,N
12751,85524,85524,0,S
12752,85559,85560,1,E
12753,85564,85564,0,W
12754,85618,85620,2,N
12755,85621,85624,3,W
12756,85631,85632,1,E
12757,85642,85644,2,S
12758,85678,85680,2,W
12759,85703,85704,1,E
12760,85725,85728,3,N
12761,85735,85736,1,W
12762,85760,85760,0,S
12763,85775,85776,1,E
12764,85792,85792,0,W
12765,85832,85832,0,N
12766,85847,85848,1,E
12767,85849,85852,3,W
12768,85878,85880,2,S
12769,85906,85908,2,W
12770,85919,85920,1,E
12771,85939,85940,1,N
12772,85963,85964,1,W
12773,85991,85992,1,E
12774,85996,85996,0,S
12775,86020,86020,0,W
12776,86046,86048,2,N
12777,86063,86064,1,E
12778,86077,86080,3,W
12779,86114,86116,2,S
12780,86134,86136,2,W
12781,86135,86140,5,E
12782,86153,86156,3,N
12783,86191,86192,1,W
12784,86207,86208,1,E
12785,86232,86232,0,S
12786,86248,86248,0,W
12787,86260,86260,0,N
12788,86279,86280,1,E
12789,86305,86308,3,W
12790,86350,86352,2,S
12791,86351,86356,5,E
12792,86362,86364,2,W
12793,86367,86368,1,N
